-2.418366072108018443e+02 5.272186315430938919e+01
1.307236500001100126e+02 -4.077205021221715810e+02
6.630473335769100629e+01 1.741364638893971062e+02
8.616371955165362806e+01 3.774836664212647293e+02
-1.895037386974303217e+02 -1.385962624317746190e+02
-3.998555565788117860e+02 -1.225379449719588933e+02
3.386916663345410825e+02 -7.427286509790530999e+01
-3.094509696275559918e+02 2.815276170751673135e+02
-8.276791388699496110e+01 -3.803543995910166586e+02
2.915882960974861362e+02 3.157998473590505455e+02
3.628539614275146619e+02 -2.899296753625789052e+02
-1.143716007457204569e+02 2.039537925774847338e+02
-5.609495359666900072e+01 1.122066097712247768e+01
1.190308323064102751e+02 -2.625930252256809894e+01
1.723872278907632563e+02 -2.047330005666653960e+02
-1.263157003866071548e+01 -1.879294943620331537e+02
2.421249526418271216e+02 1.142972305679141840e+02
4.511103856521326065e+02 1.106892794792322547e+02
-4.417647014235690790e+02 9.929819292786289964e+01
-2.893707650807399432e+02 -3.237970931264243291e+02
-1.233310483731757330e+02 4.150019257262912902e+02
