3.494769982572845546e+00 -5.813652306584522478e-01
2.322942116990767580e+00 1.683241719998723296e+00
2.121435761766220285e+00 3.434126297586758206e-03
2.104840750087790813e+00 -7.050543694801684191e-01
-2.524683217986575468e+00 -5.466184363382698974e-01
1.840690018210407120e+00 6.895730300603555296e-01
-4.129754693199915394e+00 -9.770898926828549547e-01
1.576963673610479066e+00 2.677522424338496077e+00
2.638093395007478303e+00 -7.197027014549353119e-01
1.858853323481194142e+00 1.492677766874481948e+00
3.239171387231021271e+00 -4.717556410963027469e-01
-3.079168603913168933e+00 -1.390905098648806737e+00
-3.028374747888670004e+00 2.828651449608464083e-02
3.082463209101642398e+00 -1.005650782787334219e+00
2.503900821234635199e+00 -9.286050753452911311e-01
2.796601898108637130e+00 -1.024044094862158971e+00
-1.986763658255003673e+00 -1.381843602157796669e+00
3.170132358151424690e+00 -5.613260095812730999e-01
2.028097696052904464e+00 1.142406608764212850e+00
1.569099512424332765e+00 -1.381861637086556904e-01
-4.402187718974648334e+00 1.300076172663405527e-01
-1.854688116215792659e+00 -1.000013052810419190e+00
1.605360462910849328e+00 2.780571813131232695e+00
-2.984449236134122607e+00 -2.011747951313063165e+00
-3.015618906233603624e+00 -1.056716255449627884e+00
2.919996869177049259e+00 1.300846706703506772e+00
-3.765836256986775599e+00 -1.891678788097786779e+00
3.043402577529399800e+00 6.375740619166818668e-01
-3.924881357996441444e+00 -1.294720951571003642e+00
-3.717236077196226951e+00 -8.778465847683182277e-01
1.909007443184514319e+00 2.755390750548797563e+00
-3.148437395112449355e+00 -4.293168080061866565e-01
2.548671870491422187e+00 5.050674460615725003e-01
-3.947908381543525635e+00 -1.897001133283805263e+00
2.812519100665232141e+00 9.024363721440071817e-01
-2.963146704984862545e+00 -1.167856351860650621e+00
1.892462620878089696e+00 1.992696349868189332e+00
-3.601947413277945209e+00 -2.641459923086579287e-01
1.552866408009052623e+00 2.759623859115948097e+00
-4.402786760721411952e+00 1.834945842797891802e-01
1.845525989743748818e+00 6.583392164058121665e-01
