-1.086543115412348603e+00 -4.267737678867595363e+00
-3.001609078117365659e+00 -1.380313946939046410e+00
-1.000231173628431280e+00 -2.316792189592792539e+00
-2.091585478116026742e-01 -2.754611563170435762e+00
2.215258959667020910e+00 2.774408269153592510e+00
-1.648047783423645996e+00 -1.603668023811954724e+00
-2.844292580154132111e+00 -2.008875376258121292e+00
3.369795144218737271e+00 4.028778230440543950e+00
2.093062099636458839e+00 3.170721562697542684e+00
-3.794822763254452447e+00 -1.394243545390721761e-01
-2.211880859789650822e-01 -3.446590410513134639e+00
-2.568209382092131232e+00 -1.055495461376274591e+00
-2.898920236210670076e+00 9.422270295289889019e-02
-1.232734109732555483e+00 -3.894849247481732668e+00
3.374618373259259840e+00 2.863517359042786481e+00
2.027571504047266604e+00 3.886800474383224735e+00
-4.656286796301231656e-01 -4.079139663804482119e+00
-3.265273130139192959e-01 -3.322388692957135348e+00
-2.996127353592686893e-01 -3.799895513321539742e+00
2.860049542160241653e+00 1.782659890497395150e+00
-1.010000433483079663e+00 -3.901268058654232540e+00
-2.218544047772067707e+00 -1.456813389554520777e+00
-5.453023840535219380e-01 -1.816485984325432401e+00
2.811101328081228701e+00 5.086116987862865813e+00
2.415812129282090215e+00 1.841988330703329346e+00
-3.970574420029341578e+00 -1.236558842930817054e-01
3.921357635642175321e+00 2.461664487590199624e+00
2.965944925467513205e+00 2.948405273539041360e+00
-2.990791896956022100e+00 -2.331653211492715538e+00
4.218894504951829383e+00 3.298288247072785229e+00
-2.382238298516090591e+00 -2.928729890881186737e+00
3.695951052229740519e+00 3.718837511851177613e+00
3.115038911536640143e+00 3.713452689937976725e+00
-4.057906114577674472e+00 -4.848010668396117162e-01
1.939019876382426677e+00 3.297918119173456564e+00
-1.863367886605696411e+00 -2.464681503014826358e+00
4.305167247738334702e+00 3.462127500211959585e+00
-2.481512127290724568e+00 -2.454379399287965224e+00
3.033971149529014699e+00 2.888546771858515605e+00
-1.237291767277164167e+00 -2.686133724220341357e+00
-3.146521347892800247e+00 -7.950172462568420029e-01
2.584395935543441603e+00 4.079813343665013470e+00
-3.864525933408319958e+00 -7.298088745886753548e-02
2.780297487495590580e+00 5.119776916185558413e+00
-7.508752104856105669e-01 -3.289909933073850823e+00
-1.610330354701287270e+00 -1.641752366833072019e+00
