2.232496408505207341e+02 2.391312664560920211e+02
-1.768286367884569472e+02 -2.084355649861382531e+01
-7.208477716569831273e+01 -7.119057164803578530e+00
1.569306891440798211e+02 2.937341368919184603e+01
7.522169224334230364e+01 -6.163059287147368792e+01
2.003190297156390329e+02 -6.641775003064887528e+01
-2.838512977798790757e+02 5.018021241242622210e+01
3.115332802792187863e+02 -7.666000336463200426e+01
9.191202849515214268e+01 1.835127257902009887e+02
6.644094991806406370e+01 7.328660958467318665e+01
-8.194993168738972145e+01 1.439155410915012112e+02
2.630772358907274224e+02 2.889698360343030004e+01
1.222649778246565972e+02 -1.654751293094882101e+02
3.168959842576809933e+02 1.448183987377206279e+02
-1.588149604605089564e+02 -2.496031961879688481e+02
-1.641705996684208344e+02 2.130973432361009259e+02
-3.017662822116764119e+02 1.584406377085514919e+02
-1.813487427881355813e+02 7.954661878802684782e+01
-3.085077496102302916e+02 -5.051031788589088478e+01
-2.095655718823019811e+02 -1.221375831404177603e+02
-7.862293659214262220e+01 -1.178242993231139621e+02
-3.806341950826878247e+02 -1.160361214797963925e+02
1.989839608696136111e+02 1.272008818954878535e+02
3.898319823276342504e+02 2.938124412393128537e+01
2.503643466815705665e+02 -2.056509821533113893e+02
-2.688801167803716794e+02 -2.408732877071753933e+02
