4.143234431263789652e+00 -1.747780770002298922e+01
-7.142906678537998211e+00 -1.398069345428660171e+01
1.191843722911901660e+00 -9.609027314277875931e+00
2.612941983655283185e+00 8.422014620584858946e+00
-3.910006270474015277e+00 -5.374169650981619029e+00
8.403956018272481288e+00 1.458998440740620417e+01
5.265752789157195579e+00 -9.893688083813584555e+00
-6.321422811606097980e+00 -1.047866553739525841e+01
8.252154023528962767e+00 -1.593736302829322860e+01
-1.134770393394613164e+00 1.153415170338217166e+01
-1.863074208932709031e-01 1.810662776196199175e+01
4.815231157314838306e+00 -1.334940519090411826e+01
5.488227343329959318e+00 -6.054441436276098543e+00
9.221222975172873149e+00 -8.142960477673375053e+00
-2.753427756674096560e+00 6.990855372095596820e+00
9.003027056290513030e+00 -1.214122905193955226e+01
-3.961820700462853839e+00 -1.655970876784051171e+01
7.532426372395000236e-01 -5.030967127665927130e+00
-1.440119126170066988e+00 2.306151707708120213e+01
7.692212157485446289e-01 4.935306930615233512e+00
-1.027295790261726438e+01 -1.775210016709548455e+01
-5.368178284727001426e+00 1.154737394571590592e+01
3.465947343890934285e+00 1.208808052746956996e+01
-8.292433404291923438e+00 -6.976773472220656913e+00
3.904738668812659963e+00 2.078736980385784960e+01
3.062569438819537915e-01 -1.475103879780643013e+01
4.240034690164267595e+00 1.621086874867210881e+01
7.348736813402721779e+00 1.033473830250430581e+01
7.276474444012399623e+00 2.023057620108485466e+01
-2.555827262584463799e+00 -1.239561499432769054e+01
9.175520593013503090e-01 1.420112144347813476e+01
-1.051161431995783424e+01 -1.140365085585042060e+01
-3.580318004042799540e+00 1.645080632298284939e+01
-1.286101710363019102e+01 -1.514733780008463704e+01
-4.502651546199174959e+00 2.153414575003152720e+01
-2.584017331088454661e+00 -8.568896010168304045e+00
