5.770338296746046325e+01 -4.354394063516022584e+01
3.662780061996351577e+01 1.172344439757480927e+01
-3.335675504407791436e+01 9.201310580002498796e+00
1.464002144625862378e+01 -8.570081685717072517e+00
-5.985426397198776982e+01 -2.757244287908215696e+01
8.064784593018534053e+01 2.548016552936138268e+01
3.855714854201795561e+01 -3.280369661723142372e+01
6.043165121030721565e+01 1.330671724169624959e+01
-6.227938594996069810e+01 1.976200385535348403e+01
5.266779905113754978e+01 3.333348792506438940e+01
7.059320763277655431e+01 4.757320450138965384e+01
4.645330606208119661e+01 5.656457722981384961e+01
-4.332824524802935429e+01 4.038873320511855525e+01
2.998604024402131429e+01 3.838751182118493688e+01
1.453496200783953185e+01 -3.188812888878706175e+01
1.294056215394316744e+01 1.633545904051780795e+01
-8.843159871724689935e+01 -3.559053917136065337e+01
-2.300634203760974827e+01 2.954782158395559222e+01
-7.316446516241246911e+01 4.143113940359985747e+01
-5.414227248873394416e+01 1.025598863708168995e+00
7.735608948838577703e+01 -2.925929885999099866e+01
-8.681192092509604663e+01 1.944803791201469778e+01
8.098575480422708495e+01 -3.901059662836661612e+00
-7.570654809300113186e+01 -7.162885614506871335e+00
-3.792257658864834013e+01 -1.824999317322006931e+01
-1.010838728354648168e+02 5.736896064997426770e+00
5.828867614609954728e+01 -1.368282771635972317e+01
2.770269620216803119e+01 -5.412425691065063660e+01
4.762822174155218136e+01 -6.858751799213014522e+01
-1.044156157075756255e+02 -2.379276740226345055e+01
3.575869651941968641e+01 -1.051667194605625433e+01
