-2.428782225609325565e+02 5.235602873714055505e+01
1.322954465254235004e+02 -4.090608850623361263e+02
6.471790695924995873e+01 1.740221193408572162e+02
8.891368908793731407e+01 3.766896089551565296e+02
-1.906111239108095958e+02 -1.392342466990195362e+02
-4.012530424572663037e+02 -1.228040713664452568e+02
3.355888324760391015e+02 -7.336370073598175168e+01
-3.097037137560708402e+02 2.837628028848244526e+02
-8.189787581161266417e+01 -3.810052798959823690e+02
2.952718317285507510e+02 3.164843152559315627e+02
3.645031514200039169e+02 -2.877782748267773627e+02
-1.159636807158554035e+02 2.038611662816012995e+02
-5.685499944256228844e+01 1.081623346826485843e+01
1.188225384944326350e+02 -2.605849569365487639e+01
1.714703523611536866e+02 -2.059274533048910598e+02
-1.332536210834773094e+01 -1.879337325654742870e+02
2.413356688660858254e+02 1.165674956514498177e+02
4.516412390801341985e+02 1.078601868068942622e+02
-4.421409374641723389e+02 1.005035983458958952e+02
-2.893785701083518234e+02 -3.249041346212628127e+02
-1.205531286630293977e+02 4.151467190438088437e+02
