3.584556653632354255e+02 1.526627875443109872e+02
-1.471698088974038967e+02 2.260654026084089878e+02
-2.153265776037598584e+02 -1.986974459951731262e+02
1.746366060493636212e+02 -1.176798267515946179e+02
2.309385042208519110e+02 2.447775423474926981e+02
8.915493237288372086e+01 -3.138797439634857938e+02
-2.441699786028644326e+02 1.200030854701955896e+01
2.555360946302466232e+02 -2.363847393708419418e+02
8.582922661994754776e+01 -1.125549766516660988e+01
-5.388740090714058084e+01 -3.721660391898061082e+00
-3.389238998542386412e+02 1.418340068031518797e+02
1.019702762087940151e+01 -1.708505517492367858e+02
3.511135956339734889e+02 -4.292595703252139572e+01
6.411222974738782909e+01 1.648637269817360504e+02
-3.151586168820155720e+01 4.673080263962650065e+02
-3.011026167538136065e+02 2.955761469882143047e+02
3.251781031510292337e+02 -4.403725332811779367e+02
-3.554520313752407787e+02 -8.137862904094626515e+01
-5.326794010986714056e+02 -1.326005969035487624e+02
-3.887107943523955100e+02 -2.606469971888127475e+02
-2.086243674180022936e+02 -3.691418048438987967e+02
-5.220464298442007021e+02 3.412063937259146229e+01
2.262407816379304961e+02 6.278022453801943215e+01
5.074548286868661080e+02 1.322295078204542733e+02
5.271678549914084897e+02 -4.760837484829951904e+01
1.335937176699294184e+02 4.929260390789379471e+02
