-1.191003211103494941e+01 -1.570027704841190186e+01
-3.006696244385998895e+01 1.299962299321596682e+01
-3.622817103788234050e+01 -7.090967018372122510e+00
1.862871013738697457e+01 2.266952163260520070e+00
-3.334175284673323603e+01 2.971770545501944305e+00
4.011698545239385538e+01 1.982063875888909976e+01
-3.137552606366417862e+01 -1.745126214664268716e+01
-3.388100342319002323e+01 2.195405603196405409e+01
-2.197464044888950951e+01 -1.686922814883820365e+01
3.606077324643018045e+01 -5.627620115109528420e+00
2.101249926551584579e+01 1.186197791872749363e+01
-1.667665937486703953e+01 -2.619913313918207720e+01
-4.170626407265734770e+01 -1.696250364175335434e+01
-2.683962797551247448e+01 -2.773599573330374568e+01
2.004454395291940472e+01 -1.560528395445276217e+01
-3.675820266703643568e+01 -2.683294537937717550e+01
-1.675243731689610271e+01 9.683890186697293956e+00
-2.593773133908456430e+01 -6.463237461279084606e+00
5.198314758853647533e+01 1.345244378252031936e+01
1.305712628197588288e+01 -7.043547743776531256e+00
-1.293554942671982033e+01 2.521746415160017918e+01
3.514461751758673103e+01 -1.663551651020006972e+01
3.015944226360994662e+01 1.995735293025582946e+00
-4.146142938574293169e+01 1.192616911693636794e+01
4.651487186132256824e+01 -4.855920332290019736e+00
-1.494349932208870335e+01 -2.897316834433776744e+00
4.096957399624645291e+01 5.699162549344922724e+00
2.812487350366628647e+01 2.185956562276907889e+01
4.839659579658462008e+01 -1.326735195988953997e+01
-4.432173382640871040e+01 1.369315785004037167e+00
2.669275081184363785e+01 -6.161300170676689447e+00
-2.265222813054425544e+01 1.923891711019043527e+01
3.256395302241183742e+01 1.140889560052838014e+01
-2.115070724073839514e+01 3.040116652864279700e+01
5.595538241427865245e+01 5.783249997550289123e+00
-2.451168865915832740e+01 3.488413201620523374e+00
