-1.183601577830622631e+01 -2.313857799718833652e-01
1.929890071276217700e+00 -6.117253410897936838e+00
2.517429206653025719e+00 9.901839860314677111e+00
-8.366265306398954493e+00 -1.531230497063688745e+01
1.658477887192071876e+01 9.545369865037264034e+00
2.949559813794816243e+00 -1.355433563897531535e+01
-1.508751720240341498e+01 -5.901159019610566325e+00
-5.009636363226591449e+00 -2.370491596187671846e+01
5.897377071930512749e+00 1.795046395490805935e+01
9.295877569246252747e+00 -1.229037476309921750e+01
-1.010007767787944211e+00 -1.818914074458341190e+01
2.282769610247765257e+00 -2.427954222613314172e+01
-2.023350900178008338e+00 1.732180110922232785e+01
7.002229753791273659e+00 -1.936122408457976363e+01
-1.325412449296048045e+01 -1.994038886357882134e+01
-2.103874382988498581e+01 -9.564901513603306427e+00
2.085529442528539334e+01 2.420622302611115373e+01
-3.770031540441141527e+00 1.081577699687283278e+01
1.374998623413427090e+01 1.655082881178453391e+01
8.310127072884890609e+00 1.266475611865200079e+01
-5.089550220158188587e+00 -2.620970294832563940e+00
1.183341103022686625e+01 2.259060139465988115e+01
-3.323873673509349036e+00 -1.058638749117244693e+01
4.620839241182965296e+00 2.430105455257622538e+01
1.007239230363073368e+01 6.003663119144832194e+00
1.219363403193980488e+01 2.825432514013023066e+01
-8.671729550064631198e+00 -7.894454039894787556e+00
-2.006158214945742913e+01 -1.674751658348740335e+01
-2.057628147303283939e+01 -9.725363532346025658e-03
2.277776830683533760e+01 1.877177599388212670e+01
-1.375465436717066403e+01 -1.257249919282957329e+01
