2.015728966210875939e+01 2.913051585802194143e+00
3.968942432070600290e+01 -4.408617380277836162e+01
4.458629596498727210e+01 -1.542373634002422733e+01
-2.262898895798298327e+01 1.469784292969327133e+01
2.439912897257755375e+01 -2.062404534653689581e+01
-3.779981082067507714e+01 5.085350851319851984e+00
4.309570957685284043e+01 -1.846357241053152798e+00
4.551124923681656043e+01 -3.183402379014899708e+01
4.167843036169722382e+01 1.439146059788345511e+01
-3.609393401769391829e+01 3.267137133518951941e+01
-5.835396910634728584e+01 2.420777277030056140e+01
5.550106402457013388e+01 -4.917276231291156208e+00
3.327619478049391688e+01 3.436685430577700817e+00
2.867475995862536919e+01 1.527070231781566356e+01
-2.003420525245002892e+01 5.263428178536320168e-01
5.206655940784659009e+01 8.005727560345128779e+00
1.981648743068204865e+01 -3.155839115090229896e+01
3.053964602931138117e+01 -9.809377858461800770e+00
-5.969590553933061017e+01 3.423116301904978176e+00
-1.067500227141444569e+01 9.856364383209161417e+00
7.180404522182915805e+00 -4.533747990720211618e+01
-2.594162388357908355e+01 4.294260841417656849e+01
-3.395592936972997933e+01 1.934097220162214015e+01
3.154565602030369931e+01 -3.478728207178370013e+01
-4.085963178888983549e+01 4.529589995517802947e+01
2.478354020781051048e+01 -4.502511175151549594e+01
-4.519827684158815373e+01 2.496099454689329988e+01
-1.319295264703082005e+01 2.762508216688204143e+01
-5.099262724902403221e+01 4.072663939620401408e+01
1.430108120738066546e+01 -1.350489190143881757e+01
-2.643913613028474785e+01 2.746977415920434495e+01
7.683450065499876303e+00 -2.808457764075583896e+01
-4.899202211799302376e+01 1.336487273584661040e+01
-1.865980835943947369e+00 -3.824993778287521451e+01
-6.683947905336451356e+01 1.161835405996752435e+01
3.507310413286913331e+01 -2.274232370110161483e+01
