-1.803287079571087759e+01 9.607207971890639797e+00
-1.515129017019729041e+01 -4.720203036327442203e-01
8.236296202139635980e+00 -7.016590866347012678e+00
-8.865160064344825841e+00 5.697496707188262732e+00
1.970776362474271792e+01 -3.327088769564057635e+00
-1.139015882889142972e+01 -1.119271321352631787e+01
-1.184033732805861661e+01 1.064330394369141075e+01
-5.640400387838798046e+00 -1.071428683135846249e+01
1.458586590889245294e+01 4.196955954670312239e-01
-1.918058272278146248e+01 -5.323384010888001505e+00
-1.262017260715525069e+01 -5.772552472374859356e+00
-6.727683770715792377e+00 -5.249651804877748518e+00
8.206922052494515896e+00 2.248060680622172569e+00
-1.703692708436756220e+01 -1.062081029946546629e+01
-4.201020085272206828e+00 2.297463911226837130e+00
-9.680571564691060615e+00 -5.906083505078926071e-02
2.650995949568514121e+01 -6.676508362430353394e+00
5.094860274449255932e+00 -2.460747244128753231e+00
1.430785430950753678e+01 6.300560690544591225e+00
1.323613245524968463e+01 -4.402322687485766828e+00
-6.204863239134506436e+00 1.271009572481871963e+01
2.025135223212102531e+01 3.790269216654018170e+00
-2.039484706113102419e+01 2.804679597095999011e+00
1.821582987493368933e+01 -8.343747649186855853e+00
1.278942199910699351e+01 -1.118141108280418727e+01
2.461189027205153934e+01 1.163348701331798019e+00
-3.087462408165473793e+00 8.075359716516363306e+00
-1.579772598986290788e+01 1.501775057600421448e+01
-1.070100277824497681e+01 1.837776856272720849e+01
2.470760760625113406e+01 -1.130092194636001324e+01
-1.390867942106125632e+01 4.960756783702109374e+00
