-3.979412772333635218e+01 -2.219617353779614177e+01
-1.883914473023975233e+01 -3.126706834494690668e+01
3.404852950019655822e+00 6.613166130444339785e+01
-4.317398170285965953e-01 -2.375380834549647702e+01
3.193196674758012321e+01 6.814905544061993226e+01
8.711419696665420043e-01 -8.688042463742813482e+01
3.445015049735539403e+00 -4.442510115607673171e+00
-7.406520851659545102e+00 -6.932418333334642568e+01
-1.081207427930936937e+01 5.128535549368401547e+01
3.224899364235924537e+01 -5.922330899849026054e+01
2.252353889561852185e+01 -7.992929036111006269e+01
2.521251474113300972e+01 -3.614374181475520942e+01
-1.269426090104293969e+01 8.623422913409545743e+01
1.180564958008255338e+01 -6.211409961156373782e+01
-2.001385846655310274e+01 -9.392382445177620554e+00
-2.622851715392136285e+01 -4.983625838628895366e+01
4.400853857018148574e+01 2.830681619414269079e+01
9.747088686164843807e+00 8.174686162730313299e+01
-3.762034859941054776e+01 7.282912789600089809e+01
-1.676360981608315726e+01 6.753126908577606002e+01
-4.664904968964889065e+01 -4.546883521138632744e+01
-3.009133499525267297e+01 4.363613768282202443e+01
-3.143525186468277610e+01 -7.006557681077433131e+01
1.394163659461846194e+01 4.920096508600175866e+01
8.371698132628042632e-01 1.050143932399806346e+02
-6.233471086568061814e+00 3.122406460508380377e+01
-8.563357707676274799e+00 -4.842546051045363242e+01
3.068369031498772159e+01 -1.099808757484477795e+01
4.988566425036710683e+01 -3.144896936159594247e+01
2.639618778461087700e+01 2.991822474381036301e+01
6.633018092024919099e+00 -4.029798213270152729e+01
