2.706708464806553707e+02 8.168753519127623974e+01
-1.823642249914616684e+02 1.333483651770765164e+02
-2.040232373571303128e+02 5.338648572649273838e+00
1.267974200394315005e+02 2.162211424310912093e+02
7.684958570685515156e+01 1.332355195291122740e+01
1.338825439201651193e+02 -1.010062160036847558e+02
-3.444869199238252691e+02 -1.255930015783258256e+02
1.887223210735253929e+02 3.137352164060753807e+02
3.996316153561108564e+01 1.399245011227045552e+02
2.606962538560399594e+02 -1.133758010812738348e+02
-2.085594730257047615e+02 -3.206381923280131332e+02
2.524530632304240214e+02 2.087734506546724731e+02
3.700771802731994740e+02 1.369086238495827388e+02
1.541096805242845278e+02 1.063015695914198346e+02
-2.739903278672471032e+01 -3.022732593209448169e+02
-8.291433497410596942e+01 5.999779806305306096e+01
-2.837578070249325037e+02 -2.218367613771560798e+02
-3.194177963130238140e+02 -1.816467392813443027e+01
-9.914269788195933586e+01 -9.309420475890264868e+01
-2.219459466175671025e+02 -1.030453294002078195e+02
-3.060929463601825660e+02 9.934628501130474376e+01
-1.425782043073544116e+02 -1.944607942841397517e+02
2.011526576556015584e+02 2.089991720294674324e-02
3.530997751615727793e+02 -2.387595449025732286e+00
-3.314280745262225825e+00 2.806623887645502577e+02
-2.477587148131005002e+00 -1.997141471957616830e+02
