-3.299697287279307334e-01 3.463709026344756303e+00
1.898698492391413417e+00 2.243645826519918618e+00
2.207929596273283668e-01 2.087512958634195837e+00
-4.834394731176949733e-01 2.088553952698413152e+00
-1.366300392780786632e+00 -2.357762491641625324e+00
8.951106445330272443e-01 1.793358428042800767e+00
-1.431884169984944499e+00 -4.015184370637523870e+00
2.911283528065859549e+00 1.587295771038935266e+00
-4.919764987425768177e-01 2.617069827402898952e+00
1.696183522535920085e+00 1.801797214729060848e+00
-2.317722264921187325e-01 3.209375521880800886e+00
-7.335377305851039642e-01 -3.149340424440632003e+00
-2.050200168717318583e+00 -2.649425482891583084e+00
-7.603046448212950059e-01 3.065084261237946084e+00
-6.974955287373523216e-01 2.490331503015854597e+00
-7.880678328305815716e-01 2.781165779437677621e+00
-4.193407838182534042e-01 -2.110115115237726435e+00
-3.216519567838002081e-01 3.142966613548363597e+00
1.348588808244634230e+00 1.959698519421807950e+00
6.690112332857328648e-02 1.541586634776231479e+00
-2.563296985827455909e+00 -3.933433250211185950e+00
-7.431743730818307636e-01 -1.863025821325879239e+00
2.978981749269182355e+00 1.522279134861021399e+00
-1.144473940849133758e-01 -3.256239234912991609e+00
-1.024886570843021927e+00 -2.986862035991421305e+00
1.530827920983618196e+00 2.846333579446353568e+00
-4.561877726157808066e-01 -3.954773550840954943e+00
8.729131855261387241e-01 2.986955119564640881e+00
-1.076838927091279929e+00 -3.921477355647607244e+00
-1.414989385212874762e+00 -3.595675373269131558e+00
2.792292946597436654e+00 1.376287713417569725e+00
-1.634453500270785398e+00 -2.937007226337221777e+00
7.296943362371217656e-01 2.500625222746074350e+00
-5.076342080051431394e-01 -4.128290825172912903e+00
1.132455608616431908e+00 2.752252340343290360e+00
-9.043966309948793247e-01 -2.969771094039312054e+00
2.201993542385045188e+00 1.832268696398065666e+00
-1.963889257280399869e+00 -3.279675169086193609e+00
2.984427593821354474e+00 1.535554773547189944e+00
-2.615473982419852739e+00 -3.915994174823828722e+00
8.644641617048904880e-01 1.798344577453862225e+00
