-2.442215296096935617e+02 5.106437942345234404e+01
1.347365854894911195e+02 -4.094753792352374830e+02
6.182062581788017042e+01 1.739600026872419107e+02
9.301054990370296593e+01 3.751136204426230734e+02
-1.915243297886528637e+02 -1.403717981933553460e+02
-4.022937638169913157e+02 -1.233263939969647112e+02
3.306016632772996786e+02 -7.139611037960816020e+01
-3.096366644576974068e+02 2.863798894961876726e+02
-8.011883526227117613e+01 -3.813748572438453266e+02
3.001465142504494565e+02 3.165038551429286144e+02
3.663325583671550589e+02 -2.835783290850899334e+02
-1.186503133354096349e+02 2.028081380758056866e+02
-5.813102681726498133e+01 1.010869067621676898e+01
1.177767041722375012e+02 -2.532843608761159615e+01
1.702872458803456936e+02 -2.064956232214598515e+02
-1.392783203908200740e+01 -1.877344966368012535e+02
2.392168286047354684e+02 1.196105885265348263e+02
4.511182241787699354e+02 1.041307738635970992e+02
-4.418721560740505083e+02 1.018519492559092470e+02
-2.885312236769533456e+02 -3.262054955176331532e+02
-1.161398250640002203e+02 4.137550320071096621e+02
