6.228769973977431107e+01 -7.801577041667489709e+01
9.358242867487901151e+01 -1.994269529553907905e+00
5.177039880988153442e+01 -4.924537460490696361e+01
-3.145875783984155305e+01 2.580980308609040819e+01
6.819428195676978532e+01 -3.309602285104400465e+01
-3.552838206587552605e+01 6.956210720943676051e+01
2.453460195196619509e+01 -5.829463836377812669e+01
7.147076754065788862e+01 -9.731643697455558240e+00
4.210120778735669944e+01 -9.457356252450297518e+01
-7.384187534124512808e+01 3.283770773734011073e+01
-6.186553592456919404e+01 8.140140341529797752e+01
4.032582708892306300e+01 -7.129796339637995573e+01
7.121084799280182231e+00 -4.440198206062181185e+01
2.981211616894662075e+00 -6.910196014477105564e+01
-5.220625753881593312e+01 -6.977201774501287979e+00
2.051298943836328093e+01 -8.475954756179588401e+01
9.067007112125867252e+01 -2.682390382727774991e+01
3.276783240201842773e+01 -3.528057783707333073e+01
-1.032540778380367499e+02 7.380360160630549160e+01
-3.038630543768423919e+01 2.022784112162897774e+00
5.987758034936823037e+01 3.360792944358789214e+01
-8.000246158964314702e+01 4.789929795382293243e+00
-5.732706316854231687e+01 1.928153175875102221e+01
4.656327941471475640e+01 2.660827085194282127e+00
-9.712697901853232452e+01 2.345056836596684846e+01
2.626229360078628972e+01 -1.195155093664165591e+01
-5.805235263832398829e+01 5.683623808964879487e+01
-2.317229527136104394e+01 4.970512022100501071e+01
-1.036539139344679370e+02 4.190181384961237399e+01
8.079594414309900685e+01 -5.260056192863437019e+01
-5.130855698851054569e+01 3.741786566730642249e+01
7.404624286863732152e+01 1.152925503940780949e+01
-7.926502131654838479e+01 6.063143565391484913e+01
8.157932326125069267e+01 3.461234992640732600e+01
-9.056900617247900698e+01 8.853514111926811836e+01
5.157377551859686093e+01 -2.225088172647321727e+01
