-7.232796455143750336e+01 -1.268347848364459907e+02
9.039356228640788515e+01 -7.983326122440784900e+01
2.323392867991724842e+01 -1.175952662622111689e+02
-1.205997687683342079e+01 -1.010318197289250577e+02
-7.222335199756783197e+01 7.675228156127661805e+01
6.000638416726019386e+01 -1.327714678446398295e+02
-8.133585910903484262e+01 1.920452907352663203e+02
1.296508054577055304e+02 -1.977273458846970300e+01
1.612954732530374358e+01 -1.620262114328969858e+02
9.013890271963502698e+01 -4.883989647753598717e+01
-8.351435495361229755e+00 -1.379903491329240524e+02
-1.809810555898878803e+01 1.226377220949203917e+02
-1.099893670202166192e+02 8.995283569622650077e+01
-1.874844387269677526e+01 -1.731624053968484418e+02
-4.604548230862189939e+01 -9.787156262696710485e+01
-5.217683628459065659e+01 -1.640843156194183337e+02
-9.440089289723713861e+00 7.989284584023668856e+01
-3.758581923044526008e+01 -1.335205328356711050e+02
9.220947497366594803e+01 -1.162932944646168067e+02
-1.733727514939085879e+01 -6.238721570702264785e+01
-1.282802488918652557e+02 1.704381251721619606e+02
-3.889486352071688202e+01 5.841199498951213798e+01
1.633684999374287941e+02 -3.071455619831476369e+01
1.539293477798837628e+01 1.323537220356625141e+02
-4.577361856863951317e+01 1.058647080857589771e+02
5.613339386982406154e+01 -3.162424381813089980e+01
-1.141748730249752874e+01 1.640565011369106685e+02
4.938112953971459973e+01 -6.636042786039904229e+01
-5.058461621159143107e+01 1.728767904440721850e+02
-7.941000205787139521e+01 1.533746941287733137e+02
1.323721418232248936e+02 -5.279356694000757955e+01
-7.729568552809955406e+01 1.143368370682651829e+02
2.270048423820356831e+01 -8.367495289979861184e+01
-1.992316017215777180e+01 1.931173171070267927e+02
2.266661683053861509e+01 -4.528702022437472863e+01
-4.576562181622250591e+01 1.360159394202127601e+02
1.248148425795752985e+02 -8.981939053611014856e+01
-1.094151148285531292e+02 1.295288230028119187e+02
1.635693576842218988e+02 -6.417954980957328814e+01
-1.464645564863409390e+02 1.482702253236833485e+02
5.678297523884963738e+01 -1.014578273770681562e+02
