-2.807612431439867606e+01 -8.157792425249741086e+01
-1.891147962850491382e+01 -2.762903544811089063e+01
4.824160717611921001e+01 3.780390822041585608e+01
-2.052220923841451139e+01 -5.559490636234615835e+01
7.235280363107838753e+01 7.818966650647877259e+01
-4.347715436253154309e+01 -2.008654786222508193e+01
1.934590071088462793e+01 -8.614492957336682366e+01
-4.421497065618230238e+01 -4.389324163192107875e+01
2.223670890762013030e+01 5.631898806341271779e+01
-5.929031684616722231e+01 -1.057034356282156251e+00
-2.912039173728629748e+01 1.710319607103086004e-01
-6.893383920000106002e+01 -2.891075670854032253e+01
1.173634977690288039e+01 3.104656353229509946e+01
-6.354727746555811052e+01 -5.768371198248468090e+01
-3.428220178930474038e+00 -7.215091661033699211e+01
1.956412373131480198e+00 -1.294183394746173654e+01
-1.386360035208845254e+01 1.081008245838414723e+02
3.339133331608894650e+01 1.812670832326038095e+01
-4.139581120656234070e+00 5.712696285331048074e+01
3.372799078818834317e+01 7.490099693403274728e+01
4.062198258934201789e+01 -6.051163901906225107e+01
2.052625895996941097e+01 9.982053522607294838e+01
2.567436874148269865e+01 -3.225949349851801884e+01
5.276298824721311576e+01 6.196893351470901479e+01
5.214548025312860347e+01 9.445969144595633793e+01
5.697047412095993302e+00 8.339612355524111820e+01
1.697372977461623833e+01 -5.761284639889034764e+01
-3.890332878398105709e+00 -9.941995946923879046e+01
-2.824275769575050887e+01 -1.106391242879387704e+02
-2.671506552177466176e+01 8.950641600286839150e+01
-1.017641461219023657e+00 -4.282344931338410987e+01
