-2.440444777232069669e+02 5.125591037736327849e+01
1.344736876019625811e+02 -4.093689593306135635e+02
6.208878348319260709e+01 1.738780759051777807e+02
9.272699469458814292e+01 3.750733910136438567e+02
-1.914627495874216834e+02 -1.401478501813002140e+02
-4.021312299531890631e+02 -1.231941498695841375e+02
3.308303965665193687e+02 -7.161620784765936776e+01
-3.094913850602739558e+02 2.861452182613267041e+02
-8.025324713955890843e+01 -3.812056661601652650e+02
2.997466533394091925e+02 3.163432942754468513e+02
3.660180862960917807e+02 -2.838751688109251745e+02
-1.183299614268649691e+02 2.028913130502421893e+02
-5.802814827108620932e+01 1.019536777896663082e+01
1.178065889148080174e+02 -2.540229230126124804e+01
1.702317315648178351e+02 -2.064392033996244038e+02
-1.396197229253494854e+01 -1.876629846921506157e+02
2.393595030137345248e+02 1.192752204732171748e+02
4.510660203624377687e+02 1.042265105549903694e+02
-4.417599415262038178e+02 1.017853672849883822e+02
-2.885106067573789801e+02 -3.259601302569623158e+02
-1.163747260998421922e+02 4.138029438748831694e+02
