5.321119168187705029e+00 -1.457489933626598422e+01
1.515609682849019535e+01 -6.024615411293778422e+00
4.979375818758061456e+00 -9.514752450282683682e+00
-7.929138490968974828e+00 5.388567695440855232e+00
7.320943258093923767e+00 -2.180711035443704482e+00
-1.816036364042690110e+01 1.240884116669495540e+01
1.274417841608766616e-02 -9.822504833527458956e+00
1.224127837550825681e+01 -2.714343905612462304e+00
-1.799606848508433110e+00 -1.764572577726137581e+01
-8.070429130957180064e+00 1.390226665652140703e+01
-1.718936567243612856e+01 6.530636262988609886e+00
1.362420217233184738e+00 -1.410084192978217743e+01
2.632147737421270506e+00 -1.876360556150719816e+01
7.160462146275449413e+00 -1.893004593467700403e+01
-1.109316375515480013e+00 8.691813973089464795e+00
-3.172107584654593193e+00 -1.312984634717652277e+01
1.142269426748987726e+01 -7.839649750153313335e+00
2.474884169956280466e+00 -4.873215653826509453e+00
-1.598698846442361621e+01 1.946161650124069808e+01
-3.368220800954744298e+00 4.464419347467607047e+00
1.658043079916030393e+01 7.823260983291010495e-01
-2.781547470922807630e+00 1.491416478313167104e+01
-9.800227317345092004e+00 9.793315825018584775e+00
1.527565395955319971e+01 -1.123201906592985999e+01
-6.448087785630445268e+00 1.856402491119618858e+01
9.411869206796861675e+00 -1.195764158805284261e+01
-1.284929883017395014e+01 1.448928550784711078e+01
-1.254073576131909817e+01 4.858119204884753906e+00
-1.008641301863754514e+01 1.974538631299421354e+01
1.271756636540773400e+01 -1.491903615093976754e+01
-5.961405512242886395e+00 1.037965920403162201e+01
1.923752340123990123e+01 -6.739291307928723107e+00
-1.414265992217495516e+01 1.015896585178422917e+01
1.981002180582341765e+01 -1.586676454701732020e+00
-1.943153775669933836e+01 1.815067377888674471e+01
7.710218680180442874e+00 -6.134660587184699310e+00
