1.292247108066143291e+01 2.421703804789961012e+01
-5.037620410080771549e+00 1.294726552531564145e+01
2.537682501832440263e+00 -1.111348805618091795e+01
2.451171345215244379e+00 1.275154580234397628e+01
1.488571369020439228e+01 -1.998343473302901785e+01
-9.463924873957411776e+00 2.047312221727129966e+01
1.118224029330166580e+01 1.054660945960020513e+01
-1.394862337045852918e+01 6.290731842472881752e+00
5.275302151444958731e+00 -2.106545876996134226e+01
-2.096556023413521430e+01 1.189176942614331267e+01
-1.873034242880129696e+01 1.988016672739711055e+01
-1.429581787217566990e+01 2.670736901507766703e+01
-9.687636273408420706e+00 -1.417501367205982632e+01
-1.307509007504886966e+01 1.392941889044490011e+01
7.654664522401276372e+00 1.808722405152090218e+01
-4.305916442328141969e+00 4.798915233307423200e+00
-8.522599352723028154e-01 -3.776760498201348781e+01
-4.687979420050477408e+00 -8.160884209039132031e+00
-7.356846582101072229e+00 -2.352897965301241356e+01
-7.076728965722064446e-01 -1.815227250447877694e+01
4.989092522063655721e+00 2.744012103180660134e+01
1.047932790541905668e+01 -2.779292963735035116e+01
-3.564705600917131623e+00 2.796124590216372852e+01
1.015801310171253524e+00 -2.742467194874703651e+01
1.086862183751743771e+01 -1.265718108941190145e+01
8.043120518814653508e+00 -3.407844827978661328e+01
-2.020011385898335121e-01 2.060234488987673629e+01
1.683834537870443882e+01 1.702511753604460765e+01
2.028531103838235694e+01 9.217018206199451669e+00
-6.884583885422444816e+00 -3.464485203545397951e+01
4.337715343185522876e+00 5.778195765638710846e+00
