1.376264822776258612e+01 -2.614541952076153564e+01
1.958035758159963535e+01 -4.446916270046298081e+00
7.532600875842683230e+00 -1.345173523516851866e+01
1.858241769768001150e+00 -1.568862069231629341e+01
-2.673117946672113376e+01 1.577637312384919888e+01
2.313362523559431239e+01 -8.471386475163399155e+00
1.881321012155320105e+01 -1.058354492727595542e+01
-1.165294876526028212e+01 2.159835659807011865e+01
-2.204234856269344078e+01 1.541929003386954911e+01
2.099898705534330645e+01 4.358201278040858107e+00
3.883213668924245243e-01 -2.089569345373218923e+01
1.344933970052358418e+01 -2.318450521507398054e+00
1.430604325306712532e+01 5.245581521881740983e+00
1.440880623390332071e-01 -2.650869008471581267e+01
-2.195941694676753642e+01 2.465123225111212690e+01
-2.677998614262532584e+01 1.063177817083258780e+01
8.999547771853158906e+00 -2.777182178606204133e+01
5.489770598545221425e+00 -1.961389166653320260e+01
4.927925853817660240e+00 -2.427804727973369125e+01
-1.076254136064112998e+01 1.428827072794661213e+01
4.356686144314381615e+00 -2.953513123140740149e+01
1.520027356764784976e+01 -7.221088663357365434e+00
3.715281240908165028e+00 -9.301341759738837922e+00
-1.676881203609863036e+01 5.770075804891797944e+00
-3.094315276135777637e+01 1.877924631705878866e+01
2.565193969184875300e+01 6.649518567836043559e+00
-2.638403136693658269e+01 2.777194535243191353e+01
-2.529182269711471776e+01 2.131049023996247982e+01
2.253265184165713819e+01 -1.458315666970089630e+01
-2.032256748174122407e+01 2.987681104328952486e+01
1.868061025045381029e+01 -1.966842297764566538e+01
-1.619052428489617768e+01 2.483709082384076439e+01
-1.677451855592013175e+01 1.990279345534721500e+01
2.532873188704886402e+01 1.343544098091977501e+00
-1.746060684328977786e+01 1.445547442258846260e+01
1.309196376750985635e+01 -1.281615414534424602e+01
-1.604613731948099442e+01 3.010233559036927886e+01
1.733398095758501611e+01 -1.497691861986246664e+01
-2.141597391076075851e+01 2.022376165731633435e+01
1.102864219073520324e+01 -1.727536871412538844e+01
1.813850879794804172e+01 9.529968988456800905e-02
-2.150011953193320124e+01 1.014801913206117234e+01
2.094123875821859571e+01 8.537243429188706045e+00
-2.031778984702954105e+01 3.910941344650095353e+00
9.763898047477860942e+00 -2.223032331080955970e+01
1.019536326341286703e+01 -7.901550669403740734e+00
