3.391172341895537512e-01 -3.025172677099187357e+00
-2.640115044090041607e+00 -1.358478500052951787e+00
-1.585725063866564533e+00 -3.270655484388613310e+00
-1.075051409578707373e+00 -4.006301452885663750e+00
2.716200931671994390e+00 2.637366252155437518e+00
-2.370675180690199557e+00 -2.689541601566148632e+00
-2.022265856434981579e+00 -1.505573604207819383e+00
3.844499376681537850e+00 3.543944206044782774e+00
3.206265308451897500e+00 2.691391431084365848e+00
-3.713881891657352163e+00 -4.007419165687013396e-01
-4.021002287441453049e-01 -3.942105107143637266e+00
-2.941283036621231251e+00 -1.751276742422803734e+00
-4.030892118061520257e+00 -1.264079656041228628e+00
-2.946420292563696128e-02 -2.929719345571750733e+00
2.175708001889345766e+00 3.646497433337246186e+00
3.343185757054272234e+00 3.153718127497753709e+00
2.139692871515237460e-01 -3.653356713940151490e+00
-5.190346594110348821e-01 -3.848433438184714284e+00
-5.408164768893983926e-02 -3.871675481800907370e+00
1.569517682729295593e+00 2.620942577913850435e+00
-5.915395077844757057e-03 -3.162795182313611342e+00
-2.579511965693637610e+00 -2.147929042353393214e+00
-2.019787735640817594e+00 -3.722565681818128525e+00
3.789593779187709455e+00 4.941968406835372640e+00
1.861115400839629119e+00 2.295023099540463907e+00
-3.716301366328728761e+00 -2.330689851222517428e-01
1.536744806714290368e+00 3.854750037460698664e+00
2.465447292207500141e+00 3.341270345489218307e+00
-1.710567590424022288e+00 -1.349335660729060971e+00
2.062426840995605914e+00 4.564312831417345784e+00
-1.097041729436238899e+00 -1.900348007152176111e+00
2.704591864880939500e+00 4.327112487032707122e+00
2.990898179854571293e+00 3.939265211831257663e+00
-3.363102491675415529e+00 -1.899317720636244655e-01
3.562521048965112680e+00 2.653578161706900307e+00
-1.530012093699301134e+00 -2.437633729502494351e+00
2.150706990257028828e+00 4.727055410845025563e+00
-1.574679400467663637e+00 -1.840067576297144347e+00
2.379354088048076132e+00 3.351437525978411269e+00
-1.248708764014898609e+00 -3.032608349312416074e+00
-3.196725391931111826e+00 -1.172090302340649703e+00
3.389825969788896831e+00 3.927067217952367351e+00
-3.769398121697315585e+00 -3.237056570676146716e-01
3.808975972057397907e+00 4.969863596147417795e+00
-5.879719567639104527e-01 -3.434602276734516124e+00
-2.326371470994916812e+00 -2.722770415589266246e+00
