2.714287671508940321e+02 6.969008390805774411e+01
-3.727046481177717396e+02 -1.345920732759263956e+02
-5.090024932447800552e+02 -2.600416701815640295e+02
2.489140139750503522e+02 2.913762673973368464e+02
1.422997842737795224e+02 1.469621611029131998e+02
1.702880413362680940e+02 4.693158925627323015e+02
-1.922670063962512756e+02 -6.509330405518011275e+01
3.543217941997556295e+02 4.155082830942616852e+02
1.360904566103031357e+02 -6.313310925278371144e+01
-1.591931657229010177e+01 4.407482758941728207e+02
-5.896880117443183167e+01 -1.655661141493123409e+02
9.178400677683571018e+01 3.154127642755315151e+02
-1.533537150431912153e+02 2.868700341641004457e+02
2.979099490659211256e+02 -1.024107242235410951e+02
5.500204069788966308e+02 -7.026470459497993204e+01
-1.311625561214556512e+02 -3.218955485131587579e+02
2.163959677672348789e+02 -3.738187170142035711e+02
-2.430846559895939833e+02 -2.184609097208742128e+02
5.775620242481763000e+01 -3.193781403072869693e+02
-3.378288448396046419e+02 3.459468964759660281e+01
-3.473288263208631292e+02 -3.552839960736439480e+02
7.470644089332560966e-01 -4.810878153500669896e+02
3.823299970729526649e+02 1.857921600386971193e+02
2.154256650871794676e+01 5.181780133434600799e+01
-3.987204535504105962e+01 1.806838437701484850e+02
-5.403361093750858117e+02 4.225456952262736365e+01
