7.630222910837055394e+01 -2.216490194044035604e+02
7.162328256051880260e+01 1.426497265684142519e+02
-1.653772247514973799e+02 1.157595732033400964e+02
-2.531574781127273255e+01 -2.299769533548784750e+02
1.543595886469863672e+02 -1.894289050277326680e+02
-7.671578863172325669e+01 -7.572192481559243049e+01
3.044627694010614949e+00 1.852025134395501880e+02
-1.076016205432710962e+02 -2.287350704601909968e+02
-1.424430687786736485e+02 -1.561895687405852584e+02
-6.080382122090457386e+01 -1.523021710600794165e+02
1.455801625014817944e+02 1.853135789061321077e+02
-1.544956674654528683e+02 -7.560122201738892045e+01
8.283593850252142943e+01 -6.038096283403900344e+01
3.252450183589199462e+00 -7.691306410630309642e+01
-1.422299073117149533e+02 2.156704294197952834e+02
7.800873813888119912e+01 2.325311536360597415e+02
-3.006834627685702444e+01 2.572096558063158795e+02
-7.635813905429395199e+00 1.134580529950531940e+02
4.837815697547026161e+01 5.693716181812379773e+01
-7.425774469870592043e+01 1.610625511889105326e+02
-3.228968433324632770e+01 3.267753742088324032e+01
-9.405153564701993218e+01 7.972070528704664127e+01
2.349684539406737471e+01 -1.559388536711253721e+02
1.018092099364600216e+02 -1.342611575871278831e+02
1.768911825967833806e+02 -9.125429478766980651e+01
1.477035591366280869e+02 7.016052817749211101e+01
