4.158108599110843073e+01 4.473991915115681728e+00
2.462460136692248724e+01 2.607904825282369643e+01
1.372282018502963830e+01 -3.033611633768261928e+00
2.485244186569534719e+01 -2.807436355904350478e+00
-3.665291865240497771e+01 -8.917928729880266303e+00
1.144971737228291353e+01 7.130367543597671443e+00
-2.807802475059222402e+01 1.686516276836557582e+00
9.065378172902654796e+00 2.943396165852464108e+01
2.212466337897281576e+01 -1.025749514396379247e+01
1.647764631282257142e+01 2.201729148674415626e+01
3.335064384619543176e+01 1.667339145590412519e+00
-2.696117296427982168e+01 -2.056175073750026172e+01
-4.521207581287258392e+01 -8.027101186848195624e+00
4.074205003693817417e+01 -3.875216023487489725e+00
2.931951412737375406e+01 -1.360340176034147674e+01
3.216388928660601465e+01 -6.180224783991875803e+00
-1.523536018726110619e+01 -8.732744097169694797e+00
3.827168083625120687e+01 -1.161291898397291966e+01
2.303550575661009248e+01 1.720408164629609260e+01
1.907856331389199767e+01 2.528476015603887017e+00
-4.595663007654120236e+01 -2.615032852608755576e+01
-1.133193041224563480e+01 -1.556670788620309409e+01
3.740953199674850183e+00 3.623118158188999871e+01
-1.884804532228887908e+01 -2.424758091640008217e+01
-3.009369217319948220e+01 -1.369102539937258811e+01
3.170905647460145005e+01 2.121149550894371671e+01
-2.718848863136255645e+01 -2.937595613796592531e+01
3.325093584061932006e+01 1.273320896792687229e+01
-2.700116967920291344e+01 -6.614833549409564029e+00
-3.568917786065627951e+01 -1.938865489987824020e+01
1.220466831631229709e+01 3.781654443616088912e+01
-3.670915992146937867e+01 -1.778854411137264502e-01
2.595212185260349713e+01 8.709560212100917909e+00
-3.423139257296420368e+01 -2.953632296334549778e+01
1.078583968663992465e+01 1.553809417831001838e+01
-2.292046236984091223e+01 -1.443458980584147078e+01
1.815866101269732980e+01 3.065315870353388661e+01
-4.272661974554988262e+01 -1.581758033728228341e+01
2.033356271391787651e+00 2.819366168129605299e+01
-5.088514062955486139e+01 -2.162502553824143803e+01
1.802566725814292070e+01 1.092834162667490894e+01
