-2.428535107204124017e+02 5.238694739612549967e+01
1.322903949713597740e+02 -4.090613077351021616e+02
6.483284686107771222e+01 1.740863100637910463e+02
8.870836906551699030e+01 3.768427154429725761e+02
-1.905797235591338392e+02 -1.392107179183722394e+02
-4.012227412531955792e+02 -1.228802350856092573e+02
3.357976068518061084e+02 -7.341780617749263627e+01
-3.097773502064179638e+02 2.836211250605652481e+02
-8.187952381161214532e+01 -3.810159939463846968e+02
2.950563609646425220e+02 3.165161945431645449e+02
3.644788319260651406e+02 -2.879168091673482195e+02
-1.158842961777693006e+02 2.039125460994493722e+02
-5.681590838816534728e+01 1.086823830037093153e+01
1.188544229626042181e+02 -2.605676665092008903e+01
1.715337411229426721e+02 -2.058861769234549968e+02
-1.329318712708806949e+01 -1.879310510114088686e+02
2.414270174218222280e+02 1.164679644567695220e+02
4.516849442525546579e+02 1.080364303313245813e+02
-4.422048287274523091e+02 1.003683178962544531e+02
-2.893400484265380896e+02 -3.249397992159971409e+02
-1.208134180026067952e+02 4.152098742413025434e+02
