-2.414445763625709276e+02 5.301395482684237237e+01
1.298425865719522392e+02 -4.072211247480327074e+02
6.702284497585534950e+01 1.741492406675490656e+02
8.542305511649385608e+01 3.777360175207555244e+02
-1.891606913041788403e+02 -1.382520748078078157e+02
-3.994098078604778834e+02 -1.221363366206851566e+02
3.399368845340883354e+02 -7.485674434192415561e+01
-3.091520144886292769e+02 2.809359907906867875e+02
-8.338925741693614668e+01 -3.801023034706831254e+02
2.904135680626567932e+02 3.152538066808145345e+02
3.620148461090431056e+02 -2.910348958961686208e+02
-1.136461769713790630e+02 2.040601979091601095e+02
-5.584914247968242051e+01 1.140875264827616675e+01
1.190080655308182713e+02 -2.641143650075898464e+01
1.726709845114242796e+02 -2.043109192875101598e+02
-1.247117108373399752e+01 -1.879755320533382132e+02
2.424888740810184800e+02 1.131683319127450176e+02
4.509651167787644681e+02 1.115401346369905298e+02
-4.415780633037071539e+02 9.919543655973232887e+01
-2.896233146781497680e+02 -3.231790220159070941e+02
-1.240626103226696983e+02 4.150185255892636746e+02
