-2.069424024007121545e+02 7.128560593303699022e+01
6.836764295220422127e+01 1.542283701575839245e+02
1.599165312998865716e+02 1.833725601456486913e+02
-2.823435451141562567e+02 -7.660934486028784463e+00
-1.401193478885380728e+02 2.105183621342375133e+01
-2.263247200409140589e+02 -1.827280031504109559e+02
1.447489760356849331e+02 1.186151905247786020e+00
-1.933258357642885414e+02 -1.094173974570300203e+02
-2.075321774219405881e+02 -3.391975671460779296e+01
-1.304663851859271233e+02 -1.666936794998472067e+02
5.270920171961034839e+01 -1.846913158889487150e+01
-2.780161153895051029e+02 -1.007909783249028948e+02
-6.000147443885283138e+01 -2.670737759368083175e+01
-6.947155673845007584e+01 5.617441337165308113e+01
2.958631275669686715e+02 -4.390188447617061485e+01
8.454103117568133996e+01 -9.265426784545935845e+01
1.643006955002894074e+02 9.473152977619406556e+01
9.588761207941769271e+01 5.728697792138001432e+01
2.234918409651203319e+02 3.829397186504876061e+01
1.991617294591511325e+02 -5.885789652283413886e+01
2.459794054045385536e+01 9.035381628098852502e+01
2.537799354706814370e+02 1.147104247421876266e+02
-1.241458130940342954e+02 -6.560210409565345913e+01
-1.349120953060371448e+02 1.185742380559526907e+02
-3.893930379406912579e+01 -1.234484864059785991e+02
3.251745078122756354e+02 2.960200179315361169e+01
