-1.299362132561082994e+01 4.959301560874340709e+01
-2.611358145638498129e+01 9.319332976279291358e+00
1.118397106409034336e+01 -3.787092767757672362e+01
-1.585315896038038375e+01 2.093235111953946870e+01
4.138993172324978076e+01 -5.082513587364304186e+01
-5.279731400035966971e+01 6.368960029725953653e+00
-8.249373976598372238e+00 3.517530606154200967e+01
-5.588217259182146535e+01 2.167595108402851878e+01
3.075749673605995227e+01 -2.016014655306844716e+01
-5.442640887656626347e+01 -9.487462696901777903e+00
-3.913566980971840792e+01 -6.890508282228853532e-02
-3.898945801379978349e+01 -1.717100496810416033e+01
1.419265498420134719e+01 -1.407687035046055612e+01
-2.465412245487931386e+01 -9.014540659642975129e+00
5.310372335496604812e-01 1.995331543565794163e+01
-3.712115306956039973e+01 1.946499253080636294e+01
6.262674437482249346e+01 -3.904737625365251574e+01
2.328587046921249737e+00 -2.487285204305329955e+01
3.306463380873631763e+01 -3.853257103575164599e+00
2.665785552790966406e+01 -3.358371114418837777e+01
-2.969588717957546109e+01 4.920261689833618846e+01
4.703391376598490581e+01 -1.769724915549958766e+01
-9.934763877258960818e+00 4.456181691974186343e+00
4.333897406386077478e+01 -3.433531060086607312e+01
2.426641340735256591e+01 -5.063008054599409036e+01
5.410531913981190399e+01 -5.893521883086156876e+00
-4.154854949379538454e+01 3.719419594196047996e+01
7.987062136235993037e+00 3.646294635827457853e+01
5.828588793489227093e+00 5.341667435799159591e+01
6.730501311208789161e+01 -2.601372809786179729e+01
-2.520296183205435980e+01 3.138624059513704267e+01
