-1.993241675502149945e+01 -2.078532769881554554e+00
-6.817063999775824890e+00 -1.263548310995497381e+01
-1.195667653210633752e+01 -5.370306873547865401e+00
-1.001159713753745528e+01 6.314224954317033678e-01
1.068474944436039920e+01 9.009695268099914500e+00
-5.557873575886540962e+00 -6.118753006312433129e+00
-1.062584757015688197e+01 -1.434789821357831308e+01
1.072210622944918157e+01 1.638394075411061124e+01
1.343013458368904445e+01 8.903670001078369367e+00
-8.009250831848847563e-01 -1.472408808328564689e+01
-1.299213658870409560e+01 2.718177778231390285e+00
-6.713466185296439903e+00 -1.552601969258706660e+01
-1.162871571074419186e-01 -1.052383497512678723e+01
-1.637415289993073841e+01 2.892395234583489572e+00
1.756930458469421552e+01 1.286479853679834839e+01
1.588040115192634261e+01 5.030483532786277578e+00
-1.667325264353966219e+01 -6.989116258204791654e-01
-1.346236756983472027e+01 -3.087126577113555315e-01
-1.736577262611621464e+01 -4.407505840834803124e+00
7.193926772518564938e+00 1.189524509973133526e+01
-1.919962482910163004e+01 1.321591100010820696e+00
-6.296287869033009521e+00 -9.436242995082359641e+00
-6.592666792392722463e+00 -1.969567193105773883e+00
2.055867767097989329e+01 5.744461905219780284e+00
7.379285776090813265e+00 8.582608073417322458e+00
9.621519104779552300e-01 -1.761051443866025323e+01
2.075992042746146282e+01 1.412334081535783525e+01
1.488999087988715431e+01 1.153176622250224526e+01
-9.956916797089357729e+00 -1.162037644299438099e+01
1.814968236543708002e+01 1.659372590810897563e+01
-1.123276926852265056e+01 -8.941720893519455871e+00
1.410177285973386319e+01 1.725327144223142639e+01
1.197017935317653148e+01 1.309025990408454199e+01
-2.411349962296008176e+00 -1.764528905720566243e+01
1.638043087727500335e+01 8.786487086951625614e+00
-1.412675244460436730e+01 -8.144493431343539314e+00
1.731104239057431116e+01 1.909327673528274616e+01
-1.342894087377201018e+01 -1.181007644224291298e+01
1.497333830818100786e+01 1.407265595457709040e+01
-1.029541827356276507e+01 -2.992783946171876153e+00
-3.626307841488732198e+00 -1.285203393233759961e+01
1.277729221672752047e+01 5.483046235827185200e+00
1.876578737295255817e+00 -1.456316115639333120e+01
2.168977428709587940e+01 7.931617863203834773e+00
-1.442105449569894304e+01 -3.072532901395036209e+00
-8.272815055270561047e+00 -6.539098268533421354e+00
