4.301847195059355045e+01 1.715617888614706743e+01
1.207296687943578029e+00 3.505217852471064077e+01
1.724369816425167201e+01 1.500511489393146292e+01
2.294138569549679474e+01 5.195101612946336544e+00
-1.158922791220681958e+01 -1.976311159451246624e+01
9.323739992433768720e+00 1.979816583532529251e+01
-2.803942312822510985e+01 -2.503322071569725438e+01
-1.890865413640906922e+01 3.918698607217402952e+01
3.061669772205492279e+01 3.041908402008627377e+01
-4.376249364016188359e+00 2.012148431626840051e+01
3.425272704401960766e+01 1.791349963603158102e+01
-1.171255702033317014e+01 -3.638995710947400397e+01
-2.928690315537325262e+01 -4.044438972404093846e+01
3.866396939832099378e+01 2.597346983342123394e+01
2.681666763447072199e+01 1.321015136356434816e+01
3.463557486229447591e+01 8.380294510140325670e+00
1.565305473386553237e+00 -2.615803922232220913e+01
2.742950251729055111e+01 2.235766640790239990e+01
3.349135314431894717e+00 2.565762511560712511e+01
1.188564912207188584e+01 6.621760987163706424e+00
-3.715029858052750455e+01 -4.735605446349544678e+01
-2.487440808051174734e+00 -1.771862447608739899e+01
-9.309329595909433763e+00 4.470556030226179445e+01
-1.649272895739984701e+00 -3.863186396237596654e+01
-1.632856552773555947e+01 -2.803841637823656896e+01
1.042986639384244185e+01 3.967433356157791025e+01
-8.904346573061195258e+00 -4.631448935242637077e+01
2.003230876227442181e+01 3.479286351454195625e+01
-1.892494930534491360e+01 -4.211396699707953672e+01
-2.248738091068090483e+01 -3.401818677998500817e+01
-1.710681336762855054e+01 2.920350955930992143e+01
-2.188447486045151180e+01 -1.872243868860181237e+01
1.736679116072947338e+01 2.471059340004295279e+01
-1.524062722048348562e+01 -5.101040068068911637e+01
1.153995429497490832e+01 3.084348915971724381e+01
-8.524692609477305894e+00 -2.927237461260894946e+01
-6.289256265410466895e+00 2.921266406983664154e+01
-3.364665517447652121e+01 -3.333018672957371109e+01
-1.157740599881265453e+01 3.693604402768443862e+01
-3.110787458349103929e+01 -5.177535433546632504e+01
4.213656802963713588e+00 1.396325621227995839e+01
