2.626390446152656821e+01 2.290016377274044501e+01
3.643734118334700867e+01 -1.332993187550859737e+01
3.278302652724231336e+01 1.460357570937430083e+01
-2.839252676633542904e+01 4.300960574770164691e+00
1.431647933377531956e+01 3.513763975232697234e+00
-2.959715863294384164e+01 -2.878247677094061885e+01
2.940561225365600961e+01 3.290347100080608556e+01
3.010127351095282222e+01 -6.661765527167232470e+00
9.834883427972618719e+00 1.576121965886030374e+01
-2.733826415889960160e+01 -1.367412905414130897e+01
-3.783192092163016440e+01 8.213923550532800988e+00
1.965481829249912948e+01 3.121129292117567999e+01
3.650480415246502730e+01 2.530807904905340777e+01
1.037614094027499689e+01 2.708984301648701631e+01
-1.845483691185888375e+01 9.751363026161124381e+00
1.800447781336103503e+01 2.004280308286528722e+01
4.023369617158041933e+01 -2.637268338713242954e+00
4.288925800502608610e+01 1.240948635595819205e+01
-5.343685363595167104e+01 -1.758619778030929837e+00
-1.377966284982780287e+01 1.539364336114819931e+00
2.858347849067945035e+01 -2.445193455369391344e+01
-1.593553702186427223e+01 -1.251178220121688511e+01
-3.178181156436534849e+01 -6.169725235310560052e+00
2.470929652498405815e+01 8.978050677149754799e-01
-3.589750200994986784e+01 -1.980284478289617311e+01
2.330530146532404601e+01 1.024340533553845667e+01
-4.051692555095721104e+01 -1.068184536743514812e+01
-2.036744842265972366e+01 -2.375802072939788445e+01
-4.408094640876431214e+01 -2.263175085358756533e+01
3.295660885263436057e+01 4.617454782466706042e+00
-2.357229384316433851e+01 -4.816162971425546502e+00
2.428911263067534065e+01 -1.393134603673098226e+01
-4.180047029295876371e+01 -9.086398081836745133e-01
1.932782298069257010e+01 -2.325629649690102596e+01
-5.372727054277951453e+01 -1.010927546082568540e+01
1.653409251624154663e+01 -5.434159373745516497e+00
