3.468832603827959247e+02 -1.695120651445255646e+02
4.411820798878907226e+02 1.431370225816962432e+02
-1.966447530701242670e+02 -3.958140989476939353e+02
-1.221563026189204493e+02 3.821701793235139348e+02
1.573645450757845765e+02 -4.419183568993508970e+02
-3.933553010489439998e+02 -1.386352835555055378e+02
-1.555016621536082084e+02 6.472169290380350049e+01
2.011185896087134211e+02 4.064511123779386139e+02
1.318838812512894947e+02 1.030882185151291424e+02
-4.237768795536611037e+02 2.135490023855263644e+02
1.300254223878384252e+01 -1.672374235405318359e+02
