-5.974218439101564027e-01 -2.984922617729452554e+00
-2.928278432873705484e+00 -4.907694160834090158e-01
-2.505693354322974908e+00 -2.633099735165417510e+00
-2.243065413594437008e+00 -3.489247933369815424e+00
3.389878556960480793e+00 1.685871354650572584e+00
-3.076612245581391125e+00 -1.840704357596419483e+00
-2.384479824436358530e+00 -8.188808474224351652e-01
4.740523174139203988e+00 2.206158900438815351e+00
3.873145115377609304e+00 1.588223630187456159e+00
-3.659726592242300125e+00 7.482699537318487915e-01
-1.582487953487514698e+00 -3.632851860231586461e+00
-3.334682727313964534e+00 -7.733080128665064112e-01
-4.224391878265041811e+00 2.232165223148276437e-02
-9.194839898796719480e-01 -2.781847890179507843e+00
3.182059692646634019e+00 2.811611591291919066e+00
4.144244748025685432e+00 1.986969233192740658e+00
-9.077716090178957753e-01 -3.545243831074737173e+00
-1.665376982411217455e+00 -3.508042326909648345e+00
-1.229540699112660729e+00 -3.671652307242081914e+00
2.292566390910679708e+00 2.019126777853856414e+00
-9.679692894911818835e-01 -3.011037892513071856e+00
-3.110752903143027215e+00 -1.261228786195332185e+00
-3.056677239719778338e+00 -2.931512465075924112e+00
5.113596907818977577e+00 3.554602504232363902e+00
2.471170918603717848e+00 1.619936109018218495e+00
-3.611013929734931072e+00 9.087291185387392778e-01
2.636756498478843191e+00 3.204406224800216751e+00
3.365190131374779181e+00 2.432697794122729018e+00
-2.040022057931761612e+00 -7.648905479791167084e-01
3.353412323016972341e+00 3.720376819217587450e+00
-1.623240279305878220e+00 -1.476453512062981810e+00
3.892957410135508223e+00 3.299032164395896416e+00
4.047678954719502897e+00 2.842460681794914290e+00
-3.261436137364770449e+00 8.423541526107953814e-01
4.201003574361723558e+00 1.443806247551099986e+00
-2.199160711331266338e+00 -1.856526290859040973e+00
3.487024733806438181e+00 3.848542330418435853e+00
-2.059890276789098085e+00 -1.273701454345792516e+00
3.286273253820658713e+00 2.468578707080450574e+00
-2.112226261460342869e+00 -2.508882173387670722e+00
-3.401786312954782066e+00 -1.438601203211730128e-01
4.423980255127766270e+00 2.709459514063103480e+00
-3.689171029589920714e+00 8.385453720510723796e-01
5.140547963028105016e+00 3.575278086227832386e+00
-1.605130790565651111e+00 -3.092856877514022163e+00
-3.044519836521610845e+00 -1.885837663577001111e+00
