3.434543610132880342e+00 -5.818738895237188791e-01
1.656097379808990411e+00 -2.363147381134450331e+00
1.973287098162816999e+00 -7.244047065015875031e-01
2.174086801149546666e+00 -5.408362384585174709e-02
-1.964734822095401734e+00 1.965718179487056849e+00
1.507036512742233159e+00 -1.288143846334975695e+00
-3.639060108805493687e+00 1.360621346222504302e+00
6.661979251969549765e-01 -3.087188117281715272e+00
2.679072117280034693e+00 -1.904827816650182803e-01
1.283730712464253187e+00 -2.050543572280347782e+00
3.170910285158361930e+00 -6.020551866253075479e-01
-2.718184683395153289e+00 1.711204027122353644e+00
-2.138811252766220417e+00 2.616944510276578040e+00
3.174744861919402972e+00 -6.306226472417375550e-02
2.615907132340141050e+00 3.620617763869818373e-02
2.916524984712073110e+00 3.655773342037735990e-02
-1.700028469132436548e+00 1.181338027558077375e+00
3.133140226260223482e+00 -4.998612901369914874e-01
1.542761775977045113e+00 -1.768141723337648408e+00
1.499310239421197011e+00 -4.270722219296188560e-01
-3.094393368949660328e+00 3.397362719760294247e+00
-1.497216239528747606e+00 1.391464933275101457e+00
6.573405395048871336e-01 -3.184731653602137058e+00
-2.709755069240483483e+00 9.909754612340097024e-01
-2.695115508934819992e+00 1.640226272423880749e+00
2.334857635303690060e+00 -2.181652470203080174e+00
-3.774405659523498269e+00 2.145263238428634089e+00
2.648185992038139425e+00 -1.595531351284721344e+00
-3.456754181855055563e+00 2.041347435275461475e+00
-3.043602485865610330e+00 2.244293102426834885e+00
9.374979061458903473e-01 -3.246041656712548296e+00
-3.285599769382775648e+00 1.136582510660439027e+00
2.226057557495860095e+00 -1.325554369885859840e+00
-3.875239028419846576e+00 2.251145556086233235e+00
2.354618303057028683e+00 -1.777008239307960702e+00
-2.585220936433808347e+00 1.742191825554701090e+00
1.160635357919627353e+00 -2.529474917904832143e+00
-2.660823286298593882e+00 2.628054205141479915e+00
6.188237355228782821e-01 -3.155037436989526434e+00
-3.046986064616716838e+00 3.437846334938654103e+00
1.520562245530160173e+00 -1.260250895719295272e+00
