-3.088787946243352955e+00 2.612030396335354254e+01
2.451649325382518185e+01 2.176209709622564503e+01
5.361941279010109973e+00 4.591686914310408696e+01
-1.701133193184687542e+01 -2.372462589497252949e+01
1.759805226820160229e+01 4.314074428604209999e+01
-3.252712610531951754e+01 -3.968286651541470889e+01
-1.374011494801057687e+01 2.131601296462392270e+01
2.958564357468003081e+01 3.798025375463387832e+01
-8.069218776821033501e+00 4.602578578300093426e+01
-4.332499290597455754e-01 -3.500992948271611738e+01
-2.066867497259661590e+01 -3.467510105689952127e+01
-2.225894677220775719e+01 2.899709332061421208e+01
-1.219388251049888439e+01 3.246356638540974870e+01
-1.843668110957324302e+01 4.115431545261362345e+01
-1.060828876945201316e+01 -1.270091132448302140e+01
-2.884847209681486557e+00 3.665993826770665720e+01
2.067849156539890387e+01 3.189322674826314241e+01
-4.691077289939694417e+00 1.195725170707946639e+01
-1.967345490174999512e+01 -5.807727253256982891e+01
-2.600046464226343224e-01 -1.412020446301196053e+01
3.321153812652461568e+01 1.104036340415095019e+01
8.995934207711020036e+00 -2.827927895558056903e+01
-5.313151888596833849e+00 -2.568361168086917701e+01
1.652795536019715428e+01 1.379901572490544837e+01
8.609650684751553484e+00 -4.224264865430815519e+01
5.696184851793993253e+00 1.717247644039906618e+01
-8.787846659081749223e+00 -4.448084035131632419e+01
-2.969025692082972157e+01 -2.593040752726845355e+01
3.292524393801081750e+00 -5.023647700721347320e+01
1.189214888777538803e+01 2.491073690889803061e+01
-1.017388919845853223e+01 -3.348871111900849229e+01
3.390180185922808676e+01 2.752800474155132093e+01
-1.982762194280613954e+01 -4.550525630016684175e+01
4.063619710351797920e+01 1.764404773147177607e+01
-1.045102072476917066e+01 -5.901512211266776831e+01
1.028491773754886651e+01 3.537116115441936159e+01
