-1.925681127055452890e+01 -3.878595596983083205e+00
-1.084334634758824123e+01 1.719400917949820595e+01
-1.543508678046923599e+01 4.059098652710049215e+00
-7.942045027056302331e+00 -1.053587731968265828e+00
1.155398543163929226e+01 -6.809946466252142727e+00
-1.671693763017972145e+01 1.175884818184995240e+01
1.057006109125574689e+01 -1.605668440387036711e+01
-3.363161655470765510e+00 1.394592477750552106e+01
-1.199090990468889650e+01 -2.369032300655479428e+00
-9.190365061573597671e+00 1.333186460703609733e+01
-1.247500564597498496e+01 1.301609785183526879e+00
1.847526715848663770e+01 -1.140630515814532053e+01
1.550516869831859701e+01 -4.752099204715226399e+00
-1.507256389255949713e+01 -5.554920664841895395e+00
-1.024929605757409945e+01 -5.570096719123498907e+00
-1.564945052793049207e+01 -1.238901815485841551e+00
2.076232671964971033e+01 -7.112609163884850538e+00
-1.904677845268945191e+01 7.393113050346428183e-01
-1.412858199612744770e+01 1.469554745077436486e+01
-7.260211970321784669e+00 3.577138650575478973e+00
1.715424305048859210e+01 9.373487396360196122e-01
7.631881512238368082e+00 -5.702031687832296747e+00
-8.750666365799538715e-01 1.083632984061425653e+01
2.297389598656415544e+01 -1.185781983248312343e+01
1.297319149930805615e+01 -1.058734876448435891e+01
-8.082520758667984140e+00 9.049047906634392291e+00
2.006532769012675033e+01 -1.544373812933939227e+01
-1.920558953481640074e+01 6.984695776615494012e+00
1.508601011681666471e+01 -1.754424285631988312e+01
1.489087168901953184e+01 -1.376166210030509163e+01
-2.182335414951373842e+00 1.814676253109990256e+01
8.825646257087452540e+00 -1.180933477741562854e+01
-1.164242574905250827e+01 6.272681580106894472e+00
1.944185528448359079e+01 -1.878570636278669070e+01
-1.508931575918677481e+01 8.053208690574265916e+00
1.602504775942056270e+01 -8.934428434716769729e+00
-6.809334228623304952e+00 1.688112499624178398e+01
1.268582950801380527e+01 -2.244480540468736240e+00
3.598281699401966738e-01 1.467888396299528431e+01
2.000271477656450614e+01 -7.216666034425117671e-01
-1.247601209678486534e+01 1.075180270083431289e+01
