1.162313003674211487e+01 -1.332421375663614072e+01
-6.518592286919105305e+00 -8.699418464336920565e+00
3.234665629971385847e+00 -1.213760329236020574e+01
6.172706038829362640e+00 -7.270038879641146146e+00
-5.423837584199424633e-01 1.239269190663469367e+01
-1.388799371016920414e+00 -1.039190187400767940e+01
-3.592523688838469287e+00 -8.453346233730439252e+00
4.758898347800676554e+00 1.661352778734138269e+01
-2.724216252587925435e+00 1.382524327644124362e+01
-9.951341823925742958e+00 -1.325011021973452330e+01
9.318309867934805979e+00 -7.747030161082051336e+00
-4.898669846828274999e+00 -1.127791520451304486e+01
-1.058513111045882304e+01 -9.312181212697639765e+00
8.696516729831364145e+00 -1.287995872882053661e+01
2.790828082325283455e-01 1.760317424936627972e+01
-4.851791233639838552e+00 1.633663954810004526e+01
1.068964994965647364e+01 -1.048881171692678471e+01
7.574236706758228799e+00 -9.906941142514625653e+00
5.957319708672631720e+00 -1.480789075500833896e+01
3.794886220653089115e+00 1.206365891689268999e+01
8.860874741897211138e+00 -1.553412432868918458e+01
-2.812308233275849556e+00 -1.314917275657933438e+01
2.990240316832079692e+00 -5.922206202273103237e+00
-5.517071962939420260e+00 2.111464288650635979e+01
1.531829367535801678e+00 1.030259795492613861e+01
-1.260232495528224739e+01 -1.287590031073253627e+01
5.661661218255766848e+00 1.988630836627887177e+01
-4.594485086355765135e-01 1.556930429888831746e+01
-4.331950102850931295e+00 -5.893662907648217875e+00
3.051359810599659994e+00 2.221297530890242911e+01
5.629127614833674409e-01 -1.506446804956580721e+01
-5.060548035402345074e-02 2.066152678823623035e+01
2.238935334922492526e+00 1.891858156316784445e+01
-8.176397043857676294e+00 -1.557115687679669058e+01
-4.547110843601384289e+00 1.223009593958046004e+01
6.254077689358462644e-01 -1.213697621654630510e+01
1.063857671200798993e+00 2.344604735062146617e+01
-1.277266988086212418e+00 -6.515348799731586205e+00
1.847085790089454838e+00 1.523003425281270218e+01
3.592765038788784615e+00 -9.407457761474141478e+00
-7.585285119607465987e+00 -1.156048989536290073e+01
-2.855226143028274155e+00 1.853299331134427064e+01
-1.124586842256259445e+01 -1.529077978705856289e+01
-4.176710003050481568e+00 2.275825566078212958e+01
6.058510455706223929e+00 -1.182049317802249355e+01
5.061808584370390829e-01 -9.008700654332608693e+00
