-2.428783815688712195e+02 5.235592279501369717e+01
1.322959785669804660e+02 -4.090610670341762898e+02
6.471764783444731961e+01 1.740221674092738624e+02
8.891378948982271879e+01 3.766896097191174135e+02
-1.906112128753628099e+02 -1.392343401171708592e+02
-4.012531432692692306e+02 -1.228044057288297211e+02
3.355883855478681426e+02 -7.336342038321619441e+01
-3.097039483546552674e+02 2.837628702474976876e+02
-8.189742985373429462e+01 -3.810053894088835591e+02
2.952720929515970170e+02 3.164845312233399000e+02
3.645035469914138275e+02 -2.877777404267533825e+02
-1.159639605692792799e+02 2.038611647397235060e+02
-5.685510107330993179e+01 1.081622659660411223e+01
1.188225000336902184e+02 -2.605843091523065524e+01
1.714702803723356794e+02 -2.059275832375979007e+02
-1.332540186061296339e+01 -1.879336880000424230e+02
2.413355105351598979e+02 1.165678847340136741e+02
4.516412465456899668e+02 1.078600005637776036e+02
-4.421410722105519540e+02 1.005034131225683893e+02
-2.893782404786026063e+02 -3.249044427239192601e+02
-1.205530867547557392e+02 4.151467168248904613e+02
