-2.428783733702693723e+02 5.235593393743808832e+01
1.322959740884930113e+02 -4.090610649659445244e+02
6.471770239707490191e+01 1.740221942382374323e+02
8.891367589985479469e+01 3.766896852492289440e+02
-1.906111906398105873e+02 -1.392343353148134781e+02
-4.012531303680104315e+02 -1.228044420547781073e+02
3.355885195773316241e+02 -7.336344084057853365e+01
-3.097039936212095768e+02 2.837627989794428913e+02
-8.189743250064152846e+01 -3.810054098288571822e+02
2.952719744953142822e+02 3.164845605932547983e+02
3.645035490644563083e+02 -2.877778161226517568e+02
-1.159639259617423193e+02 2.038611891457964305e+02
-5.685508007631602823e+01 1.081624398882878424e+01
1.188225229096957634e+02 -2.605843548708691060e+01
1.714703324587133295e+02 -2.059275618319581156e+02
-1.332537497597198417e+01 -1.879337021335493318e+02
2.413355579764182153e+02 1.165678354386794382e+02
4.516412716676538253e+02 1.078601251451849521e+02
-4.421411143030641142e+02 1.005033454933713983e+02
-2.893782363738636150e+02 -3.249044579810645814e+02
-1.205532283441068273e+02 4.151467543518195384e+02
