-2.971151721614234731e+01 -1.705676796894960603e+02
1.685507694989582888e+02 4.854354382812655189e+01
8.322587773619075335e+01 1.112353257214426883e+01
-1.956579510265434578e+02 7.826897968007664019e+00
-1.620121190846876402e+01 -2.494387459078095333e+02
-7.747686672136725861e+01 -9.348668828083421545e+01
9.380261499624879207e+00 1.539530267597199611e+02
-3.222526419214123905e+01 -3.294208074612221537e+01
-1.155913317152860742e+02 -7.690623026372625404e+00
-2.077596641767526080e+02 -1.621427708269224297e+02
-8.561312408011524155e+01 1.527424841992323934e+02
-2.399667236067607803e+02 -7.344540623245794109e+01
-1.085556913334255853e+02 -2.502174678672694199e+02
-1.547476934075248494e+02 -8.512483343878972164e+01
2.168523677421471518e+02 2.015843292857444737e+02
-4.052909712168460032e+01 7.482630060790471305e+01
1.022063131317504485e+02 2.543648471058193934e+02
8.549508971923340539e+01 1.707255015334407631e+02
1.075926968958530061e+01 2.381690170449907669e+02
1.523869228101744397e+02 1.286297191091768752e+02
1.585306872836762295e+02 -3.842282453803425568e+01
6.671919563414944321e+01 9.293042738204140107e+01
-1.161736263218784302e+02 -1.689603567871057521e+02
3.735669458695089418e+01 -1.252461242804673986e+02
7.425104754571628973e+01 -2.058689590043038891e+02
2.544952659499335255e+02 1.281349332296361467e+02
