2.651890666068037916e+01 2.129899558513321267e+01
2.816357835254698827e+01 -1.120103343402530349e+01
-2.711831244202145186e+01 -8.002786455525887632e+00
4.158231290761972332e+01 5.174840361220345741e+00
-2.430706998968540589e+01 1.945806775755616158e+01
1.643947272020993822e+01 -1.570349884687757047e+01
1.972035704799546707e+01 9.569600409502099225e+00
7.131820334773634862e+00 -7.760160830742786509e+00
-3.616131592222881608e+01 7.377833103080023713e-01
2.240822022486254639e+01 -3.367913116382978700e+01
2.493156413529271020e+01 -2.286022157667542132e+01
1.205896639895480149e+01 -2.769529505228782540e+01
-1.505933773302590772e+01 -6.871340627322548578e+00
4.535551726118529636e+00 -1.920398220319979643e+01
3.070633699595400401e+01 9.954826270605448002e+00
3.782767279903647761e+01 -1.930694574292080645e+01
-3.685567716632829871e+01 2.793812823306812021e+01
-2.103633879560744901e+01 -1.754612969141653878e+01
-4.130513012095630643e+01 -1.066704517783514738e+01
-2.582725344227856112e+01 3.688007650704310247e+00
1.498015153722663229e+01 2.122758867360330726e+01
-4.876361425326015109e+01 7.527182831432521759e-01
1.840100482246848301e+01 -2.278192838733031245e+00
-3.475932850776400329e+01 1.275720969701854379e+01
-1.645062038733685483e+01 1.048744693107441073e+01
-4.797357090880377939e+01 1.087764697447159890e+01
4.154977564768241649e+01 -6.691400160692571930e+00
3.834220869458710013e+01 1.957710306786122345e+01
6.203612011703700801e+00 1.109116859250551812e+01
-4.649162225333962084e+01 2.546023879212494023e+01
3.060767890492307686e+01 -5.842067878154392213e-01
