7.383742521659885760e+00 -5.724750725379684013e+01
4.159108152599688424e+01 -3.340389267225290837e+01
-2.807117566113302232e+01 1.324011825529021813e+01
2.498956083392153360e+01 -4.374688037120477446e+01
-5.251668078662324035e+01 9.485795643937196431e+00
4.556659094955882949e+01 -1.342548288561398095e+01
-6.238096178298138561e+00 -4.322904626592217170e+01
3.087497057447169624e+01 1.352003247550208620e+01
-2.516836552840845442e+01 3.611999190992616349e+01
6.383062732686343566e+01 -5.794604771352486416e+00
6.071115613939190325e+01 -2.587843241480172551e+01
2.967694934360800474e+01 -4.494227026294983496e+00
-4.963196824654429129e+00 3.218746153026420842e+01
4.886751265477036554e+01 6.512189280748676978e+00
9.697536719589949783e+00 -3.581019488472102097e+01
2.639921672310216039e+01 -2.413386045623871112e+01
-8.059464766066881225e+00 6.865125707181925918e+01
-1.010526474612045078e+01 1.414355638109758218e+01
-4.269428450108767947e+01 4.526054287237522544e+01
-4.003271755380153962e+01 2.754639464175339469e+01
-8.077240376622116358e+00 -2.328083837064368566e+01
-5.856518617703469687e+01 5.524340087434750757e+01
4.769557157200497954e+01 -5.157613532745092755e+01
-2.498349640098194868e+01 5.414448133755306003e+01
-5.995113792090714355e+01 2.662844567103816118e+01
-4.495676449062526103e+01 6.666977843762767009e+01
9.029401178560972241e+00 -1.447446377392295602e+01
-1.072088141166724284e+01 -6.261009227571920377e+01
-2.700669657164375437e+01 -4.738155330057955439e+01
-2.143317198602658280e+01 7.814221342992806285e+01
2.722990381820201122e+01 -6.100844776269251923e+01
