3.205123275472350031e+01 4.864938373282812023e+01
2.178295733857601135e+01 -6.043105919349116562e+00
3.553695455659489966e+01 2.686453945211961880e+01
-3.497465817594280679e+01 -9.367107086478516642e-01
2.924164909801037382e+01 1.543602138882254415e+01
-5.731222211788053755e+01 -1.260575138091215130e+01
5.493015524691438500e+00 2.627040750152128012e+01
4.247828248393737738e+01 -1.022270116862046052e+00
1.940145215429586756e+01 2.606637782714549445e+01
-3.305090132182124307e+01 -2.307413237216448465e+01
-3.864345606725657944e+01 -3.586251102367798893e+01
3.030799618273674945e+00 4.209777439919830755e+01
1.697066466737219415e+01 4.925156236955434963e+01
1.404785117605663025e+01 3.688096443695105364e+01
-1.788254553497452193e+01 -3.287765373780894951e+00
2.629415391144087977e+01 3.708167753292837432e+01
3.041667170930947606e+01 3.562041463455303703e+00
4.521567259446063503e+01 3.561421157132880921e+01
-3.410112095094537921e+01 -5.108903671109284517e+01
-2.566332425265572326e+01 8.039211440348799087e+00
4.989135041560127348e+01 -1.599182259409270124e+01
-4.958922204751865337e+01 1.762100261828573267e+00
-2.936126559743885167e+01 -1.273697547113650508e+01
5.432727933073061877e+01 6.770342208108976578e+00
-1.875535808929618753e+01 -2.510633222758971073e+01
1.560276935145495614e+01 1.085937282489546618e+01
-4.686449848853522582e+01 -2.400519200399702413e+01
-6.267956911868119363e+01 -2.466351798259549355e+01
-2.084576187126764069e+01 -3.644438350026674556e+01
5.147817792077290733e+01 2.057680509678049674e+01
-4.108230852927492549e+01 -1.270494453078605623e+01
3.388314816756368231e+01 -1.117267411889612561e+01
-5.179805198280796219e+01 -3.688513723177342740e+01
4.031912558835752236e+01 -2.344992193234460132e+01
-4.525869453295322131e+01 -5.207470081469548973e+01
4.039975031702678621e+01 1.337409250684566153e+01
