-2.440445140848452468e+02 5.125588137832635738e+01
1.344738459527896453e+02 -4.093689925321125997e+02
6.208873078049254701e+01 1.738781065190879076e+02
9.272697340116485520e+01 3.750734244792678282e+02
-1.914627547663068867e+02 -1.401478676478493810e+02
-4.021312308879934108e+02 -1.231942664125644598e+02
3.308303040581877212e+02 -7.161613188965624488e+01
-3.094914644841375662e+02 2.861451878650501612e+02
-8.025310236770904737e+01 -3.812056866468087151e+02
2.997466628817119840e+02 3.163433427717741893e+02
3.660181888948790174e+02 -2.838750246686367973e+02
-1.183300241448770720e+02 2.028913141104304145e+02
-5.802817035655581179e+01 1.019538120664909542e+01
1.178065710387493823e+02 -2.540227271435283285e+01
1.702317266303329859e+02 -2.064392223843647400e+02
-1.396197094427389374e+01 -1.876629649212661377e+02
2.393594621185081905e+02 1.192752976019148292e+02
4.510660102013564483e+02 1.042265026017118430e+02
-4.417599860807673053e+02 1.017852706497241968e+02
-2.885104831705319839e+02 -3.259602160137263240e+02
-1.163747746701746877e+02 4.138029366474013955e+02
