-1.195456186052917076e+02 -1.610383326090100979e+02
-1.725342857340690728e+02 9.420152245164300098e+01
1.055331304088145004e+02 2.238054228298477994e+02
6.486411977439578891e+01 -2.164594549546920916e+02
-5.634527880162226410e+01 -2.543058451405758547e+02
1.333513269145372533e+02 -2.971956677544451395e+02
-5.811468624287109641e+00 1.740221243142744356e+02
7.793554787275311924e+01 -3.252306117861780166e+01
8.675759697158699169e+01 -1.266325109727477241e+02
1.697148405565027360e+02 -6.361813462531995356e+01
-9.244920907789989428e+01 2.557725468914343381e+01
-8.792465009451921887e+00 -7.526045910437764519e+01
1.652229969038660684e+01 -3.196741653080458718e+02
-1.441234547269650612e+01 -1.660019532706657515e+02
6.477551782873580066e+01 3.478118058909819865e+02
-1.889080979223251404e+02 -5.786467907407823574e+00
-1.906169594194986132e+02 2.047471557764153545e+02
-9.010941690367174317e+01 1.532908509479300108e+02
-1.545960640087479687e+00 8.767404345466202642e+01
-7.320777482074142029e+00 2.608808616319805651e+02
1.131461820932181155e+02 1.204644562670331993e+02
-1.094466279086086615e+02 2.746703975529299555e+02
1.631406929688464231e+02 -1.999222863459934558e+02
2.493432662374290203e+02 -1.472040704876022801e+02
-1.571437071582784029e+02 -2.773843997644048045e+02
-3.010230255734351701e+01 3.758609136170648526e+02
