-1.330400445748070304e+01 -7.228747284157581277e+00
-3.642522019497468566e+00 -1.094508154169599834e+01
-7.561505154029287468e+00 -3.891027986594357113e+00
-8.724320421599225384e+00 -1.072517639578403958e+00
7.330202127111985710e+00 1.074147917251063866e+01
-5.863518823918097311e+00 -6.238946638044978066e+00
-5.986869659110089614e+00 -1.114131268233858663e+01
1.031718005142584893e+01 5.952977662732200415e+00
7.952474952023153243e+00 8.592769484905740995e+00
3.874697132097070784e-01 -1.219179022011812918e+01
-1.502076608641286803e+01 -5.015536774086013949e+00
-2.367615776296568164e+00 -7.910337715377218970e+00
1.317442847253354143e+00 -8.661067492255943634e+00
-1.570161898136398015e+01 -2.401665424778500313e+00
1.267174705540578827e+01 9.819779449771191437e+00
6.990531532782633839e+00 1.313730575644913756e+01
-1.250950937219397652e+01 -4.940338059602583876e+00
-1.122208167779501764e+01 -9.723520966147922717e-01
-1.356462147502257487e+01 -3.725904969368539210e-01
1.342080266379942088e+01 6.767042115755646847e+00
-1.340984689297342491e+01 -2.863092988798663363e+00
-4.836956792114397885e+00 -8.402738304602367592e+00
-5.541140788989752153e+00 -2.100710349222849604e+00
9.933335497622609367e+00 1.699769349083454983e+01
4.900119829970904561e+00 9.711074287011406625e+00
2.711205437413014785e+00 -1.190060086787136306e+01
1.506147394805370432e+01 1.416713908499433927e+01
1.080826994692215415e+01 8.736815011687058430e+00
-8.096726950203374074e+00 -1.205244888016233951e+01
1.550966397059978874e+01 9.938313361831788484e+00
-1.030515642684171240e+01 -9.577071433333379957e+00
1.343486961656525125e+01 1.211738588150402585e+01
1.120367271379819485e+01 1.264632016575333573e+01
-1.169547610064863186e+00 -1.412336956319955839e+01
7.682420629134982804e+00 6.494606008509497208e+00
-8.273902226735263099e+00 -7.323337093931257868e+00
1.632190936417686089e+01 1.167258658937157279e+01
-7.710488464464714475e+00 -9.540763364766851495e+00
1.012505391062351556e+01 1.055471775157284142e+01
-9.502330216929253837e+00 -5.434694688463955536e+00
-1.381628837177843572e+00 -1.028023935142825884e+01
9.350318573603232153e+00 1.396804212371353060e+01
1.498129482041530514e+00 -1.391549872315126102e+01
1.170481687989453690e+01 1.686398158708716366e+01
-1.071217529126323598e+01 -3.214559278290635813e+00
-4.224256340954484656e+00 -5.167592046593008526e+00
