-2.414319956166818884e+02 5.311792057577405046e+01
1.299025677180964919e+02 -4.074318222923097323e+02
6.673198849896347440e+01 1.739388185754278027e+02
8.623569776318738889e+01 3.772072039265510170e+02
-1.894121553199320260e+02 -1.380628209157224546e+02
-3.995180720436552519e+02 -1.218950664938932960e+02
3.386875039020931126e+02 -7.482228548681921154e+01
-3.087976399789933453e+02 2.814141426234563141e+02
-8.327013460315103544e+01 -3.798548360255769012e+02
2.912691648252673531e+02 3.150066913530607735e+02
3.619499908937885948e+02 -2.904536615825853687e+02
-1.137579988338431036e+02 2.040034609286828697e+02
-5.593361743360387095e+01 1.138912587861909920e+01
1.188981826629103580e+02 -2.645260980088248104e+01
1.720462263185994232e+02 -2.046820571387352459e+02
-1.283169107512229168e+01 -1.877430198630874258e+02
2.421929881762721948e+02 1.135257719448479037e+02
4.508247115009139065e+02 1.103116675606877521e+02
-4.412379818363926347e+02 9.962186429516144415e+01
-2.894817730697237153e+02 -3.229776371369773074e+02
-1.230659624489933037e+02 4.148391490743201757e+02
