-4.669564933915362985e+02 -4.627636197243543847e+02
-2.368007416222787072e+02 2.465693243769690071e+02
-7.798250041482643891e-01 -1.015956861226100116e+01
4.366174530157619529e+02 -5.406126397780959678e+02
-3.341831869640438413e+02 -8.411573232992761007e+01
1.423100372627034460e+01 -6.740614044407712981e+02
-1.136647035414561913e+02 -3.495421918059757331e+02
2.603204274840292101e+02 6.323679018827476739e+02
3.361311559496205064e+02 6.545405483606175778e+01
6.328386976453047055e+02 -1.429514410057105920e+02
1.031889628598842847e+02 3.218503906902500376e+02
2.260313698639717757e+02 -2.668064112614856640e+02
-5.676816289551942418e+02 3.644766405192523280e+02
-6.760882578313153317e+02 -4.771991305944461459e+01
5.671544502304329853e+02 3.321640592688636389e+02
-1.803586834653027609e+02 6.158505504438820708e+02
