-6.484757765878273972e+01 2.062156193048741315e+01
-2.702347691222165338e+01 -1.371279556046867221e+01
2.580604989458976561e+01 2.882841163512165039e+01
-1.782484152095526753e+01 1.522335331336883613e+01
6.360021638943913302e+01 3.810157003418356680e+01
-5.265348632139306062e+01 -4.167047932614959649e+01
-3.473731359095620519e+01 2.494326318771431872e+01
-1.302835790793998427e+01 -4.874887196704756320e+01
4.715817267799626933e+01 1.850096764336923494e+00
-3.481512310108131913e+01 -5.100858759690876809e+01
-4.053525110946016952e+01 -2.800125643054188629e+01
-7.290714882905277250e+00 -2.787558085154668319e+01
2.693241090447743602e+01 -2.915634927741689975e+00
-2.463803022979650237e+01 -3.436407437181311053e+01
-4.801600659062258813e+01 1.154552839210815307e+01
-9.875880760995048746e+00 -4.343245099428393985e+00
6.802943259874989224e+01 -2.566034194517235889e+01
1.660602580009027207e+01 1.280900414392812614e+01
7.948107403827908968e+01 1.863894956021690064e+01
4.150358599670094151e+01 1.850117639116754020e+01
-6.772567162313194444e+01 7.261437133480146133e-02
6.596163124831024049e+01 -5.754895915802620276e-01
-6.326698350298338624e+01 -2.004697727487498682e+01
5.910023595796360496e+01 1.870156476089143638e+01
4.329222964009574071e+01 4.007153389485621631e+01
8.208891278219859089e+01 -3.577008973805550163e+00
-4.829081675855915989e+01 -7.594545124240587697e+00
-5.162018075479062418e+01 3.527175770576085512e+01
-3.364715988170228655e+01 4.655442882176401298e+01
5.165997611939023670e+01 -2.544696074790677898e+01
-3.138308094000397119e+01 3.807034881986089303e+00
