-8.119676131882950898e+00 -1.173960814543969633e+02
-3.171337297031920244e+01 1.444621141638159258e+02
1.214771733292330680e+02 2.245558761668608270e+02
-1.899252318563322888e+02 -1.519822155924514462e+01
-5.680505236220382415e+01 -1.771190988711984744e+02
-1.030099563404974958e+02 -1.071121500469693331e+02
4.138964667165576827e+01 1.015950639526615333e+02
-1.168460291232417347e+02 -2.917580203174254905e+01
-4.513878990131313174e+01 -4.783068698638025040e+01
-1.558174731940926563e+02 -1.713908191913648125e+02
-1.221577405444831044e+01 4.591632061906557283e+01
-1.840919469255144634e+02 -9.773829953074869081e+01
1.808070514365799042e+01 -1.840333149325082047e+02
9.640340670768178200e+01 -1.870106205262871413e+02
3.468934261663260799e+01 2.784640401669898893e+02
-8.360027190645797646e+01 8.495707269482264223e+01
7.965475591858765370e+01 3.220716950929710265e+01
1.023481018968158480e+02 1.316857407565932760e+02
1.616238127972886787e+02 7.819891749794916791e+01
4.400078468579568636e+01 1.861841400282518464e+02
1.783058930740787105e+02 1.684602022530307579e+02
1.667118996900100854e+02 7.234515686147300784e+00
-2.074975294712094076e+00 -2.575002175621145284e+02
-8.938012331280746992e+01 -2.463802993881072041e+02
6.993698150324249241e+01 -9.421380319036116191e+01
-3.588383066085680895e+01 2.481782417759388295e+02
