3.061667275176106262e+00 1.689589674440779454e+00
7.809122558241091694e-01 2.822212451902244901e+00
1.607615030566954983e+00 1.351800541397436772e+00
2.012431171852329115e+00 7.725768406979375280e-01
-1.186543929312759094e+00 -2.461283363825156556e+00
9.764463053357411715e-01 1.738502191891704518e+00
-2.527452541573017353e+00 -3.454178247624500653e+00
-4.007002084881432502e-01 3.195858093507704112e+00
2.452761069568499153e+00 1.071877575287977891e+00
5.157457035901217290e-01 2.394827570512175541e+00
2.792047700880763816e+00 1.625730780736190928e+00
-2.202195635943422936e+00 -2.382549406220758836e+00
-1.041468609676583723e+00 -3.193319031370625893e+00
2.979053959232476068e+00 1.105359749884303966e+00
2.466529853497513525e+00 8.262620556590201115e-01
2.760416963430776693e+00 9.184614949479519286e-01
-1.517377769486306205e+00 -1.535549806960098573e+00
2.789078588254573443e+00 1.513023088677714512e+00
8.611801521900138701e-01 2.214075890470526442e+00
1.243916306930394899e+00 9.125207784536412126e-01
-1.817094678544194819e+00 -4.344745392802660255e+00
-1.128033549151806980e+00 -1.665502717636700103e+00
-4.364098113662515099e-01 3.297150245438981830e+00
-2.639982186630464689e+00 -1.928505468614594154e+00
-1.902326171827636303e+00 -2.533336229506004678e+00
1.488450811750207547e+00 2.867604304107986390e+00
-3.027204716173134802e+00 -2.606930102146211237e+00
1.978510219055327424e+00 2.405607260313871620e+00
-2.648994527024717272e+00 -3.104380338267577422e+00
-2.187392342674904899e+00 -3.201160077474364041e+00
-1.736716332490315373e-01 3.453645917782190100e+00
-1.517661510059221897e+00 -3.011486502354977723e+00
1.657467569427181653e+00 2.007309388357348734e+00
-3.142277339199303743e+00 -2.747617277223829202e+00
1.635511153891244573e+00 2.483200756306890078e+00
-1.956028779008735619e+00 -2.423068568204230111e+00
2.492644487904058515e-01 2.817789684806163208e+00
-1.614400296965780690e+00 -3.478432010528808238e+00
-4.672056156040986230e-01 3.248832652541421950e+00
-1.773136947887415493e+00 -4.377889764303143139e+00
9.985522606021868253e-01 1.716115316942069757e+00
