-2.064032127830811021e+02 1.249530555870361184e+02
3.560023267138072356e+02 -4.077667968034683668e+02
-5.359406480762345382e+02 -1.421022289526420650e+02
-1.380068673004042239e+02 -3.868897528619793036e+01
2.327293264099301950e+02 1.613219744547168659e+02
6.286046594743813998e+00 -1.319555340659085516e+02
4.796845846202489838e+02 -2.172858917506414684e+02
-2.431733980533726580e+01 4.140250272113436267e+02
-2.482375341290841106e+02 3.078445988341244401e+02
-1.901967122482067509e+02 4.802958626184493482e+02
-4.464283024894432401e+02 1.808705020718252285e+02
1.297981942124710315e+02 -6.922411855671211089e-01
9.631036057304616804e+01 2.570013108323753386e+02
-8.693845799862216950e+00 8.955163024861386134e+01
-4.826994710935823036e+02 -4.025333751807591511e+02
1.908455114784237594e+02 -3.400452364743047156e+02
4.027822888592033337e+02 -4.467926807322337623e+01
2.759288129124787474e+02 -1.938070173552407311e+02
3.883227042127419537e+01 -4.422178005461174166e+02
-1.386858864731425740e+02 -3.967764926451038150e+02
-3.433320867077314915e+02 -1.225476108073096384e+02
5.093248013977288338e+02 1.295969963346446150e+02
-7.076477468902710655e+01 2.419119853047409663e+02
2.671670559367840383e+02 3.433206313865931065e+02
1.705631673227868532e+02 5.055576539471327919e+02
-3.225480658577898794e+02 -3.551527597051120324e+02
