4.063926425919380664e-02 -4.335946267149043187e+00
-2.665780192575634810e+00 -2.166418851867754292e+00
-4.591847328008564766e-01 -2.473618594583150809e+00
4.232321232025301194e-01 -2.649028674606765943e+00
1.484738637318488541e+00 3.208074296550608384e+00
-1.285124683789818256e+00 -1.995759139015534922e+00
-2.296527153115607511e+00 -2.700615857337314019e+00
2.305444216934454449e+00 4.677486534777252736e+00
1.275864869756396125e+00 3.562147257639395548e+00
-3.522112347036800539e+00 -8.821820263331895395e-01
6.154857746813860997e-01 -3.304456846849294749e+00
-2.356871014915313367e+00 -1.801960529943810174e+00
-3.750152512495848800e+00 -1.708758914633418557e+00
-2.019357648743194400e-01 -4.031401023167668463e+00
2.584910788977254903e+00 3.561463431289825010e+00
1.046508171249110886e+00 4.237505221685359480e+00
5.764282958757311892e-01 -3.974589021435891656e+00
4.836869575211827366e-01 -3.221412694329924609e+00
6.532769238754181362e-01 -3.660083975271880341e+00
2.337191572249716298e+00 2.396415773211567402e+00
1.233979150886031946e-02 -3.971559104464633450e+00
-1.859089792760354687e+00 -1.981334835396420635e+00
-1.705525260063469328e-01 -1.867422117739012011e+00
1.532586387447562482e+00 5.582048900536873859e+00
1.895575380626542517e+00 2.350845495710336852e+00
-3.534904499195924199e+00 -7.072679704097467601e-01
3.206777740233757168e+00 3.301441423558006960e+00
2.171114223312261338e+00 3.548227524303565250e+00
-2.342306575863429163e+00 -3.048922395506261207e+00
3.300037491294452785e+00 4.179720977474664423e+00
-1.591993552079112861e+00 -3.447521323916272529e+00
2.697899001148116316e+00 4.463214919641641742e+00
2.138437573696513549e+00 4.323168716736947914e+00
-3.208298212995852161e+00 -6.577261393975009085e-01
1.099691070924507796e+00 3.649665537515154767e+00
-1.235828337827188594e+00 -2.864655373501914237e+00
3.345122625694146645e+00 4.357920753830352822e+00
-1.828837968563486571e+00 -3.027734904834066043e+00
2.250754580209473055e+00 3.506452395191725024e+00
-5.746702390572736574e-01 -2.892407813996725530e+00
-2.884236567628066794e+00 -1.557297119181956457e+00
1.539504085777959830e+00 4.555170041086213928e+00
-3.577552293610464229e+00 -8.006130058713832875e-01
1.495384681568248331e+00 5.607807633676182846e+00
7.179208239391730861e-02 -3.315826251747612030e+00
-1.238465344545480962e+00 -2.022256061927529824e+00
