8.790257536472838584e-01 -1.819749095586595367e+00
2.071237771524703231e+00 -1.481186857991772798e-01
1.734551417081232172e+00 -1.285471014926153899e+00
-1.466578113259065175e+00 9.931608932164855963e-01
2.149916342172976780e+00 -9.249778482077549713e-01
-2.536032554568588449e+00 1.494604961959970835e+00
1.085448824420915725e+00 -1.690937948815407488e+00
2.282498984873884584e+00 -2.913191250274008159e-01
1.524051118140189010e+00 -1.989920832302170872e+00
-2.262799641537925233e+00 7.936164278530680738e-01
-1.558438304809188990e+00 1.728771635910161697e+00
1.027588686153076969e+00 -2.005181199757561483e+00
1.146124993116213853e+00 -1.831678473674694496e+00
1.543228596819941734e+00 -2.035313467379915586e+00
-1.617773719886768102e+00 1.186218671822222986e-01
1.493038603842748779e+00 -1.982875619273908319e+00
2.306770570473773319e+00 -6.665472933037552838e-01
1.038150868617923051e+00 -9.362188989922549665e-01
-2.452294746580204521e+00 2.413395628796536130e+00
-1.310818216215257292e+00 2.624078012416038441e-01
2.442181728590001821e+00 5.762891582029707749e-01
-2.597107885216652701e+00 3.830058198057884056e-01
-2.007847865643186402e+00 9.417325677549478469e-01
1.583431537388083399e+00 -2.955297329225145542e-01
-2.963367984644192710e+00 9.347518913015968600e-01
1.373747687320328703e+00 -7.893182535342149198e-01
-2.327258554878139041e+00 1.450224374868907651e+00
-1.552755986431538782e+00 1.400680534180471559e+00
-3.076446306448573420e+00 1.025213112455190645e+00
1.569825836171304889e+00 -5.960418269572000938e-01
-2.084011666208652969e+00 8.679163426964956463e-01
2.406032636195140295e+00 1.254777032767419309e-02
-1.979608464362609510e+00 1.785462937138981410e+00
2.454150591716631080e+00 5.847693162195217731e-01
-2.441216163985017840e+00 2.448504982849072142e+00
2.123353626409206996e+00 -9.264787075009895956e-01
