3.103211898521028544e+01 9.549861594163745693e+00
1.280163397516261181e+00 2.742755604917393342e+01
1.885858914459810975e+01 1.813857907600338137e+01
2.630502689173163589e+01 1.776237001005223348e+01
-6.455750400904431530e+00 -2.084016859155335410e+01
1.287008136290602955e+01 2.174489326462749972e+01
-2.961989533669961006e+01 -2.716067035656586626e+01
-6.663799308148218969e+00 2.478795504017868723e+01
1.849922015414204068e+01 1.036535516841565929e+01
7.091461316139738180e+00 2.990365781165988679e+01
2.097262295528041065e+01 -6.416713549330762545e-01
-1.807008746484215322e+01 -2.063508706404974191e+01
-5.316248041084284282e+00 -2.772046108323189273e+01
2.787766292628898412e+01 3.650862526167667266e+00
2.453277546911906271e+01 1.158738426304582347e+01
1.529481229719738167e+01 3.895874154331310901e+00
-2.370338428010860740e-02 -1.679418100141072401e+01
2.195272463305850508e+01 5.440094097151854768e+00
6.714576943283931953e+00 2.294924223179842926e+01
2.187029037391659614e+01 2.448806464054462850e+01
-9.846290091494728003e+00 -3.772869188830049580e+01
-5.469326884247744935e+00 -1.360979638553881088e+01
-1.311333225512021627e+01 2.271370574880426929e+01
-2.367090697190388582e+01 -3.232363983573144139e+01
-1.334399875023495419e+01 -1.708040190175326245e+01
1.646925954229647049e+00 1.322577296935568825e+01
-2.363295653792697948e+01 -1.615342795160840339e+01
1.277080754537406904e+01 1.442353330155678393e+01
-2.342337901752815199e+01 -2.412331442441706386e+01
-1.781406553487020972e+01 -2.757621867539885230e+01
-8.251049737785221438e+00 1.785578419418754592e+01
-1.599564520515647992e+01 -1.111051472125713246e+01
8.858426989017521791e+00 9.643496554617783545e+00
-2.852070964770135930e+01 -1.885670372916438353e+01
6.968169384044512249e+00 1.629476222711851818e+01
-1.257103085310328439e+01 -2.273430854392690748e+01
-8.465305338419523151e-01 2.133579489321722633e+01
-1.170574070055472404e+01 -3.012599694654416282e+01
-1.032001353683287270e+01 2.895533280299592249e+01
-1.511923624272567679e+01 -3.810427890251841632e+01
1.439723971393255297e+01 2.717960073873550186e+01
