4.055205384424493076e+00 -1.041260116061513807e+00
7.585954809823731715e-01 -3.006732174599207497e+00
2.251711303971874578e+00 -1.461122598286028751e+00
2.643810017677279411e+00 -6.267318247020898792e-01
-1.863075203833611360e+00 3.283562114071965521e+00
1.985119646818889416e+00 -2.592541237556608813e+00
8.808609341093818212e-01 -2.409152473599038391e+00
-2.751896069975852566e+00 4.461807814788468995e+00
-1.983390581102865591e+00 3.878119241056233513e+00
-9.640826593285749258e-02 -4.136639153899148269e+00
3.226687551982090785e+00 -6.013448319963685673e-01
1.145611624362090852e+00 -3.258641241295574531e+00
7.728440613276780224e-01 -4.372548093197703878e+00
3.731023777002148378e+00 -1.684687475404749391e+00
-2.952574345291858027e+00 2.904297377510175693e+00
-1.943527802687009087e+00 3.737502848864642235e+00
3.750379720763168390e+00 -7.589748756579528521e-01
3.180310320390828061e+00 -8.234233381418289976e-01
3.463088495767665087e+00 -1.348152609858838336e+00
-2.037282006629206332e+00 2.162656476164959596e+00
3.729205547351746031e+00 -1.520570365244690469e+00
1.572046022332405757e+00 -2.935644783871602215e+00
1.894779203737885886e+00 -7.833047915671136341e-01
-4.058987593005021211e+00 4.603277488278962437e+00
-1.672692183714572955e+00 2.389363015735499918e+00
-2.471210505983152395e-01 -4.158978184442212012e+00
-3.252323817568674613e+00 2.316307528475798350e+00
-2.644315964344373882e+00 3.164116389571141941e+00
7.195709256529132514e-01 -2.124648897246428358e+00
-3.864182533415007281e+00 2.914784044643397021e+00
1.263875838112507255e+00 -1.531676602069282689e+00
-3.538873929576304089e+00 3.519657483066340742e+00
-3.121720612067749645e+00 3.731517587700762029e+00
-3.178831626082221917e-01 -3.834058982589683584e+00
-2.056238628374731814e+00 4.293434152654339364e+00
1.853813699536233539e+00 -1.926583866027583136e+00
-4.010396293343575280e+00 3.021991130422967409e+00
1.185180516295273323e+00 -1.947083945841936892e+00
-2.635035038199736501e+00 3.057251061579658646e+00
2.577051314862617737e+00 -1.823401463588506743e+00
6.090763164075397862e-01 -3.562190158469133117e+00
-3.029294329218927828e+00 4.067850903478937852e+00
-1.636560944398897932e-01 -4.197394737120140107e+00
-4.086974506256773054e+00 4.625024217334633647e+00
3.083969140060530023e+00 -1.134339393414645292e+00
1.994033168255525013e+00 -2.530692659649274923e+00
