-3.572768930760848782e+00 -2.479681094179514211e+00
-2.319942224876107573e-01 -3.364339070191224579e+00
-1.757101229173795520e+00 -1.774353269551996792e+00
-2.422985489524158265e+00 -1.168948271715157583e+00
1.207319088928729522e+00 3.528791601155623958e+00
-8.755938601756636519e-01 -2.158342548695373342e+00
-8.771192984096425338e-01 -3.418686261271268290e+00
2.465010340085339369e+00 4.636754871822186708e+00
1.136684398735086976e+00 3.931972815802971866e+00
1.191823252522374643e+00 -3.724329635053154508e+00
-3.073599062727291997e+00 -1.401610470629108818e+00
-6.345445118460532608e-02 -2.851993670386832047e+00
1.128317311086312058e+00 -2.801206891316150305e+00
-3.176196893812625266e+00 -2.496267125465412295e+00
2.378900191400185271e+00 3.509240777155860247e+00
1.133776729221741109e+00 4.652988897121951517e+00
-3.594376257076239867e+00 -1.833417229259292958e+00
-2.923324969860620737e+00 -1.460642096986518146e+00
-3.383722968279402110e+00 -1.583928583957839420e+00
1.752878671468537153e+00 2.488905126803802936e+00
-3.253438972599343337e+00 -2.288808589437473895e+00
-5.533016631206134628e-01 -2.650829650287717776e+00
-1.426610995007951299e+00 -1.184882797900889795e+00
2.093880809112267816e+00 5.759736941584331582e+00
1.308807609287196305e+00 2.590830407908674804e+00
1.262017367078371644e+00 -3.883641078668250479e+00
2.882155239740735730e+00 3.059288947045574858e+00
1.975586579383529218e+00 3.630708161505196596e+00
-1.135122443605569575e+00 -3.659418202238948314e+00
3.265258511558567722e+00 3.853390864805528171e+00
-1.893819464428698529e+00 -3.275749521938406073e+00
2.784764231652084643e+00 4.322341042859820348e+00
2.201032067427813210e+00 4.377178507964323728e+00
9.491523070426587383e-01 -4.081614370124115432e+00
1.015927471145637417e+00 4.071233767292035566e+00
-1.620605141436345820e+00 -2.636761018998889039e+00
3.369267150302971192e+00 4.008821448653916875e+00
-1.413058636388925482e+00 -3.219245177511048439e+00
2.040660828794757187e+00 3.563369289011578456e+00
-2.029760636178222111e+00 -2.115410366758502914e+00
3.667072992945035748e-01 -3.315951415914361711e+00
1.706259016712518894e+00 4.800120303247600972e+00
1.275277952370716950e+00 -3.769406460748679688e+00
2.067080343688978417e+00 5.797764109563507517e+00
-2.757851615936379286e+00 -1.849777341777155915e+00
-9.227375658670647907e-01 -2.134195670341199946e+00
