2.888882511815711496e+01 -1.123839791267314503e+01
1.769630260369985564e+01 -4.466079908829573952e+01
4.092781313375790830e+01 -1.830664202728702961e+01
2.449086007085931271e+00 3.507871990304708731e+01
-3.131181519901221222e+01 -1.457924827195702377e+01
2.397064176908157762e+00 5.264800160878708368e+01
-1.267143446000556506e-01 -1.899937286007484616e+01
2.578227095537064528e+00 -4.239198095795310195e+01
1.017896508533796407e+01 -2.673907418708098049e+01
1.973679634502212110e+01 1.675953870852959326e+01
-9.706726756202884943e+00 9.895975966204508367e+00
1.814224446406323210e+01 -3.746777364595961668e+00
3.074434098260538306e+01 -2.781149663745814848e+01
4.574793946846899217e+00 -6.612402713699603751e+00
3.102742094133505546e+01 2.604651761233997576e+01
1.697498105372035226e+01 -1.669276258837433602e+01
8.134168548658981024e+01 -1.902929851755936497e+01
3.607821457267271548e+00 -6.272897643521373112e+01
-3.793197321383372156e+01 3.478208015022742927e+01
2.246208137877792055e+01 3.576992299452826529e+01
-3.113957742202455137e+01 -4.119533360231971386e+01
1.245701965824465951e+01 2.683499922814260685e+01
1.981663976504804969e+00 2.023888606086913100e+01
-1.539201078166882652e+01 -1.389723104930255637e+01
-2.463280649449069770e+01 1.614576104090314246e+01
-2.048341696622194164e+01 -2.498968842665694012e+01
-1.889699618391753333e+01 3.026333448573330642e+01
-7.133155938431112730e+00 4.310391307910106917e+01
-3.619577440954075342e+01 1.793968939143980279e+01
5.179060137776282602e+01 -6.296283927867087904e+00
-8.544901800949876503e+00 2.408897230678621426e+01
-5.431888501548656478e+01 -1.199340096140960377e+01
-2.061570980153584287e+01 4.324955951734472848e+01
-3.996009087732205955e+01 -3.458301478765080361e+01
-3.608988394656859100e+01 4.645489335805896047e+01
-7.477295137417083737e+00 -3.280858309461321909e+01
