3.675039529481956002e+00 -3.644439481984269591e+00
4.269872449958103111e+00 -1.420895163724934518e-01
2.802426545770608790e+00 -1.954559135981097651e+00
2.197945624829451994e+00 -2.700251900350065792e+00
-4.456089829056536722e+00 1.298900730109067814e+00
3.104462585205853387e+00 -9.500452870065134725e-01
4.378624800930863259e+00 -8.053061535998270459e-01
-5.050657971483818010e+00 2.022727988350794703e+00
-4.626626185162333371e+00 1.084476278025179319e+00
4.559866263550421017e+00 1.340118889290136117e+00
2.388107301875355581e+00 -3.509523942411326480e+00
3.784671583231121517e+00 -2.606130152808728423e-02
3.648716628466447620e+00 1.183877029095408373e+00
3.355711108551252320e+00 -3.918405298329209696e+00
-4.369063897216044268e+00 2.559462034656621476e+00
-5.711425655902959697e+00 1.285188355252351533e+00
2.808598101737623587e+00 -3.852777999319448199e+00
2.589253869105847539e+00 -3.250125788474872657e+00
2.516980850146231408e+00 -3.929600729400880788e+00
-3.225548203535900882e+00 1.888501089447949921e+00
3.131554221042996744e+00 -3.943591047381834969e+00
3.566986466148045043e+00 -5.370163353609326284e-01
2.121761689526974415e+00 -1.693826062584081305e+00
-6.811435414422823520e+00 2.590571946189186736e+00
-3.305208989139141629e+00 1.473716607342768992e+00
4.688953269158449899e+00 1.425385617062779664e+00
1.980950588895674436e+00 -3.048259705495210969e+00
-3.792451315643692755e+00 3.035827186506475872e+00
-4.355046595245034347e+00 2.091484960446442720e+00
4.627131979976248033e+00 -1.048078242773341051e+00
-4.673486178976951955e+00 3.495777118027506347e+00
4.329844650409422790e+00 -1.846969000609841371e+00
-4.996024348860632180e+00 2.947762038101948256e+00
-5.279347739238668957e+00 2.468612016224768890e+00
4.892809500616378315e+00 1.158790614268619068e+00
-4.552885829447420818e+00 8.305831657869775508e-01
3.649662023260512367e+00 -1.658415945740392416e+00
-4.760968062262465494e+00 3.600808580008418414e+00
4.230759288694932785e+00 -1.370834223315919420e+00
-4.417790487391553000e+00 2.130861782292814421e+00
-6.132548053062454763e+00 3.108415711851078456e+00
3.137361823208819178e+00 -2.152251401692536703e+00
-5.388782210930221694e+00 1.209389102750098921e+00
-6.019795165541496296e+00 2.442483019642214259e+00
4.199370939305693717e+00 4.642868519221831636e-01
-5.793512144444380674e+00 1.930644658165329375e+00
4.592933449458678652e+00 1.421048198530488582e+00
-6.847704322334312366e+00 2.618235908628347985e+00
2.944264106026214467e+00 -3.051515644304500174e+00
3.087287707863257236e+00 -1.008048896562445229e+00
3.304489652865403304e+00 -3.065944437396826316e+00
