3.522099462401415249e+00 4.826505062493150255e+00
4.563622829955479854e-01 5.361956829851213691e+00
1.699007171856709020e+00 4.373460152704063297e+00
2.302309700764265887e+00 3.454400607665811584e+00
-1.376858995085157966e+00 -5.749721076580169843e+00
1.264737146417942881e+00 4.183190453083843074e+00
-3.551221217005983366e+00 -6.354695886556643636e+00
-8.776750991639817867e-01 4.803171753754773121e+00
2.571329937046096692e+00 3.892810660335108697e+00
4.278948082911845918e-01 4.902249160567522246e+00
3.364240879601001932e+00 4.402806406900602099e+00
-2.428183030805080467e+00 -5.909885217378223921e+00
-1.015061120699452424e+00 -6.420666705274007846e+00
3.516833377127519089e+00 4.039280739228983563e+00
2.839816730850307280e+00 3.777273433610190967e+00
3.337597262658288155e+00 3.549153259889959777e+00
-1.935601059160541038e+00 -5.016806741757934951e+00
3.577375891150267773e+00 4.382488949949583379e+00
9.834772032798114738e-01 4.879045575982239313e+00
2.306721044831789857e+00 4.844651739229494325e+00
-1.092623357860530442e+00 -7.874128298337482512e+00
-1.553304747192957525e+00 -4.936162756436304200e+00
-8.669749801764370378e-01 5.026851580213302029e+00
-2.016928292125629518e+00 -6.000614029987281661e+00
-2.327122302066709114e+00 -6.291456778540328365e+00
1.197180423834743435e+00 5.771528902485307810e+00
-3.266342548333080131e+00 -7.717875698375435078e+00
2.152620431049145022e+00 5.438256046472210059e+00
-2.670170779388040483e+00 -7.315085162569321398e+00
-2.248441267099980490e+00 -7.255974364712347580e+00
-6.732181946197898226e-01 4.380605369655419246e+00
-3.210344938962882200e+00 -5.607149371810598915e+00
1.804378225172959871e+00 5.178464266587731402e+00
-2.990300557695802386e+00 -7.430039297076217686e+00
1.512695702232534467e+00 5.546556578195772857e+00
-2.459648441009523179e+00 -6.663283493293593374e+00
-1.739100323719311100e-02 5.207120551959336652e+00
-1.416646012996497062e+00 -7.365482514005552872e+00
-1.014421945033093797e+00 4.789834008686502997e+00
-1.163409799198366512e+00 -7.423911793287550687e+00
1.335212007355182529e+00 4.321277096476866753e+00
