-5.902577436886318196e+00 3.009845461922268584e+01
-1.271905437297056451e+01 -1.941309025946261713e+01
-1.836626072394373210e+01 -2.367198070467653181e+01
-7.305325055635326414e+00 -2.707794803886944024e+01
-7.360758596457277925e+00 3.432942042319127296e+01
2.224324902879996557e+01 -3.238717167154693755e+01
-7.156311318660032228e+00 1.121066526473177838e+01
-2.764966314635054712e+00 1.878546737204899486e+01
4.310269374224361627e+00 -1.633497458667901370e+01
2.298121655954060572e+01 -2.513362872811604021e+01
-9.832734002960251019e+00 1.454450473871961691e+01
-1.497393991205290265e+00 -1.804431791623641601e+01
-3.426521357456670103e+01 3.101851856836688626e+01
-1.315760136719457307e+01 1.531587587756931690e+01
-5.184811652307175223e+00 -1.004864759854086032e+01
-2.837966353915058804e+00 -3.131060798988152527e+01
-1.666766231489030403e+01 2.298800543264633944e+01
2.607218815447505023e+01 -1.747242504830784071e+01
2.169727898281815470e+01 -1.492712003149235933e+01
1.982380418580340198e+00 2.551514870801922541e+01
-2.337933166799244233e+01 2.333351004004304130e+01
-1.281578655103339237e+01 1.190430307667038612e+01
1.545729560073849918e+01 -2.028146450918908883e+01
-7.570869051415340500e+00 -3.569864897490990074e+01
-1.423072160711239675e+01 -2.288077191065208993e+01
1.052422140500387293e+01 -1.165590938376102237e+01
-3.399642187949458361e+01 2.965738169448236761e+01
2.576325292990029769e+00 -2.799322388415615848e+01
3.678493850532575493e+01 -1.617484514239559701e+01
-5.299812536853493405e+00 3.163453695199504878e+01
-2.827058325556265217e+01 2.851649132544924825e+01
9.843740825269316375e+00 -3.126499626335714410e+01
1.227798213948972705e+00 -2.272705632475791759e+01
-1.185207434683487548e+01 -1.972670452399282226e+01
-6.646281507893558427e+00 -3.702793993322457311e+01
-1.649180141651498133e+01 3.816587248402486665e+01
-8.497372708484432380e+00 1.765573890026536574e+01
1.247292129979897624e+01 -2.666421857759956282e+01
-4.555353036495862540e+00 -3.061257984971444301e+01
-1.429319963238364366e+01 1.954199183938901285e+01
-1.403699484691109589e+01 -1.773108167625587939e+01
2.242917890949357229e+01 -1.897664497692256802e+01
2.449931377148315192e+01 -1.790972431031401513e+01
1.079645062990341131e+01 -2.368774859542143219e+01
6.556460009059457583e+00 -2.918656934258336122e+01
1.161713955040623247e+01 2.713093858267476288e-02
-2.718473070755686294e+01 3.526197234444065742e+01
6.566520076132921879e+00 -1.803991481546393061e+01
-1.314766253565186505e+00 9.544231301861330063e-01
-9.115490713770206810e+00 2.106400000556697094e+01
-3.457421515172472226e+01 3.183463555723589877e+01
-2.028370143292762151e+01 3.515845580494693934e+01
1.460265911925855598e+01 -2.856430670861855603e+01
-1.192130016622936850e+01 -5.078604030043901041e+00
8.209737666907916065e+00 -1.750897477143773528e+01
3.081129535215815451e+00 -1.584785520403255177e+01
5.447067163043942450e+00 -2.593961710762274464e+01
6.860825390964484072e+00 -1.419787984594802666e+01
-2.328910774862702837e+01 2.188350061225704835e+01
-1.972572336943973781e+01 2.232949094428553494e+01
1.291904403046829053e+01 -1.677449572815571699e+01
2.803892220068378904e+00 -3.627930836211084653e+01
1.980101779042769650e+01 -1.117234551730528658e+01
-1.274023874857707916e+01 1.058065535877404173e+01
-1.374021700429209503e+01 2.406149198909864850e+01
2.402414159718505360e+01 -2.117039311940513713e+01
3.571520878934818910e+01 -1.710374792333342242e+01
3.586161262734230348e+01 -1.312366980390913618e+01
-1.243649846694305872e+01 -2.611793709816121023e+01
-3.546894079543912337e+00 2.931064603618508713e+01
-8.862394021140920231e+00 -3.595184137394129920e+01
-1.546537928810964679e+01 -3.358234173510940224e+01
-1.645886716731999044e+01 -2.400065651458056593e+01
-9.023345944882658065e-01 -3.345465388599472334e+01
-2.338464618876180179e+00 2.751802918670601628e+01
-1.640134951857833201e+01 -2.614335651194458876e+01
2.207404702678642749e+00 -3.276015684484674750e+01
1.305228633788683901e+01 -2.376191935380283482e+01
-7.772204871526128045e+00 2.352866671531347365e+01
-2.482158277082995568e+01 2.878915160110618388e+01
-2.456136026621687662e+01 3.538764352344270492e+01
-2.902037033701096291e+01 2.998199354504128422e+01
3.007930574462027451e+01 -1.853016275866117368e+01
2.073952104683577602e+01 -1.646518385554277941e+01
5.228429660232063902e+00 -2.144291810392953934e+01
-3.882613375805302081e+00 1.027882957264339048e+01
-1.631209984391404788e+01 4.505975067371100096e+01
-3.170890962296593951e+00 -1.642440877122865928e+01
-2.451409546099058900e+01 2.434757718512393865e+01
-1.414314348746963468e+01 2.663976299002238690e+01
-1.527302049682319662e+01 2.725479209081992593e+01
1.268072812455372045e+01 -1.446658728214819511e+01
-1.258413332816164143e+01 -3.189283312804265691e+01
-9.662875178880588223e+00 4.244818929162569532e+01
2.571652665493688517e+01 -1.981334828180095542e+01
-1.631927878231679507e+00 2.427748342276579407e+01
2.928688847088195857e+01 -2.213723035246133719e+01
2.303789956078222190e+01 -1.966671115745373655e+01
2.911309267804041667e+01 -8.434918554208941543e+00
-5.698967126139255157e+00 3.789593656618037443e+01
-2.120603750084429961e+01 1.983046877816641640e+01
3.818483596497229904e+00 3.001593021065473366e+01
3.255004577838298019e+01 -1.361379107471072381e+01
3.399554834193011033e+01 -2.075528534412476134e+01
9.698922539430554934e+00 -9.436445904058917478e+00
3.031684548510870059e+01 -2.792946309913349623e+01
-4.401834558381687579e+00 -1.160987431787461688e+01
-4.773414933235236468e+00 -2.365041459643373045e+01
2.773169090206926768e+01 -2.712593394383309331e+01
-3.437864417906950187e+00 3.634188442910608074e+01
-2.318982034130336700e+01 1.395927542651611653e+01
1.626002219785071645e+01 -1.000171947306190745e+01
-2.897408782698505192e+01 2.729064269707211565e+01
2.417481612189500861e+00 3.724172802534303628e+01
8.906061485907477149e+00 -3.761176786567612140e+01
-1.352120410652601379e+01 -3.094452919789863898e+01
-2.021891612380773307e+00 3.072296744454906303e+01
3.097163324041787646e+01 -2.487006194806020076e+01
-5.702620559579599124e+00 -2.631744902607149683e+01
-1.117562957195294260e+01 3.033954915939819941e+01
1.455319095800428286e+01 -1.836994735918272781e+01
-4.020731604053663588e+00 1.831301695207691793e+01
-1.116955059577991527e+01 1.524673475926977773e+01
-7.448465450481799088e+00 4.576771791288568814e+00
-2.176596428055384891e+01 1.782659064923121051e+01
-4.884659326943868507e+00 2.479631426436499808e+01
2.276484584831183255e+01 -1.632030295118036634e+01
-6.291342042259495670e+00 -3.364665861759921484e+01
1.204518885562779085e+00 2.611506421165826097e+01
2.016270135773432060e+01 -2.497166505587152230e+01
9.968125254727224771e+00 -1.945967412852332856e+01
-2.618837159311043905e+01 1.908411097654574817e+01
-1.200018350087140107e+01 4.315822420346478339e+01
-7.075288415094711958e+00 -3.112681333385014426e+01
3.144771796289084875e+01 -7.290006713491096413e+00
5.606334955567785272e+00 2.427351964763934689e+01
-9.416032658508848741e+00 4.002644037826456014e+01
-1.329453292569585798e+01 3.541597338448206500e+01
-1.068045269758421290e+00 3.377806820993160386e+01
2.922231379587088185e+01 -2.618342902314582687e+01
2.224864464077121085e+01 -6.166270360395810890e+00
-4.458646045950853676e+00 1.250323853268103491e+01
3.702490271335419436e+01 -1.962690581573284732e+01
-3.424270227434524916e+00 -1.878407915163013087e+01
-4.211344577568446823e+00 3.576580010387051090e+01
3.783013211230162653e+01 -2.080679766988956203e+01
-5.947565231147547316e+00 3.240823270119513921e+01
-2.301222852487915915e+01 2.990963499887128663e+01
2.892219786850825614e+01 -1.875456634195475658e+01
3.031029511460251413e+01 -1.308295364160473540e+01
3.163434978455379465e+00 3.512015666335990005e+01
2.115328201195632118e+01 -7.126389469684413669e+00
1.348766426294086607e+00 3.226879974347480129e+01
-5.597869927458917871e+00 2.734328192391910406e+01
6.105101483441752741e-01 2.942598266057446210e+01
-6.623165475987095263e+00 -1.394838903021806509e+01
2.711925101770891899e+01 -2.173299546104850677e+01
-3.095170885334926680e+01 3.117404962483363562e+01
4.195897172531171115e+00 3.443783009811842533e+01
2.848666772834181415e+01 -1.102905062488476950e+01
3.858648243586487325e+01 -1.550290716557271509e+01
1.104797988824058308e+01 -2.933459740751742117e+01
6.184207928637383667e+00 2.475102012639450066e+01
-2.348210848563250241e+00 2.714204431535615214e+01
3.249549802539235088e+01 -2.014083057256493703e+01
-1.619704876445256403e+01 1.638309111027880505e+01
2.902083644064519063e+01 -1.256552416780061421e+01
3.722408102355824866e+01 -2.236554645386384621e+01
-2.985172031539525817e-01 3.751459345253881850e+01
-1.534443899796752753e+01 -3.197642776804224951e+01
5.917673612989363896e+00 3.408408259961319686e+01
-8.597569118301032987e+00 -2.275268221939449731e+01
-2.421262772262700125e+01 1.650812593080324930e+01
3.073004775628773899e+01 -1.724423314575456700e+01
6.394589212766595310e+00 2.682473667588784139e+01
-1.408082224204579624e+01 1.224292270486705725e+01
-7.356743539485225192e+00 -2.905363759039709493e+01
2.640569195685824155e+01 -1.280250809785079191e+01
6.560117809540668254e+00 -1.277535421122309067e+01
-1.314358798507075221e+01 3.985488879348641689e+01
1.860946099713230595e+01 -1.596899698464804374e+01
-3.461834975785469481e+01 2.931602066087565461e+01
-7.183132508743471867e+00 3.949629709733867600e+01
2.181126930681982401e+01 -2.797052449152930365e+01
-2.577886179393640731e+01 3.355563059444985896e+01
1.512985259710140085e+00 -1.047576467004578404e+01
-3.008177151766196289e+01 2.634645950833182937e+01
2.832145291386803621e+01 -1.492735791097990194e+01
-8.384373100924719324e+00 -2.346392191175353403e+01
2.606061357819057278e+01 -2.717912381558800305e+01
2.968172503643129545e+01 -9.124965570979316709e+00
-1.775102018143816451e+01 1.574609796203399803e+01
-2.340960994788714444e+01 3.190765485627595055e+01
1.305280534634289680e+01 -2.045913810569201630e+01
1.950155662571735959e+01 -2.379181983558356350e+01
5.745098549187902526e-01 -2.709956030747426325e+01
2.359315866184076782e+01 -2.257162663103096278e+01
-1.589900974486547014e+01 3.881992371253348750e+01
-1.356181645035174022e+01 4.344930461189772330e+01
3.092734826100319268e+01 -1.147806461584779925e+01
9.612299004652347989e+00 -2.695116597018758497e+01
9.417781760820093107e-01 1.740126912683343363e+01
1.611540621140441942e+01 -2.276361876336663670e+01
-1.032977660637852146e+01 3.267090791434495856e+01
-6.121475667092831863e+00 8.043965257295294435e+00
2.918806360240475684e+00 -3.209539914924304327e+01
-6.893782508090890104e+00 1.850400934535466746e+01
-8.225647216031291009e+00 -2.545879332875126622e+01
-6.897528923476968998e+00 1.192583850964776815e+01
1.157493702878843500e+01 -2.360220515806315333e+01
1.272248062956363279e+00 -2.474142482765935114e+01
1.886595954920541018e+01 -1.258885982119409697e+01
3.893427928717479780e+00 -2.437030780315426171e+01
-4.618267408957918541e+00 -2.979255713876012024e+01
3.650473223469311579e-01 -3.001838094073854535e+01
6.863987710903193928e+00 -3.345346593197668739e+01
-3.191450987037017573e+00 -1.110652646786460096e+01
-6.470185236949775209e+00 1.662833720170179319e+01
-2.153960262295147743e+01 4.226144769222798914e+01
9.369047841892630402e+00 -1.196049335069620412e+01
2.430097197844168377e+01 -8.523622498564201067e+00
-8.300728562284909628e+00 4.169251786660613845e+01
1.687938926107381610e+00 2.128722712979991272e+01
-5.447834363311919503e+00 -3.443338642919243142e+01
-1.015962752606244912e+01 3.733789569547167275e+01
1.510706514672877709e+01 -2.792532316146019511e+01
-5.965463015870250629e+00 2.178313761899159928e+01
-1.454541820513137473e+01 3.133081168513547610e+01
1.141245868814365316e+01 -1.073036976700486633e+01
-2.477828008442335861e+00 3.118324496303629090e+01
-1.636565763076995594e+01 2.064286648839992822e+01
1.450696288383563726e+01 -2.603421164605886773e+01
-2.454252680211323590e+00 1.303210375736327009e+01
-2.570669719406993536e+01 3.463591742753547464e+01
-4.709592781480529955e-01 7.690689222934945946e+00
-7.955202679681662836e+00 2.884344651674609139e+01
3.310544485654071423e+01 -1.780874091181356533e+01
5.208176902162720445e+00 2.950008868238321114e+01
3.176397259228512127e+01 -1.938920749567836310e+01
-1.788392566852220700e+00 3.511418741942361521e+01
1.961665252859295805e+01 -2.818092487534915236e+01
-9.576850743783640318e-01 -2.234093189383773748e+01
-1.292981900541770379e+01 -2.665551463069564164e+01
-2.238501589790817903e+01 1.625683352103161283e+01
1.023417065049164876e+01 -3.014468290674546935e+01
2.769181159127258240e+01 -2.903334053042748408e+01
1.598619691087494576e+00 3.428305823776567252e+01
-9.208668738711802249e+00 2.694971789806399798e+01
1.360965282810843213e+01 -1.697208979440629051e+01
-9.186471128423525201e+00 3.733888228187799285e+01
-1.411465867259728002e+00 4.281998233013667488e+01
2.593986792547904585e+01 -3.038955323105253115e+01
3.899512387722197815e+01 -2.030645385593274810e+01
-3.032089749743548168e+00 3.884575552399964948e+01
-4.367276615588006727e+00 3.441269888069037108e+01
2.816266748526649621e+01 -2.769995767599889192e+01
1.768853701065238582e+01 -1.569603923611382967e+01
-1.031511763453815611e+01 -2.011000115347691164e+01
-2.429644353916827981e+01 2.993795245841258890e+01
-2.452247658084467119e+01 3.651414306196431880e+01
3.630112140538452792e+01 -2.355399111382783062e+01
-9.390561543566201763e+00 -2.834082122148977234e+01
-1.312682414695787969e+01 -2.362255238768536003e+01
-1.472369624721196679e+01 1.860145513842730480e+01
2.216850302499598513e+01 -2.511230415484992307e+01
-2.539356405266695305e+01 3.065904534211507126e+01
-2.560653879282036982e+01 2.192645855409411837e+01
2.544482445632490908e+01 -3.265236162942510845e+01
-1.241519720119199377e+01 8.911280914841237077e+00
2.985885732408358351e+01 -2.001331770971983204e+01
-1.069621451456513661e+01 2.605805002970963713e+01
-1.451705289850536751e+01 2.188174820168298140e+01
1.778013716230319474e+01 -3.038842073504746466e+01
-1.930762390938942730e+01 4.015165022456198329e+01
1.757114005554909753e+01 -2.039797487978994184e+01
-3.853837580596688461e+00 -2.447920580851740624e+01
-2.034481859145751770e+01 3.974022755190930667e+01
1.751804418732344359e+01 -1.384344319927927813e+01
-1.697340800703501573e+00 -2.238317680043509483e+01
3.322149679800209476e+00 -2.722050805471808843e+01
-1.124050865038094038e+01 2.794543496577328767e+01
1.749495167854150424e+01 -2.525979936926970382e+01
-1.277387697184029491e+01 -1.769386560621616056e+01
-2.512502937333508157e+00 4.066127384503974440e+01
1.576597741439716316e+01 -2.135069767072086933e+01
1.449777892899997234e+01 -3.447021997839591734e+01
-1.982531679254342549e+01 1.411307440053312945e+01
-1.407584997473002808e+01 -3.005899510574530709e+01
7.581308985528773192e+00 -2.127715153994612152e+01
1.312100072558154640e+00 -3.733889601818730597e+01
-1.913682135297245779e+01 2.927857693180798293e+01
1.112409913796260419e+01 -3.232542125311015724e+01
-1.598498477487995117e+01 1.772429532254041362e+01
-4.966399572873847923e+00 -1.243863792771899668e+01
-1.046367939073614295e+01 -2.984005644179792327e+01
8.331813797057016302e+00 -3.384653339622970947e+01
-2.090046928858561515e+01 3.252945848717929067e+01
-2.878727953494061964e+01 3.945473890992048638e+01
-2.022405307147165487e+01 3.389849190859091976e+01
-2.562895396153532346e+01 2.075520939594374070e+01
-1.402915374666929083e+01 3.628539192396754487e+01
-1.725114251599913473e+01 -3.104137583647311160e+01
1.834420919049514964e+01 -3.534046827477648378e+01
-1.660301369282612427e+01 9.614436638132996649e+00
-1.547934028717824262e+01 3.929475887408059975e+01
-2.875536092019409296e+01 2.047304468748465922e+01
8.706775870209057189e+00 -1.687981193435783211e+01
1.959449431742995529e+01 -1.880894695546284723e+01
-9.391656610366153402e+00 4.459452043479465289e+01
-1.357031193784142431e+01 2.770617148386848427e+01
2.170827924953073662e+01 -1.078049273121733798e+01
-1.098291321357812933e+01 2.468039533041414657e+01
-1.112407837030931113e+01 -2.567432171154252174e+01
-1.705481014516546523e+01 3.188884867392064137e+01
1.547349654091324744e+01 -9.884481978104499689e+00
3.191790337128698951e+01 -2.166121832627629118e+01
-2.242278216994615292e+01 3.858750714799244719e+01
-3.083421197638258349e+01 3.798609041868132152e+01
-1.169912531915547760e+01 2.066047515904828202e+01
-7.195594966069666754e+00 2.647575445893686918e+01
-7.731787896519090708e+00 3.669502808770931157e+00
-9.118469020436279493e+00 2.516778526247088266e+01
2.004004213613434260e+01 -3.049694552875308418e+01
-1.231648412717951224e+01 -4.524691335786291013e+00
-1.935678640380593052e+01 2.769501865661034046e+01
-6.207407783035699289e+00 2.624902603465390527e+01
3.374584189176033533e+00 4.197544562445419558e+01
3.512743961490424560e+00 -2.038659783044405316e+01
-5.335124452483160695e+00 4.010404147128591745e+01
-3.182383373069044730e+00 2.078944949630674799e+01
7.804660335377701763e+00 -2.877408328718371067e+01
-1.732633445072164946e+01 2.695569585381437250e+01
-1.345144611688428071e+01 3.407874185938212719e+01
-1.169182596188539647e-01 -2.548573235509386237e+01
-2.338502570052524432e-01 -2.017396045952174788e+01
2.126127383259055392e+01 -2.101952319242857925e+01
-1.439890318710185824e+01 -2.093453636149811103e+01
1.497033609187232805e+01 -3.133723326328560432e+01
2.934899230411310711e+01 -3.058354239607919922e+01
-1.691456218718644067e+01 3.320844682576874618e+01
-2.073243407858800325e+01 2.470597476657634317e+01
-6.113292229219315033e+00 8.762021727614371258e+00
-1.119081415700844850e+01 2.242492333077067457e+01
-9.182721707535186795e+00 1.816917176836803804e+01
-8.918223417880462023e+00 3.146772352211601742e+01
6.721142292276061525e+00 -2.532574619451530040e+01
-1.697371194661111105e+01 3.055323704583049604e+01
-9.438760646886509065e+00 -3.273585471859794893e+01
-2.729776011145753145e+01 2.309219271215643232e+01
-1.187389452943682500e+01 1.770996460399052808e+01
8.183781967823389181e+00 -1.544862645220005071e+01
1.929910884842922769e+01 -2.296828322404651956e+01
-1.932307226346744500e+01 1.440701771727805713e+01
-1.102103019151227947e+01 1.256416425555574712e+01
9.772710253136375869e+00 -2.095479097000891855e+01
1.461236407830129380e+01 -1.614379622988677099e+01
6.157461894058648966e+00 -3.456810486685798622e+01
-9.439820984393724856e+00 9.649088126808029742e+00
-2.265870620232620780e+01 2.733842472792540335e+01
-3.129848904302462653e+00 -2.662219425980281073e+01
1.052833504722365987e+01 -2.737356331004572851e+01
1.873068825330216569e+01 -2.768154118091805671e+01
-4.054184488740019354e+00 -1.919110729706195073e+01
-1.228721715492702060e+01 3.043688146590193000e+01
-5.320108334974463560e+00 1.493750582202911126e+01
-2.975792530984429263e+01 3.198166695981586116e+01
3.901074869298918557e+00 -2.975005553413972947e+01
-1.103472728953321713e+01 -1.616159759657651662e+01
-1.610300108775657435e+01 1.064568069209570389e+01
-5.923363793715101799e+00 -2.142134072497603725e+01
2.440586018070987073e+00 -2.466565722815895612e+01
-1.058706756504080104e+01 1.811935047482307226e+01
-2.976099440873002422e+01 3.898475569464610402e+01
5.253269780295759084e+00 -1.518519452337819331e+01
-2.632422893749477666e+01 2.624331631770943574e+01
-4.297251609442995779e+00 -2.737607367879853015e+01
-1.217906574657137675e+01 2.591623411133632615e+01
-1.976384107709960247e+01 2.559956590155627154e+01
1.269710379291542424e+01 -2.070876557478627333e+01
-3.004469671893989613e+00 -3.511886156932759917e+01
-1.677481114803431694e+01 -2.428585699619359772e+01
-2.328915190701927784e+01 3.976015998003116181e+01
-1.535919874612060987e+01 2.238539116198953849e+01
2.648344245918156048e+01 -1.604101033893701711e+01
-3.898011783131144270e+00 -2.838999198964398119e+01
-1.998544880810802127e+01 1.965302970996859244e+00
-1.579875801833453863e+01 4.108439819127367798e+01
2.656473615261629462e+01 -1.430630673345806159e+01
-5.672071971777354477e-02 -1.940276459922972663e+01
-6.250313783613023588e+00 -1.822923398180732590e+01
-7.605752314600333186e+00 -3.194639371675692985e+01
7.462595938482627922e+00 -2.370911438151321704e+01
3.154068102507350346e+01 -1.388865698063944976e+01
-7.307688027654128504e+00 3.668425363296044850e+01
1.920355212007745838e+00 1.324903511160906611e+01
-4.280563986538044041e+00 -2.164539089614400780e+01
-9.564396588704685342e+00 3.391926544803492760e+01
2.784024502578311200e+01 -2.230509731110949545e+01
3.311444147455347320e+01 -1.019833767152672621e+01
2.149450628003989294e+01 -3.181665002282396060e+01
2.375943262098233077e+01 -9.978030042266569311e+00
-1.761535464660273220e+01 1.312030109060901673e+01
3.347575374035341156e+01 -2.662129607494052053e+01
-6.921090765974387438e+00 3.891902945789670554e+01
7.187476473408897171e+00 -3.184773250013797963e+01
2.438523962863995465e+01 -1.396114135695317238e+01
2.575819897954291449e+01 -2.432425959300462281e+01
3.325287553915647010e+01 -2.837787564750844282e+01
