1.350802575932409155e+00 -4.135146183712216761e+00
-1.887264753169984655e+00 -2.707008217970558572e+00
1.372610327000778063e-01 -2.488389225054636889e+00
1.130768706701908322e+00 -2.324380585967908974e+00
4.780264603927592004e-01 3.479868329681737649e+00
-7.174491972384282601e-01 -2.374539247469837466e+00
-1.397256972655160245e+00 -3.250710005405422098e+00
-8.886511884080373902e-02 4.874052860279037169e+00
1.776350283140479824e-01 3.790793983976376680e+00
-3.153287460389351260e+00 -1.726118935299168822e+00
1.680177030042667274e+00 -2.963620938782206338e+00
-1.713845129603897899e+00 -2.144685909843355276e+00
-2.981608019358251038e+00 -2.696892515934689705e+00
8.909311084031932282e-01 -3.870740846582370054e+00
1.484878819932068827e+00 4.080903846375310451e+00
7.667746263215827196e-02 3.678745263662154041e+00
1.795373295351271103e+00 -3.560210151662559941e+00
1.476885590828932227e+00 -2.950347718919547280e+00
1.246431474317283961e+00 -3.393847335170837365e+00
1.582934927914723788e+00 2.963953059684761193e+00
1.170524217962301217e+00 -3.804884804981878865e+00
-1.208854270956762678e+00 -2.527757126313000313e+00
3.023129128239499530e-01 -1.897096394330564761e+00
4.896331125527082495e-01 6.041084921682378095e+00
1.003753116797991840e+00 2.861552939943528440e+00
-3.397445324702621949e+00 -1.841033603783083672e+00
2.075741211909795325e+00 4.063387107912143748e+00
1.109448705346990138e+00 3.984680663509176934e+00
-1.338713271895770607e+00 -3.665816136508559975e+00
2.004985229307947314e+00 4.972218220625372886e+00
-3.397075394845248675e-01 -3.754797260152254346e+00
1.308848092671035968e+00 5.035797003960155394e+00
8.211806565456538642e-01 4.926137976820008646e+00
-2.930964285669980018e+00 -1.608136716029541224e+00
-3.179717910022288874e-01 4.125559694777013675e+00
-4.690251633862999037e-01 -3.281054159724345443e+00
1.946811657744910162e+00 5.105106537171099745e+00
-1.024685658601454108e+00 -3.538008926287224298e+00
1.132699024306320412e+00 4.084851339308888107e+00
3.136363451815999404e-01 -2.877452921540807562e+00
-2.294429819961489869e+00 -2.330497631892245014e+00
4.256750125715006994e-01 4.646204443227646586e+00
-3.244951955986414838e+00 -1.717717999431292997e+00
5.010551704954664398e-01 6.041656445236938566e+00
1.002716438749020611e+00 -3.001560381734150962e+00
-6.114786855272664745e-01 -2.324102757349466142e+00
