-9.210926280559932877e+01 2.721045376141438510e+02
1.287258551890697333e+02 7.441216313386609826e+00
-5.867840776997589813e+01 -2.443619668258720026e+02
-7.266730794163019880e+01 1.144339339514431586e+01
-1.785029510025759976e+02 2.026598263539173956e+02
-8.651511868420304552e+01 1.446601747368281679e+02
2.020389899712500892e+02 -8.212911695062847173e+01
-1.438627505670642961e+02 6.347184268340762969e+01
-2.277297748325582347e+02 8.499890096363495218e+01
-1.341611191858213488e+02 -8.242132998895482388e+01
2.464279228759068019e+02 5.418506475878803030e+01
-2.207144151589527610e+02 -2.365246365493834801e+01
-3.317097385677466832e+02 5.186788890879022063e+01
8.546298341775553808e+00 1.118574642804641428e+02
6.057492152762994664e+01 -2.292767317061863537e+02
1.419387064841656922e+02 1.114860450937000991e+02
3.024340027343039310e+02 -5.601419643550995175e+01
1.059084115141846496e+02 -1.101947957378296934e+02
1.719054974903266100e+02 -1.883706299516646254e+02
2.854100894321005626e+02 -1.811420923358771233e+02
2.121540519454581997e+01 -7.594706382885252083e+01
2.241646551887035343e+02 -2.770271385674915905e+02
-2.894996977951033159e+02 1.867821484672769827e+02
-1.925272014668085490e+02 3.063573355106098575e+02
2.026217042388555356e+01 2.577792616663102763e+02
1.091248194101911082e+02 -3.165575747625970848e+02
