-1.167954849805588946e+00 -9.360932506795595742e+00
1.104139132262536904e+01 9.603894891401870026e+00
-1.021524234991419089e+00 -2.754158249777975520e+00
9.587995270956421123e+00 2.143136612571879596e+00
-2.095725838000976449e+00 -5.010411409452144582e-01
1.434245737413892829e+00 2.325165177556718987e+01
-8.772430806986484697e+00 2.329381134675305276e+00
-1.061825805392697930e+01 -1.686469628313806091e+00
-2.196962282282992174e+00 4.505214122175408065e+00
-1.424010659350807551e+01 7.101228114240124789e+00
1.414687414482974503e+01 1.098886912854529996e+01
-3.691510705545815174e+00 1.477844067718363874e+01
1.541280541049776076e+01 -1.545730497356758271e+00
-5.359872466998415241e+00 1.708670884468789009e+00
-3.940490906941587212e+00 -1.406875040432707991e+01
-8.245584990778636936e+00 -1.630633935673359503e+01
-1.093392433325033686e+01 1.597986654715199428e+01
1.948197218934959452e+01 5.098603804971508779e+00
4.354920853882283005e+00 1.281819590483098459e+01
-6.926968905283841238e+00 1.605025196090293349e+01
5.069794965373747964e+00 1.542172473806471977e+01
-2.960991609237318301e+00 5.093643957952242118e+00
7.662109921125557221e+00 -1.912126111807357631e+01
1.973093570561431775e+01 1.166450728308471341e+01
-1.714832540469419797e+01 -3.797205481289023687e+00
-8.445110838428611544e+00 2.046788894587337637e+01
-8.831288663841084130e+00 -1.973840417411953396e+01
3.679199247037475473e+00 5.100554612854252490e+00
1.448938926688738249e+01 -1.699707204982894071e+00
2.031987069563712822e+01 -6.494640183497887520e+00
-1.236378330547451831e+00 4.249208499161869490e+00
2.174960838167894295e+01 -5.207666782768054503e-01
-1.163676129604346166e+01 2.028993336325741748e+00
-8.401784538671945413e+00 -9.476313293260353987e+00
1.221588831087611959e+00 -1.477727150518467703e+01
-5.285758932576209546e+00 -8.888720157919559384e+00
5.769900482314681556e-01 -1.303887119090881619e+00
8.063714521521095691e+00 2.792440541946008548e+00
6.595523928773193489e+00 1.575530746298227369e-01
9.891245273124367188e+00 -2.774062728755389617e+00
1.815990360839431261e+01 1.317523298208630500e+01
5.512253573820879993e+00 1.973154535548543009e+01
6.442896431506960120e+00 -1.776516737434504734e+01
-1.508837413184702747e+01 4.029935227799982478e+00
7.744367673394077833e+00 7.921599621215412945e+00
1.172952400795776207e+01 -4.969062733371590213e+00
1.250969254695983324e+01 -9.947267878677676478e+00
1.072768915641158038e+01 -1.640091938729110055e+01
-1.192584732667766012e+01 -1.558637665503159830e+01
-8.264235853201752136e+00 8.088517607373713059e-01
-4.003246461148906477e+00 8.106799209530523243e+00
7.809389710286243513e+00 -9.078329454754172190e+00
7.713587397618799635e+00 -5.217717243224626600e+00
-1.551021008827310332e+01 5.204702273410904967e-01
4.554831933384590137e+00 -2.832259495430768048e+00
9.056806653027210885e+00 -6.337032861978121545e+00
2.674316783873614600e+00 -9.653144581299001104e+00
3.002428710649409638e+00 -2.087266292711507987e+00
-1.710648253591574530e+01 -1.631564244878862624e+01
-5.533576563878473964e-01 -6.884445304461284998e+00
6.526545412008903035e+00 6.661449893425877455e+00
2.192205815403825753e+00 1.213747023125674218e+01
-8.076052327139596088e+00 -3.502279215854836369e+00
-5.137416170001232629e+00 5.468347211436176414e-01
9.161523702869974528e+00 1.517814217072057481e+01
1.407331727101319174e+01 -9.744211995904510815e+00
5.967339930435178186e-01 8.926921468843710628e+00
4.324741575669743376e+00 8.488627887369490921e+00
4.723612161500787110e+00 1.371142766517152722e+01
-1.138576743085630660e+01 -5.302511881968747787e+00
7.411301769346445134e+00 1.141488143066353445e+01
-1.928027742106780096e+01 6.424234712857302299e+00
-1.863806492946788740e-01 -1.242270372602116524e+01
-1.214842067537550108e+01 4.916253299941552690e+00
-1.644989221796556222e+01 -3.736738466816261983e+00
-2.839260482292202958e+00 -6.437141657429184427e+00
-5.703936515852302769e+00 9.578027647581471626e+00
1.755680028895741485e+00 1.070535779812605170e+01
-8.264136348145381561e+00 -1.333744884209809811e+01
1.580073225770115108e+01 -6.679067552942340669e+00
-2.857766466531453275e+00 -1.083727422068008650e+00
-1.746191755089491338e+01 1.057130699965783016e+01
2.247416116735969638e+01 -5.496488359110653477e+00
4.147251085228932155e+00 -7.300299896936087052e+00
-1.141211700984672461e+01 -9.970696248155091368e+00
-2.024981929709404582e+01 -1.191915307812567271e+01
-1.479579831706993254e+01 1.788268334632224565e+01
-3.881723758705411420e+00 -5.461088938168472851e+00
-7.331483327302997566e+00 6.308190970810120923e+00
6.400073741498444324e-01 1.935035000439928154e+01
1.158233656622089214e+00 3.157508164301285891e+00
-8.897500768445619101e+00 1.192401128771398433e+01
-1.282793042402477113e+01 -7.721440920015071541e+00
1.801484821957559213e+00 1.679349931645376870e+01
5.464655016856748482e+00 -7.166609877542531315e+00
-1.061278542345901243e+01 7.180246025055100567e+00
-5.817692344637847235e+00 -4.574221309347660913e+00
-9.442099055431850019e+00 1.265235574472558244e-01
-1.205935885180663725e+01 1.039861239265411363e+01
-1.151676554110790285e+01 -1.154024069179657630e+01
3.846223959366410483e+00 -9.981107958542944303e+00
-6.209064723124129159e+00 -6.753024124886469970e+00
6.762641032770813077e+00 -2.174359458252308475e+00
-2.179393050197579029e+01 -1.294228495119461364e+01
-3.777535505361460988e+00 1.917493354563118757e+01
-1.538163764563296354e+01 -1.310859757825104488e+01
1.811921340159424743e+00 -8.972733145570273905e+00
3.225570624895817584e+00 8.005478700460667341e+00
6.827939019672604637e+00 -1.271056404957489505e+01
9.352088135939435887e+00 6.854225665782633925e+00
-4.077382743232468854e-01 2.342890874164339721e+01
7.471491440832572550e+00 -1.104861235949720522e+00
-1.296519358343678263e+01 -2.511858146824327953e+00
-2.161645576629279475e+01 -4.578072390708581629e+00
-6.621558062989951310e+00 2.536489238024210113e+00
1.458983997219036155e+01 7.470896934912885534e+00
1.157107024464049161e+01 1.993897826380214156e+01
4.548874066515856462e+00 -2.277620988542489044e+01
-1.278884520379795831e+01 3.448836231480072012e+00
-1.252314259751473458e+01 1.401282324818450831e-01
2.168392083363100653e+01 6.469536658872071300e+00
-9.335042452808155033e+00 -7.208443256945854749e+00
2.095517377710114371e+00 1.674896415788542203e+00
-2.406860568390794874e+00 1.422798996242569913e+01
2.289298050591101585e+01 1.617526659741548023e-01
-1.867688934018295299e+01 -1.150428855717998911e+00
1.471889253196295710e+00 6.260361712650826860e+00
-4.686930288497119790e+00 7.199898159460481395e+00
-2.016453221538622387e+00 -6.343929438204301441e+00
-1.126096560371151689e+01 -6.554066371886929865e+00
1.555957155897552013e+01 -1.077684418755270457e+01
3.237674445942448465e+00 -1.309921331975313485e+01
-6.923517174961257403e+00 1.689769763458260954e+01
5.663101829742319460e+00 -4.745685429535312139e+00
6.335807656086998918e+00 4.754568844506334102e+00
-6.932306326310815336e-01 1.277405804450854099e+01
8.914369931179807693e+00 1.386435536357481801e+01
-1.567382327998788760e+01 1.309536760176128567e+01
5.644131007964720226e+00 -1.326115430305084786e+01
-2.308900727365189809e+01 2.280276380417446402e-01
-3.848375018081068966e+00 -2.129324185554045901e+00
-1.433634382320013445e-01 -3.851039112962724609e+00
-1.461913274842129518e+01 1.413488338451552373e+01
1.318019461808700399e+01 2.327190207339322470e+00
9.281178756438341892e+00 -4.118899317871247412e+00
-7.102559753425294886e+00 -1.455444607602906393e+00
-7.895882809787221568e+00 -4.545042670844564370e+00
-3.435590002389863784e+00 -1.209782487153982267e+01
-1.467962190306480608e+01 -4.763836349995153263e+00
-1.521487366582700451e+00 -2.044182444360264128e+01
1.164528247254603954e+01 4.789509504872054180e+00
-8.702084683713639635e+00 2.203851916495804630e+01
-1.475779801865565011e+00 1.046317355488709389e+01
2.067085218837843641e+01 -4.313106302489188693e+00
-8.351729544481928613e+00 8.956438038375953425e+00
-1.543263187093552169e+01 -9.464052108152044340e+00
-6.100877968685264108e+00 -1.900135743325305526e+01
1.160355654495432987e+01 1.202529083423247513e+01
1.688582586969949517e+01 1.846496458217886216e+00
-1.477718399556816742e+01 -2.135847294811585684e+01
1.308484395378424026e+01 -4.075513785621897256e+00
-8.025638486450098696e+00 -6.605019743843265623e+00
7.260057907615162343e+00 9.636386405358480900e+00
-1.252537062655095346e+00 -1.611146528444386661e+01
-7.079193328786245187e-01 1.329716493866206939e+00
-5.647899883902154805e+00 -2.182596059279096323e+01
5.395442828649859024e-01 1.835349018725027648e+01
-3.760509440453543739e+00 9.854681648417644269e+00
-6.135981732700325431e+00 4.001689634279048668e+00
-2.348403760697470144e+00 7.097512366947669626e+00
8.147793449681516975e+00 -1.390648145218923482e+01
2.040358415456218211e+01 -3.537366390764868918e+00
-2.480579682981910139e+01 -8.465293629079742033e+00
2.172075231985469035e+00 -1.863244125885693236e+01
1.892844574996711415e+01 -1.056629510372944125e+01
1.183328740561850800e+01 -1.098303973794213206e+01
-8.767125440363248146e+00 4.509186858150972199e+00
1.477738488321664256e+01 -1.543765576094802583e+01
1.066891099617448191e+01 1.875548977872945278e+00
-1.824203231636045075e+01 -7.506464871676464590e+00
1.275914265502022005e+01 1.835933518616543125e+01
1.244357364133599120e+01 -1.359178440535783183e+00
1.843856412937510925e+01 1.467249469025854047e+01
1.604269909785613990e+01 5.023030581561930497e+00
1.167998074977663592e+01 -6.880180194902487223e+00
1.809615908434465581e+01 -3.060069860635029393e+00
-1.386057050232159149e+01 -2.197215545837889294e+01
3.533145202016474418e+00 1.017948550033459520e+00
-3.904080047006931231e+00 -9.740755997937291966e+00
1.180881557275112570e+01 8.327744973184993071e+00
-4.157864258806488245e+00 2.426839268182982234e+00
5.135989563094407018e+00 2.706943645279201505e+00
-1.047187613368051051e-01 7.821575659198298780e+00
-2.311636263916608769e+01 4.017200444061065134e+00
1.164160548140941920e+01 1.767122881787856148e+00
-1.830901494514787231e+01 2.793876780463725673e+00
9.100475621135784010e+00 -1.004982186520138576e+01
1.933136858390216872e+01 3.700573904521311075e+00
1.430687219726627823e+01 1.335971346802681481e+01
-6.700042208804869226e+00 -1.227540016678584323e+01
1.821845662344014238e+00 -5.502401996014442354e+00
9.317293829499662117e-01 -1.227992693921776457e+01
8.415625084919631238e-01 8.611599966325196309e-01
-5.876635583469721702e+00 1.163933826171475161e+01
