9.969026584101145616e+00 1.627995986201067780e+01
-2.049881926638943241e+01 -1.234074734680598517e+01
1.620926049220678422e+01 -1.216350052193401643e+00
9.917557425185336228e+00 1.204301390809914629e+01
1.916805113712656450e+01 3.217752447029201601e+00
-1.885744102059328853e+01 -7.950294607708562999e+00
2.158629523480520973e+01 5.970064051595157295e+00
1.104861316137507821e+01 1.558829893645552112e+01
1.750319725102387736e+01 2.068522318396990300e+00
1.478283081367297669e+01 4.036845188026140008e+00
1.297812925443132137e+01 4.156697210364348472e+00
1.705109006369259461e+01 4.658531840875356878e+00
8.538990023189757750e+00 1.295145579682503723e+01
2.302734583362024878e+01 -7.532919149027786920e-01
1.387963648552520723e+01 1.197787449697293916e+01
1.248105977596796201e+01 1.352629387451837140e+01
-1.454328332739841656e+01 -8.326292258175651995e+00
1.179462036068049180e+01 5.039922954914175968e+00
2.137889910687333028e+01 -1.672673076840069051e+00
7.705774029752173959e+00 4.663816532012053706e+00
-2.690222196560196011e+01 -7.829656871569640408e+00
1.532535125827953060e+01 9.265503396659042323e+00
-2.780792173128551070e+01 -1.272363822599143468e+01
1.128002815462115116e+01 6.278420489459738185e+00
1.665354498397375593e+01 7.387003668044770599e+00
1.271070796959644511e+01 8.956044402168318541e+00
-2.417948665622115101e+01 -9.906804479078431314e+00
-2.109812473291256296e+01 -4.852397198034219983e+00
-1.701914654164220053e+01 -2.428988913936048544e+00
1.445019333939702655e+01 3.866441402152865248e+00
7.586343113760355195e+00 1.875894967315125328e+01
-2.068751170175601928e+01 -9.842497810672940162e+00
2.193564283242010049e+01 -3.027020827297753347e-01
2.073796214127756343e+01 6.578582287266189210e-01
1.189420394683737037e+01 1.219230488534951107e+01
-2.587555712961151499e+01 -1.062617923395261599e+01
1.351250260048965757e+01 7.634565911542526173e+00
1.050820966922246669e+01 1.380780960054128670e+01
-1.951226429478840885e+01 -1.512448815630547649e+01
1.980521064698794831e+01 -1.909129314068139349e+00
1.917874964538966509e+01 -5.507655740900424535e-01
1.876776276902481300e+01 -6.604311247457623324e+00
1.885430570235503467e+01 -5.971114169718114262e+00
1.961619499801732047e+01 4.797972665949050697e-01
1.579047794386558223e+01 2.743948022335592762e-01
-1.890078473748843635e+01 -1.556789127729493494e+01
9.569298913001667017e+00 1.724789327553930818e+01
8.148890570424585533e+00 1.645249054654362908e+01
-1.797296320014767801e+01 -1.038596892231914737e+01
-1.561364598006129789e+01 -6.380418561847219117e+00
-1.633790296407875076e+01 -1.604606063611002886e+00
-1.855177834228013367e+01 -1.324359468004419504e+00
-1.930122463759118645e+01 -1.147937074972401206e+01
7.213513963024833942e+00 1.480283050607504158e+01
1.891115686331600187e+01 4.444444417428381477e+00
-2.413704873598180001e+01 -1.462975983186633044e+01
-1.649130548006548480e+01 -1.301990207916059639e+01
1.799254361775561151e+01 -1.911191314298240851e+00
2.148373669196577396e+01 -1.088207650431941786e+00
-1.764140844774147610e+01 -1.258073207050890829e+01
-2.034380149815222794e+01 -1.380475213473930829e+01
1.804659386036784596e+01 -4.986647928221862536e+00
1.871325622778585185e+01 5.953527171467142942e+00
-1.603263947340843387e+01 -1.149744827390513713e+01
1.807709387669421375e+01 5.980115487513815165e-01
-2.703926277528698563e+01 -6.557404345036498938e+00
1.892781887392315809e+01 -3.166885166283512021e+00
-1.618957255252978200e+01 -3.543542429842840846e+00
2.152004335738766372e+01 -2.737065295126614561e+00
-1.572642872711318063e+01 -1.378167805714344496e+01
-1.521074721176423594e+01 -1.198211046678039260e+01
5.444259556708574976e+00 1.464151381650726336e+01
-1.577184405314309323e+01 -3.661480385373229840e+00
2.016587772496501429e+01 -3.549039459247491646e+00
1.262008903233340362e+01 2.550635966382484909e+00
1.048550790062100013e+01 8.092833177428875757e+00
-1.987796025852020421e+01 -2.359337611541838964e+00
1.163740867335008566e+01 2.151896440164530411e+00
1.182270117915434504e+01 1.406655161432468937e+01
1.989751499606063234e+01 -1.134786460634518823e+00
-2.206704565932935935e+01 -1.458725523391346179e+01
1.429168352748652104e+01 1.258071027818593812e+01
8.995520487342272276e+00 9.886637236095731751e+00
1.703548932049224973e+01 8.397405216445495313e+00
2.093220478171264887e+01 3.477294161966446584e+00
-2.168787782603517655e+01 -7.892372845603850884e+00
1.859367354797372229e+01 8.379473389132977346e+00
9.216089236731917822e+00 4.561879632480533964e+00
-2.754415958985476465e+01 -9.503908155221461485e+00
-1.410256663462708637e+01 -8.754820019671674558e+00
2.332940773554876301e+01 2.091409315551513881e+00
-1.690656853836238938e+01 -1.377437947329483947e+01
1.239576277260938397e+01 1.528329532003870561e+01
6.800505402151096668e+00 1.752019483846332903e+01
-1.981930800249420344e+01 -7.696949363035521685e+00
2.085723506841825525e+01 1.899793080140295132e+00
-1.898083662332101795e+01 -1.333152268117036954e+01
1.866335613219881395e+01 -2.039323191126553692e+00
8.340787830008148163e+00 1.500229489049569409e+01
-2.705242257050208821e+01 -1.203161724111115305e+01
8.445673211102901590e+00 1.767814839594063869e+01
1.533832116954479297e+01 -1.553721177956247645e+00
-1.753031975262052811e+01 -9.908717559997064939e+00
-1.584594292310481123e+01 -5.999374877627690950e+00
1.066492454296982828e+01 8.954559497983373362e+00
-2.140596906081840700e+01 -1.283375090621388281e+01
-2.861529002130853883e+01 -1.011464021359721954e+01
1.333560571060357347e+01 9.691461190976335516e+00
1.012113972358395841e+01 7.409029149636917388e+00
7.992062422398475974e+00 1.384915748602357155e+01
-2.205866300683287307e+01 -1.123888873678637523e+01
-2.239799894713403816e+01 -9.983105315238486099e+00
-2.336346149620325363e+01 -1.218199848800609963e+01
9.257529458875794148e+00 1.941565965417753858e+01
1.676879640689189443e+01 6.702019796764099979e+00
-1.800241729499574816e+01 -3.443368383228706087e+00
-2.091804856178707439e+01 -1.604283638168730164e+01
1.518486436695401132e+01 7.762972919548507988e+00
-2.264656983394971235e+01 -1.309538948287576865e+01
-2.222201890300168969e+01 -6.416130099543172705e+00
1.776566291240341400e+01 3.097797781419701302e+00
2.183150956323674663e+01 -4.444244059090627808e+00
-2.744274635335753132e+01 -1.040834640929735322e+01
-2.400462637928124821e+01 -5.490900431451895436e+00
1.194779406366460961e+01 7.534211640975434499e+00
-2.351390251280745503e+01 -6.714254851336857399e+00
5.521817352206497276e+00 1.751011884009475850e+01
-2.239596550999275593e+01 -7.241613518392091997e+00
-1.901723043971176352e+01 -1.123407796339882125e+01
-2.448828330349295967e+01 -1.083316735559650112e+01
-1.698491999645047557e+01 -6.788308469259563438e+00
-1.867443524179124736e+01 -2.625533056297353340e+00
-1.950469767071724903e+01 -9.666398104185985218e+00
1.606813754431020413e+01 6.273311127979215307e+00
-1.504404561590609113e+01 -4.767591751375143794e+00
-2.440107991263835885e+01 -7.593412507286197766e+00
-2.458689586010977379e+01 -1.240929264662544007e+01
1.160320739248576771e+01 1.799643058004722818e+01
1.143654359442369817e+01 1.626264505127784687e+01
-1.746957875825310680e+01 -6.856839408869123353e+00
-2.618147109206678635e+01 -8.502175358779268777e+00
9.644266410366933329e+00 1.504751320497874723e+01
1.322582038973363439e+01 6.829616068092671632e+00
9.096284173688964358e+00 1.421684332979995347e+01
7.290138734595570824e+00 1.884752924836232779e+01
-2.844998850183861450e+01 -9.612388560705515061e+00
1.807247617441337795e+01 -7.519022341561599765e-01
1.475760914800637380e+01 9.494617518122174360e+00
1.746046395004783136e+01 -6.480087753554486518e+00
6.979531356601282432e+00 1.216206711023946596e+01
-1.821251998645859871e+01 -1.455627203012307724e+01
1.707184817684795419e+01 -3.028796431882380791e+00
1.702315140449371711e+01 3.539712688975743315e+00
