-7.675595887276515761e+00 3.578704743927992382e+01
-2.100819704041372660e+01 -3.162103506754261062e+01
-1.900960957486611846e+01 -3.424020357162407890e+01
-7.712813397913144797e+00 3.801248210585039544e+01
2.394130922645957327e+01 -2.061326756526142034e+01
-1.295514991154357887e+01 2.772766867354099674e+01
-1.054678894787244126e+01 -2.998904874911552554e+01
1.962341093151264815e+01 -3.010115019696165817e+01
-1.031406695131564533e+01 3.241509562268988276e+01
6.811351932449867697e+00 -3.406743672071580420e+01
1.360276314203518488e+01 3.591807887708171165e+01
-9.439032383544077476e+00 2.578745860557216574e+01
-2.262675608659123228e+01 -2.461956049434075311e+01
-1.589261670279623040e+01 -3.416356607421082003e+01
-1.031397795152427221e+01 2.789230982169861051e+01
1.006242445340955705e+01 -3.133798649356682731e+01
8.955174365705946826e+00 -2.224447493540962029e+01
-1.124512107162857788e+01 2.757726131825298665e+01
8.892221445190109819e+00 3.110939392758692179e+01
8.721974933812495223e+00 -2.582227752561981049e+01
-1.571036151570174866e+01 -3.288859186335290730e+01
-2.458217379010306303e+01 -3.166342467719076126e+01
1.495560882192692098e+01 -2.891453056293376989e+01
1.339718826477454350e+01 3.524407207874359926e+01
-1.421604292189534036e+01 -2.780651507201446293e+01
1.553388499973778458e+01 -2.595335130594940409e+01
9.217168140361099660e+00 3.724569647013506568e+01
-2.867088856968055932e+00 -2.889411917448170897e+01
-2.890734513344986922e+01 -2.867872907501169877e+01
-6.009694690191857092e+00 -2.793561997335303460e+01
-3.191009556337121467e+00 4.586855576648181199e+01
-1.047371652638835471e+01 2.636358880429746421e+01
8.941756317388781738e+00 -2.360405316888815008e+01
-7.673649549595662478e+00 3.149938504276533280e+01
-2.306878240845871986e+01 -2.980173618362818644e+01
2.459521666400360473e+01 -1.970417264586531658e+01
2.130188432717659808e+01 -2.681698796568591092e+01
-4.016064491392370428e+00 -3.114483368777477423e+01
1.568952130557891600e+01 -3.406695463686817504e+01
1.074523260194290764e+01 3.340130872720402522e+01
1.128794434022736937e+00 -2.783227435836662167e+01
-1.617906790915201398e+01 2.226862035777034521e+01
-8.615848636249248571e+00 2.275306426186369180e+01
1.329059394137316907e+01 3.725799631377778809e+01
1.119246036799671629e+01 3.456603482611791378e+01
-5.233369211221326367e+00 -3.232007133664350818e+01
7.636219070692204625e+00 1.166459001589530331e+01
4.766950579255067488e+00 -2.838402897035264871e+01
-1.134522052974292539e+00 -3.271801666418575394e+01
-2.090738667756299130e+00 3.405617387627477655e+01
1.158241119317602763e+00 3.274802860293004159e+01
-1.178794088652334615e+01 2.502138365440734447e+01
-6.888652800515807861e+00 3.200913270107396613e+01
2.002863335239471354e+01 -2.262534787780712620e+01
9.957253316997539017e+00 -2.239243388130244838e+01
-2.362579531499223506e+01 -3.087141253328252688e+01
-5.972476228832086065e+00 3.395417752643607656e+01
-1.527782111098970219e+01 -3.527137013532607313e+01
-1.783209621093656949e+01 -3.061981895394990971e+01
-5.246347916887840412e+00 3.754605455225475197e+01
8.207782665737015648e+00 -2.120871220690086290e+01
7.740042145276903263e+00 3.546500355482994138e+01
6.375674847990356220e+00 3.591136822877665935e+01
1.340737389331336438e+01 3.200723523999877074e+01
2.297410541991170874e+01 -2.666597877838217912e+01
1.981967871950972793e+01 -2.684258908067810978e+01
-1.095498838831708177e+01 -3.326578831979272621e+01
-6.783475447489235144e+00 4.448551095898208985e+01
-1.448788354609313522e+01 -2.985192295040735644e+01
7.337590662359601446e+00 3.136481307253635720e+01
3.229660336577663049e+00 3.925105339533310200e+01
2.460966950915366880e+00 -3.120197484739466631e+01
-1.962766093506779796e+01 -2.480874655491535563e+01
-9.031007802397065021e+00 4.287051699959317119e+01
2.622395819771376324e+01 -2.767874026089745243e+01
2.806497604244097488e+01 -2.721449816180261294e+01
-1.249973881145789534e+01 4.411346209140685204e+01
-1.930459344502794039e+01 3.665726082729799629e+01
3.372887342448485981e+01 -2.502155607089297717e+01
3.213499628479084436e+01 -2.509966748769847200e+01
6.066236437842836615e+00 -3.026903905404930839e+01
2.644386325840759611e+01 -2.866887554592318210e+01
-1.055534534742144004e+01 -2.703538535272470611e+01
-1.607148801235361191e+01 -2.560630408829703697e+01
2.211717296271959654e+01 -2.107991225791847967e+01
-1.196305646452394278e+01 4.279333582119804902e+01
-5.236898146432961809e+00 2.137724676407659175e+01
2.691497501624281341e+01 -2.480849154775830101e+01
1.246538856669227791e+01 3.024359768378646152e+01
2.942153152518083292e-01 -3.115061007528825954e+01
-2.000227950449295022e+01 -3.276226080835390775e+01
-1.352494512278516403e+01 3.915182472880006515e+01
2.978953286200184891e+01 -2.656974395683601742e+01
-2.074451342447692070e+01 -2.927643979157878817e+01
-8.938406702707522911e+00 3.595577714245381173e+01
-1.287052470117350245e+00 -2.780012986500180006e+01
-1.405944393562313977e+01 2.868570695499310119e+01
-6.292950845928290349e+00 2.792435614314267411e+01
-1.522616866530218438e+01 2.630096778683821057e+01
-3.715644626714629251e+00 2.152914915471387403e+01
-8.747845567946576750e+00 3.770977053887288122e+01
1.667217258321547035e+01 -2.183579587649823495e+01
-1.424498377621943312e+01 -2.628310504404403503e+01
1.587599095361630219e+01 -2.983598000282949769e+01
-1.050004382073208653e+01 4.250935532342423073e+01
-1.694484305591366535e+01 3.441405029700993623e+01
-7.990061674778402789e+00 4.542160870066011569e+01
-1.036394187860073046e+01 4.020764676470665222e+01
-1.421547712280642628e+01 4.018796128596935802e+01
2.553640246433407057e+01 -2.392508451436034278e+01
1.384400753564559317e+01 -2.674367775897999522e+01
2.225703756370776532e+01 -2.793276034249228346e+01
-2.353012714509888781e+01 -2.712832920375433332e+01
-1.072555805947001062e+01 4.034047071857114730e+01
-8.634590388263912786e+00 4.068124565823787009e+01
1.295882729997668648e+01 -2.828877457728071576e+01
3.082743207994975165e+01 -2.328619907505424891e+01
-1.675285311867228089e+01 3.922309102721128937e+01
1.356401673897372007e+01 -2.746657020453740117e+01
-1.348057738426399155e+01 3.747568858664490676e+01
-1.572911437940933155e+01 3.741676290614413602e+01
-2.664176744749740067e+01 -2.969044765354203008e+01
1.960259243160426124e+01 -2.776627156788772766e+01
1.256568553426974688e+01 2.995202444430172406e+01
2.621310248119799269e+01 -2.361534617115988510e+01
2.132791535471503508e+01 -2.854297753370172686e+01
2.758743814046719933e+01 -2.663819235227895632e+01
-1.301905793157027169e+01 2.342603566155507977e+01
2.096675493209886909e+01 -2.508445826528768308e+01
2.435700811757874007e+01 -3.018037640641691866e+01
-1.557437779517432830e+01 3.987612946210649056e+01
-1.708341218865396982e+01 3.545268110870070188e+01
-1.513300135402086255e+01 -3.679210653040711776e+01
1.101632955544527270e+01 3.130218451694453563e+01
-1.303986260751596404e+01 2.389556759858991697e+01
2.885870318966838965e+01 -2.899665796813183860e+01
-2.005962549165619446e+00 -3.056900449743180204e+01
-1.654056261188655341e+01 4.186073627128442354e+01
2.203930208636197463e+01 -1.869016726531697614e+01
6.305522233134611021e+00 3.229762108498845663e+01
-5.790090955669721096e-01 -3.464237069500117627e+01
-9.930621334684575086e-01 2.241424763555235344e+01
2.398311154872186535e+01 -2.302199379413864477e+01
3.107836351696403554e+01 -2.495022604920920273e+01
-5.040161257005158824e+00 2.237197467393464478e+01
3.541623704837644659e+00 3.521431128066679861e+01
1.103279367820639578e+01 -3.561535496946201818e+01
-1.211640124891065007e+01 -3.268540354057110164e+01
2.554321967971000262e+01 -2.854325733860108372e+01
-7.404398397957186795e+00 4.071017308677568991e+01
2.504548463873448227e+01 -2.658968287710156275e+01
-3.657918486519826651e+00 -2.776924212620800603e+01
-2.225216183368722955e+00 2.427126083078251639e+01
-1.004097639483404913e+00 -3.641097079861999930e+01
-2.194630381265274099e+00 2.654037333968049239e+01
-1.623187828479353811e+01 2.301217272391395952e+01
-4.478000014556493547e+00 -3.318752650171719409e+01
-1.450124981536937696e+01 3.260974372940024324e+01
-1.538926481105766797e+01 3.259367007572971175e+01
3.593506688222907641e+00 -2.668258888139872909e+01
-2.518104441874320365e+00 -3.180490431898580184e+01
1.448979742207087007e+01 -2.226902214418429793e+01
-1.044887873012383395e+01 -2.776454783878101296e+01
1.256366963433774053e+01 -1.972119802973271163e+01
-1.502610416478795230e+01 2.761096560032413194e+01
4.223056404494119676e+00 2.639644443788208505e+01
8.855904422726743164e+00 -3.291865121216912371e+01
3.139450831988291890e-01 4.213540139145165142e+01
1.582914141363694860e+01 -3.289743336992847134e+01
-3.698787977939252514e+00 3.792981676153409865e+01
2.364568739851041546e+00 2.945475872414878893e+01
1.293323803284298279e+01 -2.439665128515622783e+01
-1.274026626750498892e+01 3.358602441856037757e+01
-1.460713601418720975e+00 3.090177924398182796e+01
1.172354106945688379e+01 -2.077837844869025119e+01
-1.602551570128906633e+01 3.022594002999580454e+01
5.038390466910979804e+00 2.852566794318430610e+01
-1.629900581792676917e+01 3.037256223712278924e+01
-1.250091426364415703e+01 4.299405745989097483e+01
1.936009671125975018e+01 -2.497691314550281660e+01
-1.973403960964549597e+01 3.694202472988026642e+01
-1.340153831737895196e+01 4.134278660312272535e+01
-1.290877719325278505e+01 -3.192277358120350783e+01
-2.590398895197044382e+01 -3.141713807295972316e+01
-3.805976706174453383e+00 2.100024179034915761e+01
-2.399712296206066409e+00 -2.803470433408573470e+01
-1.440046617944793894e+01 4.369332952991968000e+01
2.363974028116242465e+01 -3.283277185672095300e+01
-1.179052934727634927e+01 3.395345690521384796e+01
4.536480368787831452e+00 -3.231341654436430133e+01
1.697898707573338584e+01 -2.271750798828639617e+01
-1.301473107026538223e+01 4.594707911155801838e+01
2.199012792141437345e+01 -1.978512093934108407e+01
2.539433162003822986e+01 -2.484095303538882149e+01
-1.313097667265468083e+01 -2.636962179324961753e+01
4.876580915110587888e+00 3.410729542317555740e+01
7.800464019763271750e+00 3.116536270089306626e+01
-2.194596062643522671e+01 -2.979032474080151616e+01
2.166745306371008084e+01 -2.225318037721493170e+01
9.945616597094538491e+00 3.792001610039807957e+01
9.601153468693578219e+00 2.919161520100828611e+01
2.489730372893908239e+01 -2.151013567302984342e+01
-1.307754700159951966e+01 2.132657066533937495e+01
-8.435195321863705686e+00 3.415989569086146815e+01
-5.842054133920233205e+00 2.747139494958072703e+01
-1.001071996626163862e+00 -3.410008621600410805e+01
-6.039078032532624540e+00 4.306355191636637159e+01
-1.321716006697253398e+01 -3.352344286324710509e+01
3.886645562913833452e+00 2.749554147895677403e+01
7.448826685244118728e+00 -3.118793427891442605e+01
-1.720877610734853747e+01 -3.131466963405967618e+01
-4.654628911161584059e-01 -2.970811785277112449e+01
2.718326614997641943e+00 3.934737695296161775e+01
7.317869069147944217e+00 -2.986340147949904988e+01
-2.778296995332253161e+01 -2.902129167996745807e+01
7.584090503196709854e+00 -2.537368149343301127e+01
7.335774858549106270e+00 -2.481640919537958112e+01
-2.439416571527221222e+01 -2.914398579694767122e+01
-1.643990706955491987e+01 -2.620708083484047179e+01
-2.663888924944436964e-01 3.585863307541484346e+01
-2.502462919178936929e+00 3.173535084570860931e+01
-2.256635348697058419e+01 -2.844724173695458447e+01
-1.613401267671304140e+01 -3.044316511763541655e+01
6.669903370053726022e+00 -3.220373310615335072e+01
7.996519198520716465e+00 3.650680715856618264e+01
4.407606851597892117e+00 3.801308101466361933e+01
8.873164059347237398e+00 2.846707656893908833e+01
2.666762276065399284e+00 3.577330817061565682e+01
-2.182301990040578232e+01 -3.262173703046459394e+01
4.585870354314257824e+00 -3.008342249343252917e+01
-1.014636676893412393e+01 2.183149050752255604e+01
-3.254690749759236112e+00 4.583851831954159906e+01
3.909936107225951307e+00 -3.123592324099784534e+01
2.384479779814084210e+01 -3.217936818923649156e+01
-5.704214493144744047e+00 4.399939511671360037e+01
6.755777621461097615e-01 4.072177267987844118e+01
9.583169018947783613e+00 -3.122808949809291690e+01
2.815887644452111971e+01 -3.002866118268482154e+01
3.700932751366129647e+00 2.933323541395477818e+01
-3.282057954828691226e+00 3.203929264832220980e+01
-1.689630602145874505e+01 2.278419389423082109e+01
1.370093626133173181e+01 -2.219330612112700507e+01
7.581207919963813602e+00 1.240043454691282321e+01
-3.456463612848793332e+00 4.072258220416767216e+01
-1.769432265510817714e+01 -3.421968350966793082e+01
-1.158651312860380500e+01 4.520854863064601403e+01
-1.025208886072877945e+01 2.993405052767860042e+01
1.273833386022415359e+00 -3.395208143406472345e+01
1.369478133447543433e+00 4.004191984047613317e+01
-2.018112262224010856e+00 3.886593435822631903e+01
-1.833517650987591452e+01 -2.961886307513055527e+01
1.253308492974276867e+01 -2.216026480623941808e+01
-2.706225435807141011e+01 -2.847118579362722457e+01
1.735574833409335582e+01 -2.843763487622369368e+01
-1.391510091027681195e+00 3.901974455170164191e+01
-7.396772383115852278e+00 2.841052035163522760e+01
-7.953069080223927223e+00 3.436095236810678699e+01
3.178881024985085624e+00 -3.244189453730033534e+01
5.306180479858149113e-01 3.572339537585427394e+01
-1.965278137485596233e+01 -2.613494891976653278e+01
3.209707847406020331e+00 3.423226489819008833e+01
-7.404565202043100314e+00 2.532351141719366083e+01
1.946352239613803903e+01 -3.198325876531217205e+01
-2.337684191022381341e+00 2.528368870468187524e+01
-5.258077211827082209e+00 3.447687246453067189e+01
8.910615830602107934e+00 -2.894298155160956654e+01
-8.527833490285116724e+00 2.797192045605359922e+01
5.593756897999352162e+00 3.878913869999606590e+01
-1.014031939192062204e+01 -3.087220596325028055e+01
2.071963505402617756e+00 -2.786048014459188238e+01
-1.498542679630590335e+01 -3.393391005196180288e+01
3.188332725289466096e-01 2.977193519173839675e+01
1.016177762180459254e+01 3.450119549200852731e+01
-9.621806987750341378e+00 -2.988351143607691895e+01
-2.364875582415644217e+01 -2.611190645125652310e+01
-9.610983655238095835e+00 2.217760901398819939e+01
-1.436165561510439836e+01 -3.295141727848134394e+01
-8.642117375543140412e+00 -3.038182275023043033e+01
-6.810606740000012316e+00 2.561271803820973503e+01
8.668628937004367430e+00 3.484589329141245884e+01
-1.251623167618174115e+01 -2.975047307801675345e+01
-3.260394516836906842e+00 2.899543462546603223e+01
7.473149294064831416e+00 3.643323056064575383e+01
1.425300826831638279e+00 -3.194527683197022583e+01
-1.501446182073232727e+01 -3.001227655953869089e+01
-2.466853163413502514e+01 -3.069965194834598421e+01
4.440772190366477190e+00 2.819611973790688708e+01
-3.949869823461542140e+00 2.806554961728273412e+01
1.898686144116639340e+01 -2.850518006963340767e+01
-1.575665675986818570e+01 -2.837121361493031557e+01
7.554500924050841171e+00 1.275629042504442801e+01
4.121817909563862514e+00 -3.405749602885087057e+01
-1.831883032074618711e+01 -2.888687892085970077e+01
1.793329503316567264e+00 -2.723704397743462380e+01
3.215956183093562970e+01 -2.363613539680949316e+01
-1.066898538601026303e+01 4.546953427311250095e+01
-1.467768674469769330e+01 -2.269564464328258779e+01
-1.005644304169481273e+01 4.156328988011857462e+01
3.009095056992905981e+01 -2.483921317637206627e+01
3.339600303185877550e+01 -2.426898085207399802e+01
1.902428763685890090e+01 -1.888179363417521373e+01
1.860692536411077214e+01 -2.689596997483359786e+01
2.014134576216659767e+01 -2.924036819525175446e+01
-1.535258009640014620e+01 4.099752071023638678e+01
1.355950557818543700e+01 -3.041774697908257963e+01
2.316121150194119949e+01 -2.854015697268402363e+01
