-4.672835719004346515e+02 -4.638746188293167734e+02
-2.382092982925768752e+02 2.474708739597000431e+02
2.150942586330844841e-01 -9.894361177697275522e+00
4.368712506988059658e+02 -5.427932176237812882e+02
-3.333096196756611675e+02 -8.422959490510383773e+01
1.361551894065124380e+01 -6.759585544996987210e+02
-1.126523387855228293e+02 -3.503230387731198903e+02
2.593305485015571321e+02 6.342271216715000719e+02
3.377750285467542994e+02 6.711720957817982480e+01
6.344423228995177624e+02 -1.433269102442919234e+02
1.024919939118078105e+02 3.228994444010975826e+02
2.279974576730050444e+02 -2.666044768407588776e+02
-5.711377943747938843e+02 3.633908109984757857e+02
-6.762157446841740693e+02 -5.018160492941115791e+01
5.688021012974789983e+02 3.346690764637017423e+02
-1.827329490150478648e+02 6.174118407505249024e+02
