1.504591498740093058e+01 -1.461837974063254642e+01
-1.467568666583142267e+01 1.436601361137179111e+01
7.599496367146629794e+00 -2.664890877726445506e+00
1.323495300856900059e+01 -1.345441705586337555e+01
8.752603718806261313e+00 -7.874362603774179625e+00
9.858994255791612815e+00 -7.693155775507721117e+00
1.198538604425750620e+01 -1.381573580605114238e+01
8.042641523566489425e+00 -6.062446622689675380e+00
1.207050809073389530e+01 -1.216216989695660189e+01
1.344215987645225319e+01 -1.189569941051752799e+01
-1.385052774247703944e+01 1.018525850938732802e+01
1.305390449316141321e+01 -5.551819471534038541e+00
1.190959535478753928e+01 -9.837356413167549718e+00
1.054785815989904485e+01 -9.234940014617071924e+00
1.126027002266595467e+01 -1.270481983962082673e+01
-1.713390404123352440e+01 1.320620300841909867e+01
-1.423416623753801780e+01 9.125412091468350084e+00
9.340792902931520203e+00 -4.246431271731081480e+00
1.620764178252580834e+01 -1.497481696277423779e+01
-1.395425292907463621e+01 1.402981625846318003e+01
7.282535743185699850e+00 -4.891363520296854617e+00
8.072179691378437383e+00 -4.508584551393572504e+00
1.340601315679191607e+01 -1.254884504155147518e+01
1.622094387872209253e+01 -1.336616628199704770e+01
6.043316994810847831e+00 -4.185234997686823277e+00
4.939155961411580975e+00 -2.362313437010767458e+00
5.277078147266954566e+00 -4.457921537736070583e+00
-1.245462161694240955e+01 1.502490500113614047e+01
-1.402624099518420486e+01 1.310766969840823570e+01
-1.519171783495276706e+01 1.030866707458244669e+01
-1.347823721050600199e+01 1.345084925541930154e+01
-1.276151925178416846e+01 1.380387175868233562e+01
7.096034913528946220e+00 -3.631272846131789134e+00
7.604033144849500658e+00 -5.079962683409355861e+00
-1.363000234810409950e+01 1.460040037016121417e+01
6.199912214314879044e+00 -1.852647711895766935e+00
9.106990164574298774e+00 -6.870547798091209302e+00
-1.947257944821950915e+01 1.391407289334392239e+01
6.285812317289551920e+00 -3.056454867035290235e+00
-1.470963963371959871e+01 9.067355235881214170e+00
6.117202649066195264e+00 -5.359979456112470508e+00
-1.167193784682311453e+01 1.360180259832297800e+01
-1.136288968906836416e+01 1.269306783971989994e+01
1.495610951125352095e+01 -1.229157267546040266e+01
8.390833726153058336e+00 -1.812913913248703102e+00
5.830225304257817598e+00 -4.480264586410583227e+00
1.243074437710658131e+01 -1.167861215912833472e+01
1.307731864777526454e+01 -1.033657494319821524e+01
1.144539674956767961e+01 -8.976567136226975663e+00
9.799961926042994875e+00 -5.537457648645534469e+00
-1.643411745434024951e+01 1.511039314049378213e+01
1.080546551587078596e+01 -6.634524966806041313e+00
-1.862591928620960502e+01 1.200583447764452849e+01
-1.249181935673263943e+01 1.042422458150547726e+01
9.502783276327336992e+00 -3.143547100053782906e+00
1.445062959118898505e+01 -1.407315172414333126e+01
1.628597899726036857e+01 -1.576790456396875229e+01
9.818760212955284672e+00 -5.025865444818251149e+00
-1.211974548893531356e+01 1.554051130835004457e+01
6.508223602018755827e+00 -3.680055218474243883e+00
1.317520278293096680e+01 -1.485813597061084579e+01
-1.438468028406718524e+01 1.213598606120086210e+01
-1.567360949143594517e+01 1.041789085649478430e+01
1.051290687716893579e+01 -1.270424091946156331e+01
-1.410778901720134648e+01 1.553348617479672811e+01
-1.859223818347620494e+01 1.132886455374401535e+01
1.135883727715386726e+01 -1.130650696446605963e+01
9.539795225685034907e+00 -1.138222791010413282e+01
1.290940416988591544e+01 -1.462031643281539672e+01
-1.550926318510771118e+01 1.372952359712202863e+01
-1.589540566248814635e+01 1.280670215036115955e+01
1.573606665439466390e+01 -1.580664466839868965e+01
9.827007319697031562e+00 -9.679972174284975139e+00
-1.503200477907317101e+01 8.450662165420796512e+00
-1.417159493516053281e+01 1.663420492995994593e+01
1.010534309759136029e+01 -1.019009925265328320e+01
-1.423607974853872804e+01 1.582691341704424381e+01
8.532441783380571465e+00 -8.330639141861217567e+00
-1.583860487706566822e+01 1.636953284181594981e+01
1.042443748354294009e+01 -1.158458852142637951e+01
-1.704799844549100740e+01 1.591100681401596617e+01
-1.714485002954459247e+01 1.529364953129969251e+01
-1.412657457070596578e+01 1.234019160276084470e+01
-1.660896726866620199e+01 1.340282235271040001e+01
-1.649835864494833970e+01 9.757878199693184484e+00
-1.377694326168727912e+01 8.365982360872255441e+00
-1.291756970204168553e+01 1.232812334851434422e+01
9.311788763687806281e+00 -8.644238640407099439e+00
-1.428824466114256886e+01 1.080908986709469666e+01
-1.816356838399892482e+01 1.412774214688100471e+01
-1.658495453230433014e+01 1.205968455958258723e+01
1.425137136432681828e+01 -1.579992689156071783e+01
1.455545913347718923e+01 -1.393269723235805735e+01
-1.655744847755732962e+01 1.014679727900520945e+01
-1.845726047678519777e+01 1.353721395423007934e+01
1.361361341024089811e+01 -1.431341473903454897e+01
1.636609019560857803e+01 -1.513664287258590768e+01
-1.883123612157751481e+01 1.160183421814827476e+01
8.476112303403326109e+00 -4.707429056940691581e+00
1.187825299975916948e+01 -9.716345337833077522e+00
8.866560318283239539e+00 -3.828149485251907791e+00
7.977717653858834801e+00 -7.538146909380042615e+00
