-4.904309978481564691e+00 3.824243626686570963e+01
3.370584250246920277e+01 3.501901884380057561e-01
3.115705739335544067e+01 -4.792284630697991155e+00
3.871542494371966825e+01 -2.281553900121167544e+00
-2.060346078918130885e+01 3.484487495122766632e+01
1.152202694764541846e+01 -3.039302547555228173e+01
-5.654454239074516941e+00 1.350976873381861942e+01
-7.912417815819810407e+00 1.807525834717601754e+01
2.523551976888137105e+01 -1.248930313402178172e+01
4.882090920066492146e+00 -3.210443316195008379e+01
-1.981349010456695225e+01 2.223965436284466435e+01
1.997741525362926041e+01 -3.100105729421369105e+01
-4.154456273065697758e+01 1.941541722681917648e+01
-2.061519640460369729e+01 1.832324172763599535e+01
1.882953752906701794e+01 -8.807082513215477304e-01
2.723008224970931934e+01 -1.032600189553422076e+01
-1.582425050736260097e+01 1.357180644828957128e+01
8.157675823822462036e+00 -2.438751529412396835e+01
1.436866456325162389e+01 -3.478469073457264216e+01
-1.415582259335587700e+01 1.956465624530637015e+01
-3.354234998027231995e+01 1.971436759747630774e+01
-1.845799063472218293e+01 9.173682342946303692e+00
2.071432611544704017e+01 -3.383073597154041323e+01
2.283906870558961444e+01 -4.588002565576062786e+00
3.222174631944526624e+01 -8.141566910223932974e-01
1.005446583361819002e+01 -1.958062578680650390e+01
-4.065995365930078265e+01 1.694002298572014809e+01
3.465343700125958293e+01 -1.827699279499729101e+01
2.250400717271703321e+00 -2.581724241245755280e+01
-2.135357826418109894e+01 3.348382192300082494e+01
-4.174451114102470228e+01 2.151898391814767564e+01
2.660478686865942777e+01 -1.608186441519127285e+01
1.858971875412708030e+01 -9.555838955712433247e+00
2.701376248160715932e+01 -1.100499180717019743e-01
1.630702078652772613e+01 -2.451293915371730847e+01
-2.279014968179750866e+01 3.911416877242481860e+01
-1.403391961693020740e+01 1.456870628093878395e+01
1.584112779496197909e+01 -1.758760762627304075e+01
3.799573477159133006e+01 -4.069768452345271292e+00
-1.847559030985919293e+01 2.015488823532786711e+01
3.189114555993131717e+01 -1.567495847725173252e+00
1.346120356197767087e+01 -3.212185276354504282e+01
4.546732723580370283e+00 -2.992050419912080628e+01
3.188493492611394586e+01 -2.260384669408950487e+01
1.418490674414583630e+01 -1.336911993245628594e+01
-2.558033339003466367e+01 3.994800161201641231e+01
-3.734118400552825534e+01 1.805930223427573011e+01
1.230282619668700583e+01 -5.657344811749585034e+00
-8.652052825663574254e+00 6.600138512739086138e+00
-1.744099842049509164e+01 1.477132079462694492e+01
-3.995678978264341197e+01 2.220208727714168262e+01
-3.792886089260330351e+01 1.931319784728412969e+01
1.020869203119842261e+01 -2.016539388981233216e+01
2.842669316557856973e+01 7.693850811294005609e+00
1.192411437695385956e+01 -1.421805340336170786e+01
2.882158738810350229e+01 -2.701482399202914308e+01
2.114186099785461437e+01 -1.637187997030038389e+01
2.007329110851421561e+01 -2.510570852449040302e+01
-3.395073740224357550e+01 2.495583749414121399e+01
-2.914554336827169223e+01 1.443749444595602860e+01
2.479944574113056177e+01 -2.312713504473441617e+01
2.297190659914990007e+01 -1.583183098809417366e+01
1.896478948723784796e+01 -2.677163665494797229e+01
-2.020952857860117291e+01 8.809231373118324271e+00
-1.852347406787329476e+01 2.168308414242463655e+01
1.654152310897693567e+01 -3.355779674534923629e+01
-2.951124042081101351e+00 -2.271068512298138486e+01
3.380829496617787644e+00 -2.493323825765084223e+01
2.456444681973884414e+01 -2.799477223007792226e+00
-3.012060624242449691e+01 2.949747080661502352e+01
2.296490860380186660e+01 -8.623729433487779872e+00
2.900590269925998754e+01 -7.030901230884621711e+00
2.739123925463999143e+01 2.791894030048701847e+00
3.928400931438029176e+01 -8.767950797578054178e+00
-2.004063714844761890e+01 2.908749142825729095e+01
3.222796868710828022e+01 2.311007941499311436e+00
2.368991339631616100e+01 -1.279839232281117667e+01
1.539582891137523823e+01 -2.609180885598476252e+01
-2.131173261389999851e+01 2.746961528724142099e+01
-3.608694798086015254e+01 2.705549111294973486e+01
-2.856633823738092559e+01 2.200073873651649592e+01
-3.785307645616781258e+01 2.379919385255822917e+01
-1.341010502681476035e+00 -3.662423008178895145e+01
2.795410460655343599e+00 -2.815568434021821531e+01
2.460150641759741319e+01 -6.964631576423978565e+00
-2.320895271891132339e+01 1.298258217189755115e+01
-2.042257115979856508e+01 3.834937707740665758e+01
3.155828034051259223e+01 -1.569003261841847419e+01
-3.772165572908965459e+01 3.258567159823761017e+01
-3.271112396307891856e+01 2.832320286299484380e+01
-3.911913421149061065e+01 1.884073854155709782e+01
2.465138526181266698e+01 -2.126384410483398568e+01
2.647178393763902449e+01 3.295716220267357333e+00
-1.544080772458522155e+01 3.970046433687666365e+01
1.440180078452448065e+01 -3.374590762505534514e+01
-2.187400963768268625e+01 4.222780960170577202e+01
2.592537423102525551e+00 -4.504155854491623501e+01
5.251226980627325069e+00 -3.288478022424582292e+01
2.691383739058080593e+00 -3.713573709118358579e+01
-7.527104518281366730e+00 2.331585803032664472e+01
-2.961202887366251346e+01 2.381189172919235020e+01
-5.502358240245314391e+00 1.949788172742093550e+01
4.091725357659451667e+00 -4.532512889091199071e+01
1.636289011452806363e+00 -4.236264899172842746e+01
1.701144758491654585e+01 -2.895651179967739353e+01
9.685148698586646177e+00 -2.813087862933331706e+01
2.972836882561218630e+01 -5.473310622738493114e-01
3.512392164946854223e+01 -1.350870128192997122e+01
1.144593831337444811e+01 -3.851258131185532818e+01
-1.290687986597973591e+01 3.642144411546215110e+01
-2.097985027099142741e+01 5.506661747473751589e+00
8.088787593835430556e+00 -3.701062270242262287e+01
-3.507459482625788638e+01 1.685643073792913782e+01
-3.790045074513476830e+00 2.579270560468336981e+01
1.805700647836225414e+01 -2.196181203624864864e+01
3.468872345137064883e+01 -4.645645906624170429e+00
-1.025911606051399616e+01 3.002534401496973260e+01
8.204358481285010996e+00 -4.392871198047370029e+01
1.274018023195930205e+01 -5.283351919190599766e+00
-4.873052134591778106e+00 3.733816724716906776e+01
1.505066914739608919e+01 -2.015490194606650221e+01
-1.613567681676399701e+01 2.408133553427154894e+01
-1.301578605054085891e+01 1.191358430361601251e+01
-8.577728082039698165e+00 6.212823191090381947e+00
-2.094617676634452152e+01 7.794012968357141524e+00
-1.299556213196064114e+01 2.301863661468027189e+01
1.602181568072186812e-01 -2.370305841409940939e+01
3.674436709431413561e+01 -7.647631767474281972e+00
-1.164918313821919504e+01 2.878884381497680423e+01
1.614285014344407543e+01 -4.185397031937535672e+01
9.070183242807647872e+00 -2.714175611291351942e+01
-2.754876954322974214e+01 1.282908529889265381e+01
-1.364935941540114683e+01 2.903681882143134985e+01
3.095011448984482882e+01 -7.702281851539393820e+00
7.929181889830280383e+00 -3.904938327856174851e+01
-1.072047597982438844e-01 2.677701505912149571e+01
-1.721108491913573246e+01 3.411430436928550591e+01
-1.575315775284636111e+01 3.274980911232842118e+01
-1.007395298762224911e+01 3.078047755328721280e+01
4.031923150950163404e+00 -3.540029005063501444e+01
-2.188235025239579024e+00 -2.963110812356865509e+01
-8.005982087771611688e+00 1.699101010840977821e+01
1.484511823452099755e+00 -1.984996852737489448e+01
2.415282856762840424e+01 -5.574142405438880843e+00
-1.047034357876907507e+01 3.244677513119449941e+01
-2.585497170604567962e+00 -4.002289191982438155e+01
-1.692290157094298308e+01 3.032594726898977910e+01
-4.399678697770908542e+01 2.260698459014613704e+01
-1.531660074445003961e+00 -2.664521626338342131e+01
6.646215142766651596e+00 -4.170532600888601138e+01
-1.513779482978934610e+00 2.873225990941364927e+01
6.860204037495194029e+00 -3.032289848305940083e+01
-8.133658895312654735e+00 3.001078551092536273e+01
-1.287890838787571113e+01 3.387172025985923796e+01
-2.777146650781535442e+00 3.124486106677453989e+01
3.762464598318364750e+01 1.081268403098363251e+00
1.482880017435354070e+01 -4.137014966415678430e+01
-3.572358335894791992e+01 1.937577634240738433e+01
-1.463755384365502010e+00 2.763849665092097752e+01
1.614414622390602849e+00 -3.865125525112678417e+01
5.585906943787909640e+00 -2.381126671407124107e+01
1.430277858485523090e+01 -1.269172799978520949e+01
1.106679079881694072e+01 -4.344637202842231005e+01
-1.254846301533614294e+01 3.475604431480213918e+01
1.296568629154738028e+00 -3.681332229951139823e+01
-1.241282014977878667e+01 1.443665928912902174e+01
9.387152792204737750e+00 -4.191328045052086537e+01
-9.185738429272929384e-01 -4.122753848621091066e+01
-3.718482124528923016e+00 3.159804768380728035e+01
3.567240013962446454e+01 -5.469863762984296329e+00
-7.037209037615204110e+00 2.835394310847272337e+01
2.834727489284747293e+01 -6.565318463078930300e+00
-3.659501609954323698e+01 1.543666813005270200e+01
-1.614910326878541635e+00 -4.311525164296519108e+01
-2.968611945539874064e+00 2.713534431439201100e+01
-1.027370362361315159e+01 1.178596203176743806e+01
2.230752291993537284e+01 3.035874928331400380e+00
5.646340991020253774e+00 -4.104412555704699628e+01
2.779173914905837250e+01 -1.316875679249411135e+01
-8.038265892328197992e+00 3.197577779747331306e+01
6.120540549176576306e+00 -3.443503367564176898e+01
-3.884802133120042100e+01 2.094616042210784812e+01
-9.571850494140697663e+00 3.208378682628693923e+01
1.153154859712378588e+01 -3.904782027257523680e+01
-3.388773890935423339e+01 2.990815654558119618e+01
2.902266530454722115e+01 -2.134773947356016421e+01
-3.446095134704315655e+01 1.217501095098395858e+01
9.227651554844365833e+00 -2.939514985559500104e+01
3.003717646667760732e+01 -1.918869139124941725e+01
2.482955053945969226e+01 -2.520217340928886429e+01
3.393452805712295905e+00 -4.042850970394297860e+01
-2.289507144808780481e+01 1.384214690647866064e+01
-2.875303757256002157e+01 2.555594856084038824e+01
1.828609612206936674e+01 -2.135447815844672448e+01
1.895059113103498305e+01 -1.959318995543073783e+01
2.337404770597721182e+01 -7.527094143438445961e+00
-5.166362799673184014e+00 -3.471190645425804178e+01
-2.345674057201607354e+01 3.615898716316906558e+01
-1.680645361109499092e+01 3.617301269454269885e+01
3.704288427042961906e+00 -3.309748535369174505e+01
2.639309353065810981e+01 -1.748903535623283645e+01
-2.926218365615971706e+01 2.851126622187148030e+01
9.121928794178828070e+00 -1.041011226566829784e+01
-2.737454186720066929e+01 1.908175709157095312e+01
-8.100113195002604627e+00 1.021473853933273723e+01
1.761948845894896465e+01 -1.027448762380210212e+01
-4.214749568975395100e+00 3.588777096019354218e+01
2.774298636940258334e+01 -3.060252136668661471e+00
-7.448544034057237972e+00 2.766860943600767087e+01
5.931372821165973086e+00 -2.300995300422765055e+01
2.319885252877972803e+01 -2.030340398487031806e+01
6.747176130419933138e+00 -3.264097778256635962e+01
2.013660170813130179e+01 -4.992295826469540287e+00
2.407426793357282691e+01 -1.808677343995271158e+01
1.600787686623775130e+01 -1.013209025579693900e+01
2.777943182636469999e+01 -8.940879247358136439e+00
1.193364481735959215e+00 -1.876364147193052645e+01
-1.123782873852064057e+01 1.915188156714683743e+01
-3.124877612033731467e+01 3.457444219679820208e+01
7.560343674274950132e+00 -1.647697472143005726e+01
1.174486073525289775e+00 -2.232429418046714176e+01
-1.029716593721713558e+01 3.609455538665022090e+01
-8.730766314167171416e+00 2.198729830812701991e+01
3.211658155131341630e+01 -2.657946812305658657e+00
-2.478424246059172020e+01 4.293658132917038017e+01
-4.888916224433311974e+00 -2.815375837066995146e+01
-2.107320111788578032e+01 2.903379951555376692e+01
-3.416054999424341077e+01 3.129909351352063496e+01
3.438479430775474910e+00 -2.208416740763740904e+01
-1.173059253055758333e+01 2.620314510608024250e+01
-2.405828669945258724e+01 1.926703379363191004e+01
1.166856431363986424e+01 -1.785343454204682700e+01
-9.806475579543919352e+00 2.099357140929663501e+01
-3.373209813985197769e+01 3.280134603124984238e+01
-1.167752703688880622e+01 2.059383042044651546e+01
-1.561988852677162143e+01 2.754279528811679256e+01
1.070797776980498028e+01 -3.544115429512533666e+01
-4.599778446305354151e+00 1.985364889709954639e+01
9.417817877821208938e+00 -3.471875618090354720e+01
-1.248875830835752510e+01 3.134680158130778693e+01
7.072712244601190079e+00 -2.584553646962536533e+01
2.697074436693599253e+01 -1.131781369105330981e+01
3.564578441066063874e+01 -1.980628377322723122e+00
-2.284424727752942275e+01 8.122516425896463943e+00
2.697498903473259446e+01 -2.721076464400151096e+01
1.085498642673633896e+01 -2.475715198965661656e+01
-1.661183531335662167e+01 3.077942978161035015e+01
-7.213363185046990367e+00 3.294916574695245970e+01
1.447146601499812002e+00 -3.123669171127596300e+01
-1.273021591049776013e+01 3.805947413785465727e+01
-1.112004859835404069e+01 2.515349683076652809e+01
2.188248284658308052e+01 -2.272689697065121450e+01
9.860417929510502333e+00 -3.142082834605642816e+01
-8.369723002237101639e+00 3.535741051644175315e+01
-1.058436294831182067e+01 3.906390367231232830e+01
1.401174896820820592e+01 -3.761455415991961360e+01
3.661897261675796766e+00 -4.161828152268307690e+01
2.991034558263495668e+01 1.621397157451418769e+00
-2.747262504740202260e+01 2.192638299101188437e+01
-3.146551815516744099e+01 1.941649044295884252e+01
3.638828334954500754e+00 -4.333296520504456595e+01
3.318197914015943439e+01 -5.465452309334004610e+00
3.475259771673450615e+01 -1.524043817204199014e+00
-1.921408796404905672e+01 6.754901309014436528e+00
-1.357974993130790287e+00 -3.485855441258971155e+01
-3.106893128150773364e+01 2.485735092270936519e+01
-3.702998591282614171e+01 2.287013939088922143e+01
1.128578091384941295e+01 -3.303071827570941110e+01
-9.016654845326211642e+00 1.112132468021350284e+01
8.027856329399336133e+00 -4.077609628457072688e+01
-1.237916731629943889e+01 2.182502622914446277e+01
-2.117256325787268878e+01 1.941693549515834860e+01
2.914857308661776258e+01 -1.978191509605099796e+01
-2.210604176830406686e+01 3.759304544767166334e+01
1.475437794042254858e+01 -2.659499866835555792e+01
1.932363302533558524e+01 -8.856480539664417506e+00
-2.520871523222497146e+01 2.664224677846327793e+01
2.600000037400196717e+01 -2.179753269213134459e+01
3.533046286054541696e+01 -9.847018224928172359e+00
2.746733249190966220e+01 -1.939561292122735381e+01
-2.954716974333960522e+01 3.042058334141496090e+01
2.219512094658860679e+00 -3.164306278294448305e+01
2.505718418829262006e+01 4.881628413857445614e-01
-2.062986513594508864e+01 4.221274412394593156e+01
2.216991290171549522e+01 -3.252845348905521661e+01
2.312400519438996227e+01 -2.782374580039437006e+01
-1.977801336457385872e+01 1.530958629871699195e+01
3.533833041497045713e+01 3.748204682495184792e-01
2.104225762755046247e+01 -2.138824249356663287e+01
3.873233025546376496e+01 -7.038349550349195738e+00
-3.260732259610387729e+01 2.276592527174742386e+01
2.096752540186706426e+01 -3.331139167786528077e+01
-2.473115155939622767e+01 2.190389177391657682e+01
3.053223597342043405e+01 5.415343333474862408e-01
1.998523000515109160e+01 -2.004000518213326476e+00
2.092284113315146499e+01 -1.917363716026152787e+01
-3.390417346451164349e+01 2.302773758077932342e+01
-3.605765606016694136e+01 2.096980767463873718e+01
-3.508601797829463464e+01 2.915905435702155302e+01
-3.222595271919473703e+01 1.713142683276945277e+01
-2.777061649300908996e+01 3.146796526351420553e+01
3.602509200058808858e+01 -3.519915493881986990e+00
7.582404494071479206e+00 -2.090857820553425839e+01
-1.922651360080355687e+01 1.159379960340112525e+01
-2.344188520854120128e+01 3.925810636048894509e+01
-4.309552051309789533e+01 2.197843745282753147e+01
2.132820923228085874e+01 -2.444150933501016354e+01
1.011346213239971537e+00 -3.368496452352986381e+01
-2.473409024935090628e+01 3.745178631227330612e+01
-2.299087263728728914e+01 4.246416904500100031e+01
1.755520863421367039e+01 -3.712127592770546158e+01
-2.328805086226907051e+01 2.231934996699657958e+01
2.572481564740037285e+01 -4.865661572464476947e+00
-2.435085233692625195e+01 2.489967535327687642e+01
3.556193058476011970e+00 -1.503162684585820585e+01
-5.766408782959784318e-01 -3.057731083241451842e+01
-3.277625883287495157e+01 3.091888199014332272e+01
-3.883309341547973759e+01 1.596880291711439703e+01
-1.654557118859692721e+01 1.377085113656323756e+01
-1.810276218904315115e+01 1.669647210037539864e+01
-1.666092486839540854e+01 8.151361596941622878e+00
-1.243207059337211184e+01 1.669258939877741810e+01
9.100693498693248173e+00 -3.137856412364689618e+01
2.756023883212302295e+01 1.016926757908618306e+01
-2.937475437346247276e+01 2.143860852389422789e+01
-1.570676981640294834e+01 2.647041150266950993e+01
-2.001783860411686078e+01 3.211809517788536539e+01
2.951511276057614808e+01 -9.865459044220308726e+00
-1.818640593486939849e+01 3.956097926940647369e+01
-1.453705205636328479e+01 1.720747482673262141e+01
1.257169481020576285e+01 -2.219162435718794413e+01
-3.156067277787179037e+01 2.739436924430887288e+01
-2.439048285573459651e+01 3.098805310626748977e+01
3.265333009763863004e+01 -7.374339160740731813e+00
2.080915733491918829e+01 -1.232170259317688021e+01
1.174157063495259123e+01 -2.014080830811771250e+01
3.540124015692774861e+01 2.691330683333573504e+00
1.173163407193619667e+00 -3.504388716630217715e+01
1.288223672077153914e+01 -2.668509727809676590e+01
-2.206697529726617546e+01 3.319884443864100376e+01
-2.818144154214287767e+01 1.425023558519807665e+01
-1.006744132633686384e+01 1.517550385226347487e+01
-2.403462732372598154e+01 3.025726450728057770e+01
-1.811497159425740122e+01 2.257360354656006862e+01
-1.615737042802721746e+01 2.183204856313829012e+01
2.067228774470599717e+01 -1.745181131340430980e+01
-2.644242143377580945e+01 2.955367986865859109e+01
3.083254954181685648e+01 -5.573482659669585004e+00
-2.808344345165077982e+01 2.551622827119004100e+01
-1.589134924760716316e+01 1.703039549718303292e+01
1.532475845684170501e+01 -1.493368145666440938e+01
1.390488499548200529e+01 -2.972688553202321415e+01
-2.248924404668159838e+01 9.651804143330728891e+00
-1.839017518717665212e+01 2.378997866062826105e+01
7.993903746433175250e+00 -1.552619011360750001e+01
1.552110604940668637e+01 -2.334560144121259739e+01
1.826736739161662015e+01 -1.611354980373962320e+01
-1.575401976569086848e+01 2.527000147943983421e+01
-3.386638599485692680e+01 2.741127842717049035e+01
2.025860183217803367e+01 -1.410563159936080346e+01
9.634265720252892962e+00 -2.344525898528565122e+01
-4.277064823623962120e+00 -3.341405650800761151e+01
2.157450993958634200e+01 -4.685952523335177311e+00
-3.670438876852571752e+01 3.096074368977469149e+01
-1.300657411949926789e+01 8.369198330953674159e+00
-4.007624041954818495e+01 2.722263273037898657e+01
3.108553856117552527e+01 -1.658382178355611813e+01
2.379865690890465402e+01 -3.745957226440762788e+00
-2.262581473281628419e+01 1.458377338695776970e+01
3.107698553945315822e+01 -1.127697949140626399e+01
2.353983967061717308e+01 -1.823229782493391227e+01
-1.717646283171297483e+01 1.772334949113161073e+01
-2.527601458947422941e+01 2.526925657965172078e+01
3.508156490627194302e+01 -1.110069641180552225e+01
-3.986453876861456536e+01 2.758359042390315352e+01
3.408995542252649358e+01 -8.097497577483975917e+00
-2.604905300739842744e+01 1.969851670780424868e+01
-3.477846957216808477e+01 2.189846797027758285e+01
1.907055278429706391e+01 -1.742692607537992089e+01
3.237234590975794646e+01 -8.791115535651721657e+00
3.676854953309818796e+01 -1.236034207845686295e+00
-3.097408327119681104e+01 3.268256948467255540e+01
-2.318724581959128628e+01 1.629060217719749915e+01
5.368785800751920689e+00 -2.668159642386986619e+01
3.209271758365424176e+01 3.836332249070312894e+00
2.737129092475670689e+01 1.061511002137222981e+01
-2.482579693276275634e+01 3.319267789962767523e+01
6.798913722160936146e+00 -3.781741463699929540e+01
1.742736387382044683e+01 -1.849934643292809966e+01
3.032931510654471907e+01 -2.249921602590209346e+00
4.143588699179185397e+01 -4.525575778032966845e+00
9.613871406753162319e+00 -2.233584386089492568e+01
5.650108299445639304e+00 -3.824355527195307758e+01
-1.525130979553983046e+01 3.823402439072659575e+01
-2.980407178932384227e+01 8.694094703101654886e+00
1.626045636566529140e+01 -8.012765079846429828e+00
-1.388365620912639464e+01 3.399209352956628294e+01
4.935023037226462961e+00 -3.709562241320344356e+01
6.094843847890855315e+00 -4.337352199103798966e+01
1.310707322523158602e+01 -2.884719362414093524e+01
4.177454098327726406e+00 -2.078287947474627018e+01
-1.163406684412640146e+01 1.351653453151311268e+01
6.015204614842120101e+00 -2.921280140865478003e+01
-5.595699922781924407e+00 2.957279950833792981e+01
2.263093007334783024e+01 -1.166580242503607145e+01
7.231822911509615537e+00 -1.748162513404422569e+01
6.171507178424330275e-01 -3.594822287742736933e+01
1.983984151862877576e+00 -2.735754536257726244e+01
