7.710223925005820433e+00 1.321934554007019003e+01
5.759740894714416859e-01 -2.759154125694934834e+01
-5.039110431298093218e+00 -1.742607328002516098e+01
5.527059268530659430e+00 2.796675977996183349e+01
-1.145746747464857052e+01 -1.295368526062554082e+01
-3.376199786275440928e+00 5.645075739520072133e+00
-7.372206098619028758e+00 -1.164511858187084137e+01
-2.431138097672842591e+01 -7.889723331610989376e+00
6.336959287553851183e+00 1.022244797492146695e+01
-9.571417365059648574e+00 -1.474709940080123438e+01
1.116597986593296987e+01 -4.130374064102467990e+00
1.190064342010656695e+01 7.254912894783938526e+00
8.624890942410008421e+00 1.979323032801283855e+00
1.228672882543947020e+00 -1.522010460955331368e+01
1.490989354088338104e+01 -6.143347505310033263e+00
-2.775535016573178027e+01 -1.146131937890284291e+01
-8.829335846372316610e+00 -9.294466534468538654e+00
-5.339919529240420459e+00 1.674381094391244318e+01
1.462504391376702095e+01 2.559675076513860503e+00
-1.122847090474752463e+01 -6.286162984498547601e+00
3.169301105974487776e+00 -1.523174485028962621e+01
-9.025966071003381330e+00 -2.174777536570423919e+01
-1.801130753927003880e+01 -1.526209154843285454e+01
2.510175248872387854e+01 4.354758169446621530e+00
-2.985005771073886649e+00 -2.291059471780452483e+01
-2.194484724121419106e+01 9.674025585279582007e-01
1.942499739423455551e+01 1.045029800486492455e+01
-4.299998388173816299e-01 -2.589078642671371711e+01
2.548055438139596340e+00 -6.022800515294589374e+00
-1.013384219701374533e+01 -1.247362525678908796e+01
9.616747128066847949e+00 2.621652498703755541e+01
8.952487526879696844e+00 1.615966547034439671e+01
-3.215298684055397427e+00 -1.898734233771940394e+00
1.053275274197226352e+01 1.588519725455755349e+01
-1.008679744270037038e+00 -1.131646559214881265e+01
-6.968905856876913774e+00 6.276639384222073570e-01
-1.871195521258505323e+01 9.167153337216336073e-01
-1.261741071437779560e+01 -2.127682461654568513e+01
-1.901929913708751130e+01 -2.015124248588938727e+01
2.557760828150806987e+01 7.406459575457004618e+00
-6.240586962093148671e+00 -9.917714037672775262e+00
2.814620018147271363e+00 -1.078604504539028452e+00
2.187863431099533074e+01 3.122745085068975968e+00
-6.215351006331682804e+00 8.523575142494944856e+00
1.980777796971652904e+01 7.278602215166676714e+00
-1.154603851528775849e+01 -2.441521469005729017e+01
8.704055366052071419e-01 7.168020366287505496e+00
-6.637279641586118828e+00 -8.153536346322276529e+00
-1.319515621376935144e+01 -1.029225915147815051e+01
9.176324561080775766e+00 4.262233800184485055e+00
2.340480342567057903e+01 7.234398154901850120e+00
1.242732280975302572e+01 1.832072931435515528e+01
4.141357342265177266e+00 4.976319185628707231e+00
-1.626012468976399461e+01 -2.313082434976699275e+01
-1.919904263874230210e+01 -1.229424094826069336e+01
-1.980436194515445836e+00 -1.987989874273597124e+01
1.449357733840114726e+01 1.306117500697506095e+01
5.081234711779696323e-01 -1.029798912087398932e+01
-5.884501442426935292e+00 -1.776676904524786593e+01
1.182705309491052681e+01 1.166598782719793626e+01
-2.680297598317863006e+01 -6.970075310799686008e+00
2.051785114402821719e+01 9.743563472213132570e+00
1.574658855332966567e+01 1.005638640872119183e+01
1.210193122346146666e+01 7.868613575062116672e-02
-2.046376384631616929e+01 -1.314555459475233334e+01
-1.532290835361746062e+01 -1.240600470842701064e+01
-1.025979607401848348e+00 -7.409476548156527009e+00
2.066546787811596175e+01 1.931385670085479944e+01
-9.967750976972685750e-01 -1.794356879522944936e+01
2.184623202724878155e+01 1.472791660328683605e+01
1.348616879479346231e+01 9.243973569690627556e+00
-2.404241405931299624e+01 -1.074460373699073301e+01
-1.000651558801654906e+00 -2.095045212597321438e+01
1.598333143972096471e+00 1.788775962267531483e+01
-1.313356326571709154e+01 6.883397334421944791e+00
-1.568011677273054971e+01 6.837446099271587974e-01
-1.594511652990086903e+00 2.030682038089237196e+01
1.142595641707030207e+00 1.120225406682131819e+01
-1.224565624447993528e+01 -4.449286650729877279e-01
-7.383744380629607029e+00 -1.418727128157439132e+01
-5.392202579803410778e+00 -1.453685083845835724e+00
-1.598183099766080950e+01 -1.214569210984194569e+01
-6.346535428052435535e+00 -1.678903068278191668e+01
-2.869899470883821468e+00 -9.034343128748227869e+00
-1.918947123553913769e+01 -2.872894163917556032e+00
3.285850691408183977e+00 2.326751741852833888e+01
1.547210047173151182e+01 -7.181086335339198490e-01
-2.088216638083573784e+01 -1.109801086330880082e+01
1.465252197291672509e+01 5.169147594184833494e+00
-4.057146803980369754e+00 -2.317724148611258173e+01
2.996753109123860614e+00 -2.445266731637597601e+01
-2.153267475766532435e+00 1.488901885077166831e+01
-2.022904346592859426e+01 -8.747861033953588716e+00
-8.269327067444331547e+00 -1.963242495177483349e+01
1.018379634136329237e+01 1.401207440634700063e+01
-1.461389150228636780e+01 -1.521479068811934532e+01
1.367950659612210984e+01 2.720528669453140580e+01
5.368437496849412405e+00 1.702358924398343021e+01
-3.836842399618286409e-03 3.809408230930761974e+00
1.579930418256063440e+01 3.239645525973949169e+00
5.402382072234460431e+00 1.487122080911916200e+01
-2.002356334920984438e+01 -3.094095490445546215e+00
-4.841600615524561668e+00 -1.059768306848108743e+01
-4.992410211214945548e+00 -3.868560875073222771e+00
1.052601998372998438e+01 2.162063052886720271e+01
8.900193184345276398e-01 1.443975020683132904e+01
8.267698434467151358e+00 1.118152207611202797e+01
8.294054573204894254e+00 1.914584065494311460e+01
3.305063755755955679e+00 1.536654284587837438e+01
-1.933507977375440490e+01 -5.290678520321088207e+00
-2.261422098271525272e+01 -3.204739419191893202e+00
-1.247957252129149097e+01 -7.222522046086909953e+00
-4.259377417775935371e+00 -2.739997973111083951e+01
1.140606066847033251e+00 1.678925728976184928e+01
1.778489714327077920e+01 1.076674790653333247e+01
-8.472128899269234736e+00 4.260261594129032936e+00
-1.694824758574466372e+01 -4.591733324829029073e+00
-2.445060005940162817e+00 2.274075172832167979e+01
-2.044718584687506890e+01 -1.575451202489630909e+01
3.817036847224771545e+00 1.095718055401234636e+01
9.354136399893805631e+00 1.402083453183357520e+01
8.149897048507453334e+00 -1.911987401798589303e+01
-1.586083032142343008e+01 2.785085708031083129e+00
1.497090138356738009e+01 7.098863549498982906e+00
-1.467201042952933321e+01 -6.741734936680224166e+00
-1.263357670255203047e+01 6.736342024584117461e+00
-1.479791401238690618e+01 -5.315786073188276895e+00
7.598655601681030269e+00 7.110768720415421296e-01
-1.551497499548654169e+01 -2.429459800725511265e+00
-1.848164499739449695e+01 -1.395081334779617066e+01
7.562283755356197013e+00 1.601164201204639781e+01
6.609506375077009999e+00 1.380416671039202114e+01
-3.137418887787752020e+00 -1.150880316203319254e+01
1.718060752941445202e+01 2.456153434125980084e+00
6.047980900223744349e+00 1.246040168201941256e+01
-1.552384872876506705e+01 -2.020274265189114238e-01
-2.579799220323408360e+00 -6.952516323499030371e+00
-3.298453478982487308e+00 1.225303625126512230e+01
-2.335590471157049564e+01 -3.470369316192577713e+00
1.216960967366485846e+01 4.293403059523677179e+00
-7.131180688918753674e+00 -3.911886337565368965e+00
9.180693796549853403e+00 -7.213322442203176976e+00
-1.198506984954910592e+01 3.018149596300894189e+00
-1.628526046897774293e+01 -5.151912504115829350e+00
1.662398950142067378e+01 -7.957677435280008371e-01
2.164985163159680681e+01 1.512019111129137272e+01
8.443118391748699381e+00 -1.245471794757800232e+01
-8.393095946507655114e+00 -1.712137413644295236e+01
-1.150018830173320872e+01 -1.470494926117901180e+01
5.251219777986659842e+00 2.688675482187914412e+01
-2.248902711669441956e+01 -7.533421204445085451e+00
-1.120560337014249441e+01 -1.901579454119509549e+01
1.658169060532770445e+01 2.765035309908036254e+01
-2.318346263652729533e+01 -1.407342384467219176e+01
1.260624401177205556e+01 1.580869604373702941e+01
6.993942340632039567e+00 -2.849057477529897686e-01
-2.107971525052922068e+00 9.258735569151694822e-01
7.280345074888820989e+00 2.068971189796941346e+01
2.583419268012945746e+00 2.084875275064215217e+01
-1.110254324748985866e+01 -1.012977887723933357e+01
-1.362302305308181793e+01 -1.619570466248334739e+01
-7.067333002122707875e+00 -2.347917560992463404e+00
-2.983725150111012248e+00 -1.266124941625573186e+01
-6.016949052474761750e+00 8.418347532817761769e-02
-7.913510700410687770e-02 1.065677878924180710e+01
1.714986137878470984e+01 1.232223751430221448e+01
-9.064735642450827413e+00 -1.382985151693238768e+00
1.886247629332648046e+01 1.813726394231653671e+01
-1.359369358726336507e+01 6.746715482932782448e-01
1.964109089481424775e+01 2.361223189353410135e+01
1.562688612159836765e+01 2.080302419347831488e+01
-5.002608861544517893e+00 1.177268833415272775e+00
2.891730832747411384e+00 2.378119529749411853e+01
1.639991413722881219e+01 1.531320597628937819e+01
-2.279425951264997607e+01 -1.897705706517241708e+01
5.336332240488112610e+00 1.952579998042241627e+01
1.735398118100841813e+01 6.921423895655062886e+00
-7.506124245656970118e+00 1.271137588722910117e+01
3.085025819021300908e+00 1.244492612970041279e+01
-1.076853843535626609e+01 2.794973986934742083e+00
-1.715270422127312955e+00 1.512979853800568186e+01
7.536115844561238397e+00 1.484972758009673832e+01
-9.119487346742198852e+00 -1.227213784576106548e+01
5.155563972533633965e+00 -1.641704058670382338e+01
1.921891657476187021e+01 3.016986957009227144e+00
-2.378292333279134141e+00 -6.041502401036857428e+00
-9.254379304275776041e-01 2.017103451286056881e+01
-1.672124554831086840e+01 -7.406783968230801207e+00
4.368130677093450265e-01 2.453709531802643440e+01
-3.873999354059935118e+00 -7.130630760921679467e+00
-1.178754030764611471e+01 -1.846664420951348307e+00
4.165026461189436979e+00 8.437214946579903341e+00
-9.675825912002951057e+00 7.455898156249748387e-01
-1.660909610991723895e+01 3.257372473798765711e+00
1.439603970680100709e+00 -2.013128565935104319e+01
2.670978116971525651e+01 1.195735892710846926e+01
2.585816217066856026e+01 3.029239810391471277e+00
6.393171075504156420e+00 -1.440919728176928416e+01
-1.834549532982473963e+01 -1.145720012717965552e+01
2.344904699694559724e+01 1.218299696694409207e+01
2.117460144275895573e+01 5.679209100824023082e+00
-1.919271884015025975e+01 -3.995476361965708101e+00
-3.433743982883447732e+00 2.051168953344434609e+00
1.465862798357022179e+01 1.752750903513075897e+01
2.172443478972106590e+01 1.546251956927515048e+00
-1.504747721174500441e+01 -1.916354968117943258e+01
1.385778784368310390e+01 2.083448819520949513e+01
-2.160609558877205405e+00 -1.860931984946466855e+01
1.035581007484256411e+01 2.280569232253504808e+01
-1.766942137597759555e+01 -1.750534210869314578e+01
3.962101810188879192e+00 -1.568383769213731505e+01
-9.045669554172448557e+00 -1.494517384841483931e+01
1.496844811680305121e+01 9.073462425701448453e+00
-6.974381875335752490e+00 3.675667851988619450e+00
3.113762944440698899e+00 -2.597827940435024630e+01
-1.013220885109460312e+01 -7.142013952890103212e+00
-2.274399575420090258e+01 -3.895590667406496621e-01
3.776678608302808993e+00 -2.340354251685909759e+01
-5.106489570799941369e-01 -1.541744897718121621e+01
1.332985232460327474e+01 2.283610597358505601e+01
1.513292488154320559e+01 1.595977915327038765e+01
2.789537117065530758e+00 -1.748008738789276961e+01
-6.272588591066538655e+00 -1.228829169988254932e+01
-7.029019190900012148e+00 -6.769346192983762833e+00
2.396078467936542822e+01 1.120363007565507729e+01
2.577786039835497434e+01 1.202647356021917702e+01
2.088348076284050236e+01 4.494402046757097757e+00
9.087221657155003740e+00 6.900398312485163999e+00
1.153486008396652739e-02 -2.448749078005498703e+01
-9.798789080745185842e+00 -1.675430987707215635e+01
3.161384512067041630e+00 2.906133772218391975e+00
4.128666970382798063e+00 1.321918206243237925e+01
-1.246523078895745762e+01 -1.797041172270540699e+01
-1.912388303588890182e+01 3.615106410653662117e+00
1.911119642515154737e+01 2.014416200802778434e+01
1.358441302311689469e+01 1.309627943488208679e+01
-1.354504302538217075e+01 -4.493857133182619812e+00
-1.816284533372506615e+01 -1.003301856333738762e+01
1.796140109082703162e+01 5.431616652944817325e+00
1.148269739629671271e+01 1.458188434202616968e+01
2.246269550593743247e+01 -1.032780753074688418e+00
-1.458421140111896008e+01 -1.577553099284029425e+00
1.868489410582577648e+01 1.416736006550088511e+01
1.626717123154420719e+01 2.230176359622795701e+01
3.030636922272851752e+00 -1.302236601827889295e+01
-7.011352646805723773e-03 2.435112089574945671e+01
1.686599058913942173e+01 -2.175267492918155021e+00
-9.492926964744967222e+00 -2.383043215153336725e+00
7.347532276280926311e+00 8.221673941502052330e+00
-2.619456025030515445e+00 2.008029647662020878e+01
3.973890804058223924e+00 -2.093095469057137947e+01
-7.807223996947572076e+00 -4.488985171798711704e+00
2.524026948758182343e+00 -1.212474968987987189e+01
-1.790666753153466928e+01 6.423060867667127916e+00
1.293857409317702789e+01 1.043237883876296124e+01
1.095825342218156351e+01 8.256601436551948225e+00
4.688722020222124698e+00 6.539518964986441141e+00
-1.857818704168794355e+01 -1.943096341784535852e+01
1.865539508749724007e+01 -6.133508845191203429e-01
-6.690966615858168431e+00 -1.473216374379042470e+01
1.995051374841521863e+01 1.166333739614024090e+01
6.963593513859481554e+00 2.339654359487969160e+01
-2.461041991167703813e+01 -7.142687204445635984e+00
1.995411947078644843e+01 4.737387354568554976e+00
7.362258851821998462e+00 1.031531305680237764e+01
-1.522993773729970535e+01 -1.475783759185310551e+01
9.591786328044250354e+00 9.581000509829440404e+00
2.411294045001801223e+01 7.967796323037476647e+00
2.727109483544832846e-01 -1.638279110254247684e+01
-5.331241269112159564e+00 -1.385770537996992680e+01
2.864094298375400527e+00 -1.014616517692872577e+01
1.058067125519912466e+01 9.457743234241510422e+00
1.205349842151338002e+01 -2.676172090376784385e-01
-4.666827686483206783e+00 -1.515188965747582728e+01
-7.507963114331787757e+00 -2.571517826450624611e+01
1.054245966125500011e+01 1.831496727333993846e+01
-3.031356508223857826e+00 -1.795280758278004640e+01
-6.281661472434433513e+00 -2.271295216823444818e+01
1.072417750308571804e+01 2.031720994966745053e+01
2.460797620910301475e+01 1.696605917485313597e+01
-1.185993863990701946e-01 -1.358385344364996072e+01
1.765385916235726782e+01 7.898832689487908176e+00
2.410992643627685439e+01 9.074449534964923458e+00
-2.289267715689451421e+01 3.574075252376205825e+00
1.333646126962837908e+00 -2.106681685894369949e+01
-5.504649939349120835e+00 -1.992427897407975479e+01
1.680950968727183081e+01 4.562953931733296997e+00
4.031495242247716604e+00 4.331563610556847799e+00
-1.823774504348606840e+01 -6.838026405471422819e+00
5.191854998091993245e+00 -2.347799733242884912e+01
1.843682744182162736e+01 1.725455205877680598e+01
-1.321227922068113791e+01 -1.126800368066840186e+01
4.072725058829715472e+00 -1.290583661680861738e+01
-1.396160346034838851e+00 -1.506550704825491138e+01
-1.700553176938397826e+01 -1.351519590170688678e+00
2.269086358698291406e+01 2.157799206130448155e+01
1.555398011418426263e+00 -2.457106909118158544e+00
1.013146762018756242e+01 1.875203398239935737e+01
-1.680348207193518917e+01 4.446777373815792522e+00
-1.414768758008896121e+01 8.207093870601497088e+00
-2.594553635485103626e+01 -1.602027659415142802e+00
-1.813634965035062763e+01 1.133252294993666309e-01
-1.050230069330555871e+01 -4.375544935648177258e+00
-1.207303102956746449e-01 1.560519897056524563e+01
-1.361516816206064995e+01 -9.287635446754626045e+00
-1.015237222934616312e+01 4.409633773882953633e+00
