-2.810251258569512700e+01 2.563711066861502275e+01
3.634370656372841779e+01 3.371014805074407095e-01
3.369293265054578512e+01 -3.413392603951549198e+00
3.284289419223689066e+01 -1.706656205335606913e+01
-2.600603342041301858e+01 2.620929651391440629e+01
5.530555649316639233e+00 -3.421079304227244933e+01
-1.556324073652611695e+01 1.175319535898196399e+01
-1.520108936011734357e+01 1.682175735793597227e+01
2.047679091301050747e+01 -1.361219427036131435e+01
8.298693025220435615e+00 -4.042604637301409554e+01
-2.813128002836512920e+01 3.163895004353270934e+01
1.450446717205462832e+01 -1.770643416531009251e+01
-1.734399402130608081e+01 4.480273891008420861e+01
-8.898524707940230982e+00 2.110764710315413595e+01
2.675062736044115752e+01 -1.678197255705634205e+01
3.435185630170801119e+01 -1.287078856890377665e+01
-1.379995582575788049e+01 2.258453994250661623e+01
8.400470052661750842e+00 -2.589373218011689559e+01
1.853155310105829301e+01 -2.876363624054275192e+01
-1.675724379498206673e+01 2.238618479390503779e+01
-1.468097289244817283e+01 3.806327348934023291e+01
-1.366390928400107541e+01 1.647854699791583144e+01
1.764228934793781889e+01 -2.767280651971503858e+01
3.435741464990398697e+01 -1.114901864133341647e+01
2.953734121843691085e+01 2.527509065856646142e+00
1.990207914609543849e+01 -3.124135991581994887e+01
-1.229533312222495667e+01 4.335480708114651094e+01
3.039907638096504883e+01 -8.844303366071352812e+00
6.883733222963208220e+00 -4.240142455384649622e+01
-2.586613114274369352e+01 2.424349318993535718e+01
-2.196381356980732491e+01 4.004794256902103911e+01
1.678399672033388867e+01 -1.845362833201281560e+01
2.529877973546566494e+01 -1.290398156672332597e+01
2.888745831299741340e+01 4.395058905575517372e+00
2.344518029440914475e+01 -8.547715945207080779e+00
-3.240394643313917555e+01 3.122694212185357188e+01
-1.302570958648309762e+01 1.783939125036095064e+01
1.657180548342596538e+01 -2.739138759306375448e+01
3.590860365685927036e+01 -5.842801656514862607e+00
-1.441012649698261150e+01 1.974921974022239723e+01
3.860022171762798138e+01 -2.796121686748906932e+00
-2.035721615515504013e+00 -3.095496074525336638e+01
4.914327598293511734e+00 -3.931541474765938915e+01
2.601871455333051486e+01 -2.306509077332729163e+01
2.068834230753611081e+01 -2.444031185472043077e+01
-2.632512665358569759e+00 2.904560152035203657e+01
-2.112858765512982728e+01 4.339246408606685890e+01
2.307689240776975481e+01 -2.437170487990728418e+01
-6.859310799298047989e+00 1.378755951138981040e+01
-1.226635069300310832e+01 2.768537984577270450e+01
-1.574161874400881800e+01 4.345745123541414756e+01
-1.804480502451880852e+01 4.398721402619855780e+01
2.585692229587285240e+01 -2.027992026786380819e+01
-3.512583771750436767e+01 3.267875422603837166e+01
1.917111837050882173e+01 -2.415252364909849447e+01
1.739860522636934803e+01 -1.952164159302619240e+01
2.025401337767858223e+01 -1.539901911105865473e+01
2.186605495561277834e+01 -1.873470397881114735e+01
-2.165459979571166116e+01 2.708432718158155694e+01
-1.515803158854429356e+01 3.319883320766199120e+01
1.942342173837043262e+01 -3.316854955995308529e+01
2.933536166772889686e+01 -8.067037382918694988e+00
1.259087217471107856e+01 -2.827403098559617334e+01
-1.254449091885574674e+01 1.666557965111196182e+01
-1.192056061060021577e+01 2.018462223813772383e+01
7.094003960961390298e+00 -3.201511406371323432e+01
5.880242516292208954e+00 -3.528311829220815810e+01
2.580149232009224303e+00 -2.830620882786497461e+01
2.953781457551461287e+01 1.752742757873830381e+00
-2.035886016513472185e+01 2.052327334739013054e+01
2.347133274944015824e+01 -6.947833939723207841e+00
3.342474559689532043e+01 -1.791338645305085464e+01
3.039553877902828205e+01 -2.780605082131537564e+00
2.521961750919506429e+01 -1.044385515635998551e+01
-2.855930744605366201e+01 2.081818544504200830e+01
2.762853281398426830e+01 -1.600246866395096168e+00
1.572083256743210811e+01 -1.396329737387084080e+01
2.235027659772910980e+01 -3.281602317401301150e+01
-2.226898284206026091e+01 2.384427234756871172e+01
-1.955161928664115933e+01 4.125447089639845188e+01
-1.722911130263544521e+01 4.017469517818926761e+01
-1.346944392744366326e+01 4.106394537748685281e+01
-2.468630526619713939e-01 -3.581413817009183731e+01
4.056101981770256160e+00 -3.053146839878145968e+01
2.367150621795108378e+01 -1.877094830161880523e+01
-1.076803079537041441e+01 2.013327583258638143e+01
-2.828726029768404615e+01 2.352058573611355641e+01
2.895543420372040089e+01 -6.397884206487091774e+00
-1.426886870521070882e+01 3.513157006268973248e+01
-2.450732529353668809e+01 3.193178002204524901e+01
-1.175468688201424250e+01 4.208432344099115596e+01
1.442023714837936232e+01 -2.842254067844212173e+01
2.435690967901061654e+01 -2.248035803861298323e-02
-3.385569859781734436e+01 1.969663237311879556e+01
4.376115090019664144e+00 -4.180437789866589782e+01
-3.741129674904486535e+01 2.307283820367699434e+01
2.866966934996058036e-01 -4.639970962054315606e+01
2.679168569151102908e+00 -3.366107878784084306e+01
5.184883087091413323e+00 -4.415775318342868161e+01
-3.329658118963253344e+01 1.614087351546898574e+01
-1.697815236756226298e+01 3.694837052708319192e+01
-2.467992199616120175e+01 1.159386440547482522e+01
1.742998156516697428e-01 -4.435971293756640677e+01
-7.611897083298936328e-01 -4.695811119903645903e+01
1.705082988585252934e+01 -2.314819984404363851e+01
-3.316529574583217954e-01 -3.413514221154755290e+01
2.380372726056409505e+01 -4.921846975844390570e+00
2.599990334522758673e+01 -7.026212201510827704e+00
1.457020462881349232e+01 -4.160770388169983391e+01
-3.470480754911044130e+01 1.528747576981638900e+01
-8.596363793340859871e+00 2.664786756869665396e+01
6.827210802032157577e-02 -3.855179513582082507e+01
-1.157592226058805274e+01 3.772436117273566225e+01
-2.748470118799427908e+01 1.473078506276820043e+01
1.518655334436969007e+01 -2.062894907520906429e+01
3.454469296306553616e+01 -7.424972242078902163e+00
-2.365185568501662061e+01 1.573356612318971592e+01
2.661170225499958519e+00 -4.572177808170184221e+01
3.198003381286362767e+01 -9.911040304080801278e+00
-2.524458874360595217e+01 2.041148740056316768e+01
1.529324105191148320e+01 -1.807244750987280923e+01
-1.452357989253503590e+01 1.389501437823792074e+01
-1.737613211205070129e+01 1.798883258143899511e+01
-9.361515659267185541e+00 1.706810080308707711e+01
-6.480156685728309718e+00 2.373514850833980105e+01
-2.546009537604073358e+01 1.975939868898590746e+01
1.303414866867546884e+01 -3.865257857938845376e+01
2.867387851563583112e+01 -8.383704479929612319e+00
-2.363904318220744116e+01 2.024696256566566532e+01
9.652507377471987837e+00 -2.762053243953469561e+01
6.000587654219026845e+00 -2.792810812987341507e+01
-4.153508449155314253e+00 1.963125973376318711e+01
-2.604611746809478845e+01 2.784825876036107317e+01
2.867592022093930382e+01 -1.005237017869884220e+01
-1.306095044011526651e+00 -3.232861701860475279e+01
-2.666823882342396601e+01 1.197940264099202778e+01
-2.944784527129024099e+01 2.550751273925677154e+01
-2.735623062345911904e+01 2.215471408836211964e+01
-2.852530770784222014e+01 1.601856832934429420e+01
-2.550975794838879818e+00 -3.529185265644732539e+01
1.559132742286490680e+00 -2.793601990757304065e+01
-1.318380912699451812e+01 1.188429560221464776e+01
2.126977436186801906e+00 -3.240666543625233231e+01
3.653928644059642039e+01 -6.870199330345344579e-01
-2.775783820406983438e+01 2.173501553851810542e+01
8.917644281166627884e-01 -3.695528385694219509e+01
-2.433324870349071389e+01 2.255223634829133772e+01
-2.053828527724408559e+01 3.422529242450202958e+01
1.976883410995132806e+01 -3.182758966197376438e+01
-2.199068642907136439e+00 -4.220376962612296268e+01
-3.066315788272523335e+01 1.602755773836179287e+01
1.335600613880889576e+01 -3.197919382686233547e+01
-2.444620886607695454e+01 1.741569706348034785e+01
-2.305539878247807906e+01 1.753070151294364720e+01
-2.605953565143216011e+01 1.492650527314705400e+01
3.253174660953854413e+01 2.617608031420129322e+00
2.765515461861596691e+00 -2.997039149781214817e+01
-1.096737098438013014e+01 4.123453188556159432e+01
-3.070629252535850995e+01 1.343665768409218408e+01
-1.230149339386166218e+00 -3.904588879281600811e+01
5.725641017589276238e+00 -4.114314588075571777e+01
2.416387524163414113e+01 -1.583280119704358313e+01
-2.439710136764470505e+01 1.032214699525091284e+01
-2.172724177671705803e+01 1.775683117322732585e+01
1.443669954311516790e+00 -3.792201609424567721e+01
-8.024889183238403945e+00 1.484630733205291087e+01
-2.165325448256752328e+00 -3.911310380981593227e+01
8.327874754610014918e+00 -3.647289874269552001e+01
-3.092977309601925384e+01 1.874011414281185850e+01
3.294591257197635059e+01 -2.037787937287201423e+00
-2.674117169592492260e+01 1.220907578862282961e+01
2.905163325111490025e+01 -4.091470217222720862e+00
-1.033511961768032883e+01 3.864652090722434252e+01
8.488780593953739739e+00 -3.483765872452320167e+01
-2.993584420606165253e+01 1.361332838129454359e+01
-5.605906056991672770e+00 1.611364579423209875e+01
3.334129256525599772e+01 -9.425040607122845415e+00
-3.971144346369621658e+00 -3.673555753645944577e+01
1.944089353812363896e+01 -1.516162563436918376e+01
-3.095160130199555581e+01 1.021120247851153806e+01
3.802025323637243659e+00 -3.366032882826584682e+01
-2.040282306834872372e+01 3.979151038920774397e+01
-3.113126039934336831e+01 1.996353151029945749e+01
1.109762037809319679e+01 -3.344543847156648297e+01
-2.138655168111178995e+01 4.185713879460206499e+01
2.800899972265088778e+01 -2.066673915027224595e+01
-7.832400581030634079e+00 2.905437146371596313e+01
3.477774077485248139e+00 -3.701990184655011973e+01
2.900396294446252199e+01 -1.282974589603984583e+01
1.531876692523829497e+01 -2.856207841557884564e+01
4.212419236111523135e-01 -4.078367200309890706e+01
-7.174819626137135309e+00 2.257368542230728892e+01
-2.010484362360037380e+01 3.332999563636563067e+01
2.489043066346998501e+01 -2.990640827905962951e+01
1.348563529773401370e+01 -2.700401617877247773e+01
2.573130000580883703e+01 -1.856270894003832339e+01
3.655565250055874821e-02 -3.199031246202781631e+01
-3.319186248216463753e+01 2.908937498400218402e+01
-2.177216994128382765e+01 2.094554145737419404e+01
3.068359908281458992e+00 -3.908358377697210528e+01
1.873748501741624750e+01 -2.102036745917197891e+01
-6.440301507494767819e+00 2.215171843387782147e+01
6.200068861583251767e+00 -2.093280726635981637e+01
-1.676294315306263627e+01 2.458208712834212406e+01
-9.181681100242455429e+00 1.361038857900679133e+01
1.624352504814776665e+01 -1.010009676050757221e+01
-2.575426124528953764e+01 1.800704128435923224e+01
3.101010299714226548e+01 3.550935336597486724e+00
-1.987486808737994082e+01 2.326006278815017581e+01
2.109321550030050574e+01 -3.713374917249551288e+01
1.949324211840053422e+01 -1.851817884230878519e+01
1.498177753972871962e+01 -3.764025302934980033e+01
3.695819692700531078e+01 -1.179724956267435410e+01
3.007316967627383519e+01 -7.297636105270543183e+00
2.045144303218609139e+01 -6.317919298978657672e+00
2.575476981444759517e+01 -3.384429576935283901e+00
1.651472894194754559e+01 -3.936122027433325599e+01
-1.755988448281912184e+01 1.364331965295702354e+01
-2.665390934342653395e+01 3.409413627331858265e+01
9.801639783926525240e+00 -2.473350926168286890e+01
1.534142818312900935e+01 -3.463717464515716671e+01
-3.743533374770292710e+01 2.262183689733228675e+01
-1.642173815832289208e+01 1.350480714868148979e+01
3.061093479252860661e+01 -1.031406833492159869e+01
-3.517502888962157215e+01 2.753445616708346577e+01
1.386597555870397791e+01 -3.585596294953317198e+01
-2.827017629598901394e+01 3.123082187353662320e+01
-2.500808534942551020e+01 3.661962342154202332e+01
1.539254915678857216e+01 -3.610424794845337004e+01
-2.012830080075782391e+01 2.394351517088063375e+01
-2.371308432722935677e+01 2.764134662061310266e+01
1.545625461051007576e+01 -9.701445175063579285e+00
-1.405970195664347244e+01 1.550161261013381164e+01
-2.750088866689845091e+01 3.794741967777242309e+01
-1.624299552556492188e+01 1.556390483746000619e+01
-3.414762566604377980e+01 1.736351303843780869e+01
6.101914547514254217e+00 -3.267792370635763888e+01
-3.816827209279450983e+01 2.104916752493620180e+01
-3.404880185005955795e+00 -3.224254754896888642e+01
-2.794959377722683058e+01 1.742351574448250773e+01
1.679722302038351955e+01 -2.573620484859731050e+01
3.219114716160486012e+01 -1.535531097876474682e+01
3.189825740672328891e+01 -3.177161363992149212e-01
-4.892502501370250556e+00 2.371174485670731258e+01
1.703915095841987792e+01 -1.728533624183892670e+01
2.502685333623150044e+01 -3.023420604143698398e+01
-2.579617069627161996e+01 2.131273446274709471e+01
-3.045431654440958624e+01 2.262088278369492400e+01
7.823771479393596628e+00 -3.050349008256775463e+01
-3.392537807139432715e+01 2.309251620511562919e+01
-2.366302750423266232e+01 2.567023146415800383e+01
1.861257545216427545e+01 -2.481184177966184734e+01
4.829383392379055451e+00 -3.058945850632370167e+01
-3.825234016925884362e+01 1.999069992331065038e+01
-3.249098455516973871e+01 1.557137819121394351e+01
9.443348287189028412e+00 -3.328477782829895659e+01
-2.070207828660935778e+00 -3.564152786876817913e+01
2.523875087647761362e+01 -5.930442601202816633e+00
-1.818794148419600631e+01 3.625782037689149462e+01
-1.417794645760980465e+01 3.555987257211098296e+01
6.086492172335707274e+00 -4.656910037734480312e+01
3.441824527809490775e+01 -3.278910822688708482e+00
3.901042898265941972e+01 -3.178725178852026989e+00
-9.875432089243821210e+00 2.254315049614254107e+01
4.564863349394320480e+00 -3.760400017052644017e+01
-2.039262322177015463e+01 4.089026033847870423e+01
-1.138372233278442458e+01 3.678870130966667062e+01
1.978861576766786534e+00 -3.457197003821363523e+01
-4.042528843231252722e+00 1.228375160350752360e+01
2.564878847701808962e+00 -3.919216785843306639e+01
-2.017253384603887056e+01 1.748241205822428057e+01
-9.132095697890658670e+00 2.942332664076275250e+01
2.186265955205465872e+01 -1.767124248746907611e+01
-3.435697673890719273e+01 2.718008226404325001e+01
1.129106338828979617e+01 -2.989574796915366406e+01
2.066765693846878094e+01 -1.093372414302463547e+01
-2.482829332479472839e+01 4.089819822797058180e+01
1.141675886141543472e+01 -1.866527640221547912e+01
2.562083711755074589e+01 -9.041274004562488642e+00
2.377882965101572665e+01 -1.860960915322819531e+01
-2.575469908961789756e+01 3.092631206701694069e+01
1.629939874264148614e+01 -3.145942469228345573e+01
3.171943338058992978e+01 1.295620666011731092e+00
-3.294538898584850983e+01 2.376693680461495717e+01
1.258197382320424040e+01 -1.851554985390171382e+01
8.922351421650354553e+00 -2.179534078001081809e+01
-1.305352718796864941e+01 3.106071858011559428e+01
2.958865723731112141e+01 -2.936240531160584921e-01
1.676646404051609451e+01 -2.074018657373341767e+01
2.437590117765351039e+01 -8.082894173238747371e+00
-1.827752215808508041e+01 2.815083514452947711e+01
1.388970926526745941e+01 -1.550684857368557168e+01
-1.747338661659178527e+01 2.562996274985003353e+01
3.621666963164785358e+01 1.331743666631382661e+00
3.270792533650742229e+01 -6.218847961451352546e+00
1.047213329851185293e+01 -2.387675004087012809e+01
-2.392729389319745792e+01 3.631705455043963582e+01
-1.643130792804790730e+01 4.147884778311581755e+01
-2.379960618417788609e+01 4.375646216572360458e+01
-1.409014677991544495e+01 3.791943501733536692e+01
-2.082765560682674888e+01 3.187265736077873157e+01
3.559728652902894197e+01 -3.336239025484510456e+00
2.169144013611954946e+01 -3.711181777697310480e+01
-6.296200997122113563e+00 1.892482758678939092e+01
-3.418963211516770428e+01 3.231560834046343444e+01
-1.909705952179038491e+01 3.900435379978893735e+01
2.085238751044500560e+01 -2.376424326339323656e+01
8.597489549332149039e+00 -3.794376026051504169e+01
-3.144533201347600837e+01 2.789492999981047561e+01
-2.116367277066916941e+01 2.922147617423445709e+01
9.444598317929305153e+00 -3.172955480625694591e+01
-1.636679919597649757e+01 2.599011965186504014e+01
3.134379595050190304e+01 2.444224156945202342e+00
-1.965294904148789712e+01 2.927691943640527583e+01
1.626897998809738866e+01 -3.576710558093367354e+01
3.177965913948169074e+00 -4.301937972154495071e+01
-2.495079451647795565e+01 3.825645909979306936e+01
-2.073508363747929195e+01 3.823218146133779527e+01
-1.237942543572740561e+01 2.454860782384294993e+01
-2.362620506536639198e+01 3.107640140960841535e+01
-8.071620309291212436e+00 1.209166836056921923e+01
-1.423403878693555313e+01 2.443918378247734324e+01
1.036094278987004280e+01 -2.675349656036651425e+01
-3.746081122795446561e+01 3.286906513841496746e+01
-1.647156879619816650e+01 3.836534242668960815e+01
-1.495680370352729049e+01 2.025294472225225562e+01
-2.461937033767768668e+01 2.350833668173604352e+01
3.269116433882056327e+01 -1.519592317493567535e+01
-3.103759294727476714e+01 1.762022892256054618e+01
-1.244717034864964766e+01 2.614661047205426669e+01
2.119226292884086504e+01 -2.252854484304538829e+01
-3.045011859250593034e+01 3.473234797162060516e+01
-2.060173039500002545e+01 2.530452317308930432e+01
3.465390851771480385e+01 -9.548182600446656565e+00
1.727246336591285569e+01 -1.613036453588613384e+01
1.728673959361233869e+01 -3.698788026051845179e+01
3.344400242206069862e+01 1.347030766319013750e+00
2.175430024046138300e+01 -2.852143743384529984e+01
1.174971654899140638e+01 -2.847780606987376473e+01
-3.113938868580839880e+01 2.410461594852958100e+01
-1.051359143883423464e+01 3.574064065184977323e+01
-8.109702656702404866e+00 1.398074963293876749e+01
-2.316687183021315022e+01 2.911778444525105769e+01
-9.588686890991505507e+00 3.007087287137639464e+01
-1.707387983670198395e+01 1.958458309183208712e+01
2.333473258287063246e+01 -2.176448471694824960e+01
-1.834917468757089054e+01 3.192713247931979836e+01
2.633759853001689777e+01 -1.345897266873559595e+01
-2.312366225447274815e+01 3.302013189070470389e+01
-1.071519813669415377e+01 2.281058520755454211e+01
2.520032748838938730e+01 -2.570251472115402791e+01
4.767295889858385927e+00 -2.691618951859555509e+01
-8.709706381474259018e+00 2.555777511925294476e+01
-2.932062173914332703e+01 3.826263846293660720e+01
2.137841901607070838e+01 -2.701125412421291827e+01
9.971351526330920478e+00 -3.650184302507618384e+01
2.876897401847067570e+01 -2.183060160883559675e+01
-1.613344534779012562e+01 1.103265477843196862e+01
-1.664751677575992872e+01 3.919894998708756617e+01
3.057920571727349923e+01 -1.120644073470738000e+01
1.955852004181469184e+01 -1.998254497135138408e+01
1.437094667430166339e+01 -2.389182325169909049e+01
2.414773593743474578e+01 -1.095406343253389814e+01
-2.521248161526476750e+01 3.327607392973443012e+01
-1.245030268844902999e+01 1.066272635393099222e+01
-2.294133351945815491e+01 4.476682666125136478e+01
2.815721269715448827e+01 -1.954195661746119583e+01
2.129812170345732980e+01 -5.988560261267385165e+00
-6.340552826301069977e+00 1.930867225961524625e+01
3.070063887208509712e+01 -1.586795754750769838e+01
2.254174365680072611e+01 -1.441695290077233160e+01
-1.240935077015286048e+01 2.284135709638848866e+01
-2.093063084898554393e+01 4.569012546304877276e+01
2.657313664753367988e+01 -6.052042037482252113e+00
-2.022824661765447019e+01 4.535398635485699970e+01
3.716018531757998744e+01 -7.297351255498411682e+00
-1.526004077958178762e+01 2.714678434825034259e+01
-1.873021801769623096e+01 4.117808017625362282e+01
1.473360662385538866e+01 -2.396784399361705198e+01
3.188852610262869547e+01 -4.662264601603967051e+00
3.176328343547385202e+01 -2.823730277127641575e+00
-2.719925190482795685e+01 3.816960777568743879e+01
-1.022579512279980918e+01 2.625208355655530212e+01
6.639486707325987780e+00 -3.735170281113781243e+01
3.584727996894562807e+01 -9.542759115418244065e+00
-3.779289975809334834e+01 3.299253639683718120e+01
-3.180105721838335242e+01 2.635765072498029227e+01
4.224108332140779076e+00 -4.419472388731368540e+01
2.116516094886189947e+01 -2.108876501685181282e+01
2.524083165979546806e+01 -4.823765321106063375e+00
3.662132737177744701e+01 -6.450451128401966550e+00
1.834900459141897144e+01 -2.173017651082016855e+01
-2.275885079052601512e+00 -4.305706626526508529e+01
-3.136975174088914642e+01 2.144212270867187087e+01
-1.758104775337229242e+01 2.886478714803212853e+01
2.766293413584392979e+01 -1.066714835710910769e+01
-2.787524449543019855e+01 2.843476660647570853e+01
2.118278511211796111e+00 -4.303906721640949939e+01
-1.678080928821530926e-01 -4.278404054694004799e+01
1.379214615267228794e+01 -9.539579026382490667e+00
6.318455596792698969e+00 -4.173849778208393246e+01
-7.896857827285472808e+00 1.665616511866094029e+01
7.599722948914656939e+00 -2.677340476751221132e+01
-2.776063288364210280e+01 1.888415909710757035e+01
2.450265041586522941e+01 -1.417592696274729214e+01
1.143162879969526990e+01 -3.987212153695635664e+01
3.350159769136942245e+00 -3.640527913155883510e+01
3.442266618752237495e+00 -4.039339254433441795e+01
