-1.868881474167260848e+01 2.969189182664982241e+01
4.470578788779538115e+01 -1.949277433421871564e+01
3.809671024700908504e+01 -1.699242197433252599e+01
3.692161046971891381e+01 -1.203510647165686542e+01
-2.488279452612095000e+01 3.762871284989225273e+01
-7.053369899624794215e+00 -3.582092756661977262e+01
-1.644030050491691597e+01 1.989170485067505467e+01
-1.602974770738297394e+01 2.249276616975692633e+01
2.271724346098376301e+01 -2.173275363092792034e+01
-4.349258237504375124e+00 -4.022417198891173484e+01
-1.600669011989836577e+01 3.536632110953883057e+01
1.354094805315875227e+01 -3.953824547392601829e+01
-7.733058535165622693e+00 5.712237192446227141e+01
-4.837922412559104934e+00 2.598440471311069544e+01
4.082780816371117538e+01 -1.057636275788553171e+01
3.097175391313361814e+01 -1.059002212783549979e+01
-8.660173250105822618e+00 2.558928399526635999e+01
6.206739631132568213e+00 -3.928713063211975509e+01
-1.939081887369944746e-01 -2.962715492282666574e+01
-1.426765739772514330e+01 2.435190599193440875e+01
-2.949132930809798658e+00 4.925457846066878886e+01
-1.226917920954028496e+01 2.373082038582071007e+01
1.405185495761895664e+00 -3.346558084828154023e+01
3.387738621892351887e+01 -1.100421281677106222e+01
4.266502421303708559e+01 -1.846085580343321553e+01
2.313148518237733153e+00 -4.222935301930854024e+01
-5.946796372134611985e+00 5.555864764228314101e+01
2.672798450498533640e+01 -1.907430590981446628e+01
-1.720582831433821625e+00 -4.761257799448060268e+01
-2.387670781943735676e+01 3.523546528126061617e+01
-9.228039554003409251e+00 4.906733099156129896e+01
2.022876697834566428e+01 -2.977663941457220886e+01
2.560336808149554599e+01 -2.365352825335872211e+01
4.882763298778648675e+01 -1.758503842650275217e+01
2.421958041144707607e+01 -2.885858151558765883e+01
-3.049305002944826626e+01 4.264655450775454426e+01
-1.268244429743656454e+01 2.437932263692369972e+01
4.331671276054196995e-01 -2.781258936116181602e+01
3.932871675734731554e+01 -1.745308289926109424e+01
-1.572540793071264353e+01 2.902178351661489941e+01
4.049790397401002195e+01 -1.974579150993576704e+01
-7.610365674854056905e+00 -3.490684434855251794e+01
-5.234375209575184762e+00 -4.957938264632902303e+01
1.418356126371450721e+01 -2.178054532864660331e+01
1.999436151702438025e+01 -2.104024218958414494e+01
2.668340299249363223e+00 -1.871631849531631531e+01
-1.135394997125356653e+01 5.353932121381148335e+01
1.449283821163031050e+01 -2.982873439912291502e+01
-8.307189320169825919e+00 1.575055055208230925e+01
-1.068214066445376309e+00 2.214251081174386115e+01
-7.321890593911459355e+00 5.828493655473676682e+01
-8.914958444659038861e+00 5.440881471976294392e+01
1.489148344739267316e+01 -2.341821756470135441e+01
-2.585988924141793177e+01 5.466678987041923676e+01
1.204553730205187634e+01 -3.142331395281178530e+01
2.305969462641111889e+01 -3.097083495426439015e+01
1.732212384336829913e+01 -2.741094012904557431e+01
1.496563340508849116e+01 -3.275953301896316106e+01
-1.072727441281013050e+01 3.980292800170834511e+01
-1.101242464587380709e+01 3.406556440679407416e+01
8.465709621069759550e+00 -3.883689247584533888e+01
2.968972336791323485e+01 -1.864105732326488152e+01
-2.541742148499897547e-01 -4.114389250226108175e+01
-1.086519110998774629e+01 2.239291419281649809e+01
-1.503035653314734432e+01 3.096359522396534558e+01
-8.505075779593919139e-01 -3.055451528389411209e+01
-1.840096754077767516e+00 -4.943435735684224852e+01
-2.171959218894262023e+00 -2.847990388066249423e+01
4.113091123560310791e+01 -1.856322937906210413e+01
-1.446011032679796848e+01 3.270928571765659854e+01
3.044212827598694560e+01 -1.076055860123661390e+01
3.535008873748083857e+01 -1.254681477105539855e+01
4.390540696256747566e+01 -2.174672560085806694e+01
3.367691888998903238e+01 -1.557589846898081021e+01
-2.115813926173308346e+01 3.563878278223867824e+01
4.474940604801045652e+01 -1.742929736493141490e+01
2.658354937894491243e+01 -1.328773425026406407e+01
1.746061024014137875e+00 -2.527020043926632553e+01
-1.966170629919304247e+01 4.128579641216594354e+01
-9.977205553172908026e+00 5.011138461555131585e+01
-1.189768120771804227e+01 4.761070857248218147e+01
-5.477126126141697249e+00 5.214431052626125052e+01
-3.810918706442846471e+00 -4.776542682141786855e+01
-5.877085641435445318e+00 -4.673612478758570887e+01
2.628639750639100114e+01 -2.472093983875188528e+01
-1.090187303853540790e+01 2.451376771968364210e+01
-2.707046512340831512e+01 4.042160835966732435e+01
2.813945631573424322e+01 -1.375517484772770338e+01
-3.729592442767112104e+00 4.755229914765341448e+01
-1.705004871765438068e+01 4.726681746109323967e+01
-5.272507207834352450e+00 5.497731073909605470e+01
7.900454699958880056e+00 -3.193331267337019952e+01
4.421917384158316366e+01 -2.292551310630336303e+01
-2.651116968943803798e+01 3.397442886545782414e+01
-7.723801166508992289e+00 -3.923598918245595968e+01
-3.181225270894980639e+01 4.170516260485429427e+01
-1.646737908497860303e+01 -4.505045600529079763e+01
-7.818887801341017685e+00 -3.822961904396454713e+01
-1.125946577651132507e+01 -3.943685108080524060e+01
-2.883406462062380626e+01 3.159678593527583601e+01
-7.452915454325547806e+00 4.585515257250865773e+01
-2.574872353949702486e+01 1.916647641203605090e+01
-1.796941365225916343e+01 -4.605036210112145767e+01
-1.638212722591765669e+01 -4.676888762527812560e+01
1.340228167229431477e+01 -3.582233910249764364e+01
-6.892342233199893364e+00 -4.669267295980767329e+01
3.041977014605771856e+01 -2.233853006246095418e+01
2.987173259395804337e+01 -1.957842827243394979e+01
-3.926336356951497297e+00 -3.432981391652195668e+01
-2.731923644927218220e+01 3.176394000755383118e+01
-2.489626207440991390e+00 2.805812944085374738e+01
-1.185006381480685178e+01 -4.484378585787344917e+01
-2.964180486583638086e+00 5.384751245193124447e+01
-2.825575197112195269e+01 2.478123149080439092e+01
1.906272176979493693e+01 -2.770582907608604017e+01
3.748668465767070046e+01 -1.298663243240287812e+01
-2.605535435804896593e+01 2.770032903122363521e+01
-1.432752384067124751e+01 -3.885640407258713225e+01
3.650566522737472042e+01 -1.916300420559027273e+01
-1.945670187418832953e+01 3.059698045044256887e+01
1.745532890436918905e+01 -3.169522719619298812e+01
-1.514766035401795463e+01 2.169092243527661523e+01
-7.117057267067316673e+00 2.684002934736565749e+01
-1.144364390780921958e+01 1.982487081989884814e+01
-9.181895391858388988e-01 2.828917124695600904e+01
-2.133401093229565504e+01 3.303188642207796022e+01
-6.781054717811679566e+00 -2.995472151925079629e+01
3.185259513947966781e+01 -1.941149953826058905e+01
-2.058525511662208274e+01 3.236891525882294474e+01
-6.226905636392364940e+00 -3.042782981697247280e+01
1.619819724979971287e+00 -4.246576101629467104e+01
-1.104820404357242047e+01 3.201012912534519472e+01
-2.108582638244516616e+01 3.044601466187695493e+01
3.210123548700964591e+01 -1.641799554709199427e+01
-1.171155195087035139e+01 -4.128979307433638724e+01
-2.319313968403698922e+01 2.174690481512937268e+01
-2.866163537602415801e+01 3.754878800693017382e+01
-2.359495236787967798e+01 3.357557407292073037e+01
-2.734056240168508722e+01 2.718945733095083028e+01
-9.387130072802166936e+00 -4.493024863493842957e+01
4.861850710367316974e-01 -4.664480282364007024e+01
-1.348470364695802637e+01 2.046829882374592202e+01
-4.788217310049076580e+00 -4.902019797925868971e+01
3.863648588224702252e+01 -2.247935664004962319e+01
-2.336849567241111103e+01 3.431753009497501949e+01
-3.271034504574713786e+00 -5.039073891909394121e+01
-2.556801520140253103e+01 3.483801067955389641e+01
-1.401192471831048181e+01 4.339894785404695199e+01
2.044824591616571041e+00 -4.766916071112256503e+01
-1.498207291525076101e+01 -4.706073402767055569e+01
-2.748759229366461554e+01 2.295113359609389647e+01
1.745289659952380834e+00 -4.591005297986228584e+01
-2.526415285783093267e+01 2.593763280357025991e+01
-2.551679089920538246e+01 2.968715886713605911e+01
-2.454550984282795412e+01 2.344267977995314922e+01
4.768585761727222661e+01 -1.856502917723068080e+01
-5.624613026708659369e+00 -4.257713213239344441e+01
-3.837273932586485525e+00 5.431529901303083818e+01
-2.816113752237638224e+01 2.108109970984603621e+01
-9.898917298112818841e+00 -4.354248310494899243e+01
-5.266383440425501661e+00 -4.455125811171014760e+01
2.453765660440606666e+01 -2.775886935965320390e+01
-2.494687284983809761e+01 1.998841814103038317e+01
-2.172265322890421757e+01 2.587420543237633197e+01
-1.204018537337522154e+01 -3.981158227977362429e+01
-7.280005545449260929e+00 1.938250560865620997e+01
-1.035298074994024731e+01 -5.003778904612831013e+01
-1.368461512612467779e+01 -4.274584777147084935e+01
-2.870633986440472896e+01 2.636801577607781155e+01
4.280070916724812236e+01 -1.530463421738022589e+01
-2.438690047959018514e+01 2.200427214743604054e+01
3.364869348357513701e+01 -2.165351063747788629e+01
-2.734958126122675193e+00 5.154582253157055760e+01
-6.578957306834277929e+00 -4.084425496890349194e+01
-2.732069508322847184e+01 2.222989194998877593e+01
-6.762698230623723994e+00 1.954347981421714309e+01
3.545786190833754148e+01 -1.543038068318671741e+01
-1.441201727409628575e+01 -4.161280302490391847e+01
1.713598534973224474e+01 -2.947901006643581567e+01
-3.174853685115647650e+01 2.589855913345204286e+01
-9.884692624516688397e+00 -3.724649330467286035e+01
-8.883562852271339239e+00 5.555771072635483421e+01
-3.125854194435713040e+01 2.662139271958322695e+01
4.268178025006912346e-01 -3.480638932839958244e+01
-4.077575612811119576e+00 4.525774416084787788e+01
6.032021610547527501e+00 -3.007379466386129252e+01
-1.112634766968837008e+00 4.952820177896098386e+01
-3.719277894545858665e+00 -4.214057727810943277e+01
2.550696955022210233e+01 -1.791263825230812756e+01
8.473499787228602642e+00 -3.600699654088229806e+01
-1.634654502389111386e+01 -4.793599849497801557e+01
-1.986547308202737172e+00 2.706161763340618975e+01
-1.194478650616335180e+01 4.427285135923690973e+01
2.136393972159346344e+00 -3.506040029845075878e+01
4.621782152881436012e+00 -3.472690890413859677e+01
3.022890379169582431e+01 -2.538320263108973052e+01
-8.864424578694292123e+00 -3.914131655850346192e+01
-2.483905797709052266e+01 4.071512811291201217e+01
-2.300825938589343878e+01 3.674680173662535765e+01
-8.534720138779182008e+00 -4.821067040857308683e+01
2.177503143685508391e+01 -3.209744145467703902e+01
-3.396781733459228292e+00 3.218225921606290996e+01
2.226789924237039742e+01 -1.896689380628316357e+01
-4.563166680244512996e+00 3.476178588570687111e+01
-9.196980349707118307e+00 1.654434153279335717e+01
1.744673506423858811e+01 -2.365669225158008970e+01
-2.026468886790770796e+01 2.468913614453765248e+01
3.887988416124359503e+01 -1.356546970395400287e+01
-1.952582814951467327e+01 2.278714599016209874e+01
1.167742787164630691e+01 -2.935451022027624646e+01
2.094034470641787493e+01 -2.474557072045817208e+01
-5.894854169606657202e+00 -2.827598639178976825e+01
2.510158172144245370e+01 -2.233052377852066428e+01
2.622958595039614238e+01 -1.658565945515405815e+01
1.034882677757108382e+01 -1.998283925569353059e+01
2.482022505571280035e+01 -2.014188296373337650e+01
8.943789399299360454e+00 -2.100614288711699018e+01
-1.287635829245227903e+01 1.949396714823291177e+01
-1.036090619922074074e+00 4.067118288564527973e+01
3.754145513453585270e+00 -2.794036212849763245e+01
6.869000010654490396e+00 -2.429370513643022633e+01
-3.119740683443540874e+01 3.299372396288815423e+01
-1.868142921128062284e+01 2.274940475974046450e+01
3.359656766200458122e+01 -1.828642583744216310e+01
-2.579937236534331646e+01 4.450413311304139796e+01
-3.652354355092091609e+00 -2.590563899536694237e+01
-1.961833178068086880e+01 4.206069789445291462e+01
-4.604544968014047335e+00 4.098247166041829104e+01
7.390004188820570086e+00 -2.411827194427817744e+01
-1.924408889153213309e+01 3.936637481027751306e+01
-7.657656955153750111e+00 3.886561331857351576e+01
9.887077985373998956e+00 -1.968677916706478470e+01
-1.791016894059590925e+01 2.184721130376084730e+01
-2.369195137822073693e+00 4.333036640402134054e+01
-1.870726009209058560e+01 2.111310973172375682e+01
-2.794615206530268381e+01 3.079674689600181026e+01
-8.330918796970884443e+00 -4.227727414246465543e+01
-2.643578452396985412e+01 1.852582577349666693e+01
-1.173874692203352588e+01 -4.859528424732936713e+01
-2.777013077271941910e+01 2.916661233455259250e+01
2.459948763339041999e+00 -2.787961724080899373e+01
3.195668730306058336e+01 -2.497578202755326515e+01
4.298095320230515881e+01 -1.716804502613858574e+01
-2.996795706759577405e-01 2.882996325672752391e+01
1.936271935264369404e+01 -2.933662620889102257e+01
-1.092262817804836361e+00 -3.377106806662249028e+01
-2.577751149864556268e+01 3.241137066966251723e+01
-3.154054670449603748e+01 2.994945251281550469e+01
-1.076111196927312541e+01 -3.627322416459339394e+01
-3.148427986859782024e+01 3.555526565149038021e+01
-1.714305874040122291e+01 3.720938292541539028e+01
1.117297491158927336e+01 -3.383530944804098795e+01
-8.235168496263041149e+00 -3.018473627286712357e+01
-3.233528069877527855e+01 3.385199531673193718e+01
-2.409801484975723085e+01 2.973309215754769141e+01
-2.402190235656413542e+00 -3.412464923572031950e+01
-1.093034065705486135e+01 -4.494992764119982809e+01
2.979907436146853428e+01 -1.599492161234907606e+01
-7.517493569306603618e+00 4.678221685945576525e+01
-4.089754750924614157e+00 4.771215255492220564e+01
-1.718540567862520518e+01 -4.955396943889579120e+01
4.175543106649433867e+01 -1.569681790985666581e+01
3.804365996763746693e+01 -1.851279433665999719e+01
-3.255186063587919065e+00 2.657917287972605891e+01
-8.882210745023241927e+00 -4.338205776810045933e+01
-9.487259378667918241e+00 4.763546437519340770e+01
-5.240992871714252210e+00 5.059288242807561176e+01
-5.911905770797711845e+00 -3.683980309274139842e+01
-6.817585280902184408e+00 2.159696083516929122e+01
-1.044328282908161398e+01 -4.639781886622618146e+01
-1.681817243422117869e+01 3.073556902231596411e+01
-6.763240839229787582e+00 2.809086608259979556e+01
1.876528210592504564e+01 -2.509055318385698286e+01
-2.502004161373460533e+01 3.935788446630036219e+01
2.602043134459924190e+00 -3.262616512610590291e+01
2.891777929435375682e+01 -2.514386061073950884e+01
-2.160703151116526222e+00 4.112671562517916612e+01
1.012909072698342250e+01 -3.611260151242792915e+01
3.270435835062903607e+01 -1.403747006730307234e+01
1.662872417345024800e+01 -2.830663146198163105e+01
-1.787595478302459640e+01 4.685653569290273168e+01
9.265690790916902841e+00 -3.758529778577577218e+01
4.726070016828847997e+01 -1.802729883304439085e+01
-3.099821524362045366e+01 3.966714889660539001e+01
3.951633789841510147e+00 -3.126343572656472958e+01
3.786300465829126605e+00 -3.200733518691859558e+01
-1.418313841809278486e+01 3.875662267821610385e+01
4.143285697991964156e+01 -2.044673753434598495e+01
1.857686373442216521e+01 -3.165426317805177803e+01
3.157776139267711457e+01 -1.821552773281173643e+01
-1.398990967796549434e+01 4.021631175226343657e+01
5.857385498105577071e+00 -3.138299385830597643e+01
-1.029969246669871552e+01 3.849595499302880341e+01
3.704961757854313475e+01 -2.163238176305059923e+01
3.024762993893703111e+01 -1.403986939804729595e+01
1.140833156275786209e+01 -3.504740646217378952e+01
-4.970420518756134776e+00 4.444853898299155048e+01
-1.071835741140908560e+01 4.928594730373408339e+01
-1.504705674201279386e+01 4.834486297743971051e+01
-3.926799051968361542e+00 3.537390919941045553e+01
-1.238552513121665477e+01 4.365195132124388522e+01
4.260776443772670774e+01 -1.402330527003395488e+01
1.126846856248183570e+01 -3.681861194493656342e+01
-2.783950641989038299e+00 2.118400061377467480e+01
-3.014964492875229851e+01 4.248278839509180216e+01
-7.058599610324144180e+00 4.790650755178322839e+01
1.087733856442680391e+01 -3.282860757593402923e+01
-1.113573515637768274e+01 -3.766714654053043176e+01
-2.605369145830394473e+01 4.101902297951617271e+01
-2.126280310875096191e+01 4.528224181505095203e+01
6.945143896319306620e+00 -3.908077752399703542e+01
-9.013230724141779504e+00 3.793407673175178729e+01
3.918983841341302110e+01 -2.148255867500351002e+01
-9.633771344407191961e+00 4.138476831835415481e+01
8.974155638127559342e+00 -2.433611737471822423e+01
-6.444220447462465806e+00 -5.132747247687758829e+01
-3.261178394028927396e+00 4.276980572998717633e+01
-1.028163949500773633e+01 5.671450517783586065e+01
-1.090572523407521288e+01 2.771244438501199170e+01
-1.072813999086552883e+01 3.696723029425303508e+01
-1.028805298601574769e+01 1.656361648814943521e+01
-1.226895834469588564e+01 2.769318129443149701e+01
-5.374184401014653112e+00 -2.761749153640733923e+01
-2.473130296995303823e+01 5.528921987619258260e+01
-6.619940522648776415e+00 5.142442459726008508e+01
-1.185300868553093068e+01 3.108414292242968102e+01
-2.097438874106759599e+01 4.815876870221250527e+01
3.577550500059816585e+01 -1.038970003742737624e+01
-3.040439727656220725e+01 3.376857005003227385e+01
-1.202500638585907389e+01 2.639641242505500074e+01
8.904672094623419909e+00 -3.021025139803646198e+01
-1.852087663492465452e+01 4.552187308075118466e+01
-1.870010203627354883e+01 4.344720072224875196e+01
3.661557467594801096e+01 -1.712745998286454707e+01
2.465530711306385214e+01 -2.699777294922928306e+01
-8.632447399118751141e-01 -2.659226667725943472e+01
4.762884203567908514e+01 -1.973160123026048751e+01
4.955460679775988142e-01 -4.094450725644349376e+01
5.703419792914675712e-01 -3.211975824665294255e+01
-1.883512981054587954e+01 4.746601254075945775e+01
-1.049274469891229167e+01 3.338637601192226612e+01
-1.048542950565566478e+01 1.796874677929796604e+01
-1.983633494428441679e+01 4.367947548447178008e+01
-7.210911029990295873e+00 2.593510979603387057e+01
-1.727309693785463907e+01 2.939989419496443901e+01
1.418913868814768264e+01 -3.406703726810668797e+01
-1.370656348547286640e+01 4.094714498298834116e+01
3.374103766636603297e+01 -2.454489584580477768e+01
-1.162647363617597662e+01 4.242120280096267493e+01
-9.242922302490587327e+00 2.834048751501197927e+01
2.058450600893219118e+01 -3.134975405477250732e+01
1.224716212223136536e+00 -3.867857846792222176e+01
-4.340647316073089179e+00 3.170546495339797843e+01
-1.900154739406348980e+01 3.506284083485328296e+01
8.357894644728837363e+00 -3.356329281289821864e+01
9.864346403808491814e+00 -3.952769348468919475e+01
2.392282970544989951e+01 -1.981083276815574123e+01
-7.284622942497126274e+00 2.324313051962955257e+01
-1.299313050530199121e+01 4.951765791022009466e+01
2.310951994005846899e+01 -2.372417363630570364e+01
1.445363583851740330e+01 -3.125097935366996182e+01
6.336747473105250883e+00 -3.342021059876844902e+01
3.226777477310906761e+01 -1.186898957840344160e+01
-5.779624526744156832e+00 4.017903066092788578e+01
-1.271979327463068721e+01 1.825818446791083360e+01
-9.727895120188559730e+00 5.232945719037837051e+01
2.188516144301701871e+01 -2.284092151268474424e+01
3.827662105893337952e+01 -2.407489810561178345e+01
-2.234846839782442807e+00 2.157367450180367996e+01
3.402381181031585555e+01 -1.294980423606765463e+01
2.147765125539253006e+01 -2.397228033004036973e+01
-8.667799853822492295e+00 2.957247359479900339e+01
-1.074084870827827487e+01 5.149746740689617042e+01
3.747841568636228260e+01 -1.100512567459516333e+01
-1.060261833828564804e+01 5.257182241105445542e+01
3.345013697322845303e+01 -1.695288568147756436e+01
-7.777295576339629868e+00 3.653868350508211904e+01
-8.041480578038132876e+00 5.006608516525037800e+01
9.266307200234518149e+00 -3.193317673568362736e+01
2.948899285929067204e+01 -1.366818276734201376e+01
4.255625373502926578e+01 -1.937111854677371525e+01
-2.222297885517180216e+00 4.209406420652390324e+01
-5.503399289975571484e+00 3.109248177901184818e+01
-3.702692471260489615e+00 -4.376071444800418675e+01
2.776792101400458534e+01 -1.829317896223904683e+01
-2.452180548731266185e+01 5.540627298468400852e+01
-2.634962810965372171e+01 4.375794371670182414e+01
-1.290774620839576059e+01 -4.852000804930468547e+01
1.803911690302907900e+01 -3.489559712520956225e+01
3.180894604963716432e+01 -2.228030136483637236e+01
3.513506284565399085e+01 -1.714155675287431535e+01
1.356018161634846209e+01 -3.091935004517948826e+01
-1.520122915602072133e+01 -4.891415571537103801e+01
-2.984250127109896056e+01 3.565103477448121794e+01
-2.375517028158724031e+01 4.150002343293868989e+01
2.323596251278937430e+01 -1.463705827096025125e+01
-2.348029129524961078e+01 3.195650631407652398e+01
-1.357295342515975278e+01 -4.580643310436335014e+01
-1.801021351672994086e+01 -4.742401003182454389e+01
-5.923448874282050802e+00 -3.275935620538760418e+01
-7.134817252340875271e+00 -4.451003683852679416e+01
-8.528848551055238758e+00 1.821153376235178456e+01
-4.670428790699744148e+00 -4.535830367416454578e+01
-2.959769783326707682e+01 2.812342915226432183e+01
2.138144966942513747e+01 -2.815994535572685464e+01
3.755946433394662609e+00 -4.227764781852411602e+01
-4.352218603155248111e+00 -4.284517890492866599e+01
-4.326139623839300619e+00 -5.065307872070090411e+01
