-1.760512756638362220e+01 -6.686703800706632173e+00
1.613093202377142177e+01 -1.744500182698380364e+00
-2.077756737506109630e+01 -1.492215565765581964e+01
6.924793032465246689e+00 1.464908853935932420e+01
1.589664212365543072e+01 1.563647422001072096e+00
1.175123521585851449e+01 1.501184941857713540e+01
-1.037543922880595382e+01 -1.721839669447729548e+01
1.882723841545054810e+01 1.097379156575265746e+01
1.017396098999882703e+01 1.993597561354031766e+00
1.434288658825996876e+01 3.969745394246557701e-01
1.434032078241224539e+01 1.185238833910517364e+01
1.913138168437978592e+01 1.609105358679947884e+01
-1.444883189932698109e+01 -4.916847486289073643e+00
1.431264251261416476e+01 2.005060846968855159e+01
1.689936233348372951e+01 1.283751996902493708e+01
1.283993124834114852e+01 -1.468334631634550913e+00
1.088280754723065868e+01 9.315290450651069420e+00
-1.655270639312547587e+01 -1.807267673219711668e+01
1.358903725815782693e+01 3.561577963076987707e+00
1.228308180056804844e+01 1.836075927480292913e+00
-1.405742153777095460e+01 -8.331633350943596028e+00
1.513882611195570504e+01 1.115857671539041007e+01
-1.521279673077722627e+01 -7.110602023466672250e+00
1.057192889998758645e+01 1.023620653499792787e+01
-6.927591157485969653e+00 -6.573618682839418526e+00
-1.272271982502371124e+01 -1.867097809355239946e+01
1.536817086817153921e+01 6.781280569361548771e+00
-9.531772799305423760e+00 -3.194605813134660188e+00
-1.022421204820971319e+01 -1.446066460331351600e+01
-1.501997516388907350e+01 -1.814233021691595837e+01
1.605723906382378274e+01 1.116506258527210704e+01
1.204506094993790910e+01 8.177454907328154832e+00
1.764039060961095018e+01 3.328963859990513363e+00
-1.828833619015674472e+01 -1.494458577844373970e+01
-1.672551946684931679e+01 -1.495706645949260860e+01
-1.201176328786307224e+01 -4.100804555386611483e+00
-1.554127012479418823e+01 -8.679530099152293232e+00
1.451693728365044400e+01 1.571844341360518449e+01
1.755598124348924927e+01 1.445370534692919051e+01
1.482053094304877661e+01 -5.271749730318477489e+00
-1.623902210591184314e+01 -1.240980183729831055e+01
1.305079389912642185e+01 6.052152755665384659e-02
-2.497529090120646700e+01 -8.306842588267253191e+00
4.949560037000906298e+00 1.714542594347479110e+01
1.293096618742547044e+01 1.674441020590256812e+01
1.834707883369330261e+01 9.523512118016114192e-01
-2.348170354368448542e+01 -9.626512864482338117e+00
-1.488128574313303965e+01 -1.513171888853456259e+01
1.823316444204199982e+01 9.975801255613497176e+00
1.897209533160101103e+01 -2.299247151490152241e+00
-2.057014138992103369e+01 -8.722277356238528512e+00
7.266955449936575384e+00 1.560014332872977683e+01
1.117202125351145270e+01 1.384475657832814477e+01
-2.037487953636576066e+01 -3.199547762261097716e+00
7.939740756810566680e+00 2.108667579263569181e+01
9.104728445308445828e+00 1.973352365378870132e+01
1.090974165188836409e+01 1.627468706118689212e+01
8.433684163208177154e+00 1.371630158985242787e+01
-2.004769784279656264e+01 -7.433459600714967586e+00
-1.160079587288950442e+01 -7.460322363334095819e+00
1.117626070784766057e+01 1.868063601324375966e+01
1.556555619573027549e+01 3.625206672583847656e+00
1.556314654952879550e+01 -3.997847155675455788e+00
9.941620765426401718e+00 1.791245744268263707e+01
1.817408066094271391e+01 -4.140490207990061400e+00
-1.843412691215151966e+01 -8.034213644751964978e+00
-1.353696917479190454e+01 -9.470628371224339759e+00
-1.150580193476279689e+01 -2.781465110234860649e+00
-1.003914809851958267e+01 -8.736835153595087888e+00
-2.304969756545774473e+01 -7.351727630479047093e+00
1.477770099625024436e+01 -3.246135204123550722e+00
1.476409123399242418e+01 1.751591140208525488e+01
-2.043559602895009064e+01 -7.300354428199844037e+00
-2.322288141893863056e+01 -8.822678122882772200e+00
-2.081519765313043990e+01 -9.865150556909679125e+00
-2.249093620507846936e+01 -4.523724375802977704e+00
9.558094421152375730e+00 1.554688788367840324e+01
6.558040318253668843e+00 1.706896146502050726e+01
-2.232699641321199380e+01 -9.309092197461936280e+00
-1.935981329473246149e+01 -9.540486565184435719e+00
1.290700990573043150e+01 1.113591928191354086e+01
1.062699672776927962e+01 2.059119388858443145e+01
-1.932832547303257087e+01 -3.750136642101233875e+00
1.186872539309007379e+01 1.149838351028321881e+01
-1.786495131646520207e+01 -2.621091109358657079e+00
1.110741975289977290e+01 1.205087470317585385e+01
-1.487478845785828341e+01 -1.971551733349182456e+01
1.060143905621844240e+01 1.726671031132973511e+01
4.564894351473243184e+00 1.733679169286198274e+01
9.539065937604657819e+00 1.656256216094383049e+01
-1.148871384013226127e+01 -5.068308465863077927e+00
1.236841909143396734e+01 1.810642513565136369e+01
-2.257523763951421358e+01 -3.986219234558263658e+00
-1.849050860773916583e+01 -2.922995446957660892e+00
1.457298736760518310e+01 -6.843094369000758626e+00
-1.166863786881016196e+01 -5.873976898542900393e+00
6.022787246149672313e+00 1.535827368988242725e+01
1.346689942929836192e+01 5.699106630370911475e+00
8.705110093354523570e+00 1.385767315923516030e+01
-1.398917863303038622e+01 -1.621945103319799841e+01
1.776888681418896709e+01 4.517724143631499878e+00
-1.064077028977511574e+01 -1.269238686320823462e+01
1.062271550479073312e+01 4.783092464997963589e+00
1.655444017293872960e+01 -7.519397565961972729e-01
7.748225722912132518e+00 1.596521160045893062e+01
-2.063141175877803235e+01 -1.057510722364098221e+01
5.418466176377803478e+00 1.407277418824437198e+01
1.343942065318825918e+01 2.805036390679039204e+00
2.133327414303272818e+01 8.098903028197161902e+00
-1.495398213979546931e+01 -1.219864132292169323e+01
-1.020511119306269698e+01 -4.969637816084696347e+00
1.955127589931144527e+01 8.604180542461707049e+00
1.645938914289038024e+01 8.747908581961686636e+00
1.617896701313487284e+01 1.506072465970533081e+01
1.929027966294548335e+01 1.374264495018118382e+01
-1.099589953657719654e+01 -6.001785797082496821e+00
-1.921464191897531393e+01 -1.794741391810370601e+01
1.022782448956959733e+01 7.663901492375816638e+00
-2.156135472225951588e+01 -1.874631281585079989e+01
1.518128815349978922e+01 9.148963475988825422e+00
1.723715082063758430e+01 1.861801179177852461e+01
-1.286009846075971197e+01 -1.602513466290819721e+01
-1.697067803050248358e+01 -4.375713792699239768e+00
-2.059018718015766325e+01 -6.579476779091252503e+00
1.452588523573729162e+01 1.425720880229073551e+01
-2.065193671152997723e+01 -5.406554232689319228e+00
1.360503574193142562e+01 -3.311310384264686046e+00
1.264394887117620847e+01 -4.899336322837697821e+00
8.054815536590647085e+00 1.119307871432250323e+01
-1.726379388164131257e+01 -9.554331437353704715e+00
1.486506100558804100e+01 1.605914184785434884e+01
-1.881156483377878530e+01 -6.451644039768675398e+00
1.189949893262782687e+01 1.699847323759179929e+01
1.362072441156259117e+01 -2.934348484508650934e+00
-2.260497295027804654e+01 -1.393318793987574011e+01
1.634617978191893783e+01 -2.794855675308434151e+00
9.307215991790318554e+00 1.794134715525914459e+01
-7.828763953253614183e+00 -3.388229075033919013e+00
-1.692765399040428775e+01 -6.780869163348756778e+00
-1.337927594418633070e+01 -1.219848288099686151e+01
1.903496924343776087e+01 5.224932333269771689e+00
-2.186478754689258963e+01 -1.201652644969406225e+01
-1.140670246723035852e+01 -1.652004747338338575e+01
1.733105039422091664e+01 8.168571475806540860e+00
1.871096497640070666e+01 6.377435969436745289e+00
1.856221780244380781e+01 6.724974904984570401e+00
1.664382975073369053e+01 -4.386097695160261267e+00
-1.974227943652264372e+01 -1.317226319385741995e+01
-1.538329516067910951e+01 -1.303416572346899649e+01
-1.455671221395026826e+01 -1.353906967503236203e+01
-2.203452410499324543e+01 -1.354874134844568445e+01
1.690105186591988939e+01 -6.407936364829079245e+00
1.353687682657451319e+01 8.632401539841062288e+00
-9.138485984646674609e+00 -6.067156748065441363e+00
-1.699080200286338282e+01 -1.273504367346845179e+01
1.929945305628161378e+01 1.002247141671240271e+01
8.420973702764932511e+00 1.118153220124349723e+01
-2.255876637595095957e+01 -1.191503970064682250e+01
-1.972966119902941529e+01 -1.708235868079304964e+01
1.332477628667790626e+01 1.249009639667693783e+01
6.498279702651082346e+00 1.221832744927467473e+01
-1.196296278559815462e+01 -1.562394339181024527e+01
-9.653734716276046512e+00 -4.481284706275448393e+00
1.668135715282031484e+01 1.614908097192184400e+01
-2.289331697380094610e+01 -1.648279352767558947e+01
-2.151789054922904398e+01 -5.604738777426815588e+00
1.650489198264267188e+01 6.756932120747453752e+00
-2.021427750073336327e+01 -1.760161043148647408e+01
-2.193944856671112120e+01 -1.874898150575917555e+01
1.252884522143335388e+01 -5.616871912344713280e+00
1.519710473785649718e+01 1.286843974883909958e+01
-2.062948492401000422e+01 -1.948150611438219926e+01
-1.686785797145062915e+01 -7.583324572361580529e+00
1.724552751149883889e+01 -2.222729349594962489e+00
-1.844310976393544976e+01 -1.382760923939387965e+01
-1.220950895778867817e+01 -1.006630636106906174e+01
-1.496610474551321879e+01 -1.127623987477590362e+01
-1.713772874416227410e+01 -1.133002992495971206e+01
1.363751947615812909e+01 7.157553128866047665e+00
-1.328998153851104647e+01 -5.881842906634540569e+00
-1.654393111194599086e+01 -1.586259184287866653e+01
1.668401835940131761e+01 -2.583685997805656442e-01
1.566723133960840464e+01 7.850763857357956788e+00
1.398082124842050966e+01 1.870238874703931797e+00
-1.902103903146896613e+01 -1.131240038738971165e+01
1.144728031604157792e+01 -3.083864024110114510e+00
1.513493763433457850e+01 -1.094049206430529830e+00
-1.229310875316790863e+01 -1.064648818523548890e+01
-1.536710755039528387e+01 -1.716305885022445210e+01
1.309400193306774440e+01 -6.220109085379844638e-01
-1.546497178567119413e+01 -1.593882905965420527e+01
1.554455689768380644e+01 5.485293779274970305e+00
1.486164381932878342e+01 -1.931258623014604936e+00
1.461777271273436085e+01 -4.425924229061381610e+00
-1.218760161662476982e+01 -1.466412706393101040e+01
1.271985255171961704e+01 1.313237467438641914e+01
1.425177337858132454e+01 6.852911942673669543e+00
8.893485625322940180e+00 1.885120073021172971e+01
9.543520653907108908e+00 -1.287496886318434619e+00
-1.896994575623658719e+01 -8.386040644433260027e+00
7.846764608294656718e+00 1.979154161898935982e+01
1.493000107994700976e+01 1.347274053303548413e+01
-2.377542204418230654e+01 -5.545337654253472692e+00
1.159850573205194380e+01 1.351206652124889196e+01
