-2.177617659297255273e+02 -1.093069618226975734e+02
2.175350586271562463e+02 1.152714354465035029e+02
-1.354530598521302522e+02 2.262562638701076594e+02
1.090776059243731879e+02 -2.110956759425760652e+02
-5.777562728761875377e+01 3.734927140111359023e+01
-1.660058413655583820e+01 -2.451299972123984503e+02
2.156178183656997760e+02 -1.400520324550701616e+02
-7.019106020217537889e+01 -8.040790285110280422e+01
1.130381893489215628e+01 2.432995981849632301e+02
1.280168251900998655e+02 3.577235064821516630e+01
-1.510357410214280094e+02 -1.260640272939839335e+01
2.030277665604325321e+01 -1.314549043443477103e+02
-5.077806491101827646e+01 1.433147522374931668e+02
-1.216486445136111456e+02 -1.846278462850684718e+02
-1.647789657249483071e+02 1.068392315116385447e+02
4.393616049323987482e+01 9.701509475323594245e+01
-2.614127171467149537e+02 3.142294650552668500e+01
1.182094926200849017e+02 -7.618585098187648441e+01
2.740087733599937891e+01 -1.784743779425813059e+01
1.189739859299727982e+02 1.856683362953677090e+02
2.370618106483649967e+02 -1.349426843537089482e+01
