3.468832599584034142e+02 -1.695120648907753775e+02
4.411820793080245267e+02 1.431370224460878262e+02
-1.966447527761551441e+02 -3.958140984611026170e+02
-1.221563025031982050e+02 3.821701788204458694e+02
1.573645449219534669e+02 -4.419183563183252659e+02
-3.933553005334765658e+02 -1.386352834205683564e+02
-1.555016619626898091e+02 6.472169280210238185e+01
2.011185893085093994e+02 4.064511118809409709e+02
1.318838810708442963e+02 1.030882183985590501e+02
-4.237768790343403111e+02 2.135490020679414158e+02
1.300254224212479848e+01 -1.672374233253058833e+02
