-4.673560020231636258e+02 -4.638407474403652486e+02
-2.380947715342217066e+02 2.477949822431844780e+02
3.373969402390886718e-01 -9.692182297798662916e+00
4.363592273087660942e+02 -5.434468080520036892e+02
-3.334037592987194216e+02 -8.391484766820633467e+01
1.292375313063455700e+01 -6.759728784036567504e+02
-1.127049397587295942e+02 -3.499469802384597870e+02
2.596204592088714662e+02 6.343860143613142100e+02
3.381005296876955981e+02 6.701841999480785717e+01
6.345104169938665564e+02 -1.440806320359877759e+02
1.027860337566590090e+02 3.230130506014661478e+02
2.280418907669871089e+02 -2.666891707247480667e+02
-5.712475767122058414e+02 3.634077351847893738e+02
-6.764177940971344469e+02 -5.028301872379630311e+01
5.691805134278698688e+02 3.345517598056531483e+02
-1.826353777974147476e+02 6.176953033938075350e+02
