-1.885484195059798296e+01 -1.013870461923042399e+01
1.635012243886693639e+01 -4.778183956310275704e+00
-2.088132023646675250e+01 -1.215209357557018066e+01
1.404085941141232219e+01 2.348654043917004586e+01
1.850408505179501972e+01 1.143930737856430957e+00
1.230555162803456781e+01 1.848272646048848600e+01
-2.118586555520451853e+01 -8.872410675685108217e+00
1.335962559973151365e+01 7.731903065493272997e+00
-1.426105947810640551e+01 -2.407896223864348784e+01
1.328064602191770405e+01 -2.112602092013850186e+00
1.020994555193654563e+01 1.639698972017752254e+01
1.273290724338917634e+01 1.069181599418299022e+01
-1.417555594733057944e+01 -9.458648982096725888e+00
9.205017309183332941e+00 1.858862882447016318e+01
1.331780713436738317e+01 1.501040987265918503e+01
1.957758407765242126e+01 -1.056825232079596361e-01
1.883090586165591418e+01 1.564213916885434230e+01
-1.860148832978181943e+01 -2.287299357409129996e+01
1.307833900672883409e+01 1.427339490192723437e+00
1.525762250731326652e+01 1.464125996493817139e+00
-1.333190768871044085e+01 -8.011368847408085969e+00
1.059160018066583220e+01 1.168548530328314961e+01
-1.646569494323117766e+01 -1.022902879550043664e+01
1.562494307859351927e+01 1.893693347996751797e+01
4.112421200399060339e+00 1.445404073597921801e+01
-1.361743409776917879e+01 -2.019076167734736416e+01
1.095389903042773483e+01 4.384175310348473964e+00
-8.741466052732574710e+00 -4.488442892226871095e+00
-1.574417162088453459e+01 -2.460952153760665340e+01
-1.464465225221130140e+01 -2.182855739285517060e+01
1.960624407237149569e+01 4.680975597063142146e+00
1.349162789250516958e+01 6.563048626066531277e+00
1.704430889166987484e+01 3.711645049093594384e+00
-1.916867724847489640e+01 -1.706186394775581761e+01
-1.686070923083723017e+01 -6.924814727162090122e+00
-1.091681229178452561e+01 -1.013930071185411208e+01
-1.630716100240893951e+01 -1.136112665501841867e+01
1.062157466235131231e+01 1.777526262792237688e+01
1.324782937733633226e+01 1.240486662960362629e+01
1.898521053410006587e+01 -4.199452223078610658e+00
-1.828754044272847068e+01 -1.275224910617324525e+01
1.502363499517765177e+01 -6.450249387105158050e-01
-2.211078883257790650e+01 -1.631271407819045294e+01
1.310988302243245762e+01 2.117978875437320951e+01
1.448888661746118167e+01 2.041111256744320812e+01
1.520859830933832590e+01 3.389112169293297061e+00
-2.678342582566621743e+01 -1.610543279016364338e+01
-1.677385024385486290e+01 -2.267577214296908394e+01
1.802364241267283873e+01 8.720287344230820636e+00
1.677539582343097280e+01 -7.028379912853907285e+00
-2.396098196212814457e+01 -1.087307026717531500e+01
1.212487616732349061e+01 2.198677092312388481e+01
1.142878564852754941e+01 2.026258463412649391e+01
-2.157760225586311265e+01 -4.070684586703626984e+00
9.350701176537427273e+00 2.627175254657348091e+01
1.319098905788279374e+01 2.853863381936873012e+01
1.869648259192508988e+01 2.024604329031194894e+01
1.724306469146247522e+01 2.096420453822713981e+01
-2.560142639326342717e+01 -9.436683574174635325e+00
-7.589830110880397385e+00 -1.120733443060965584e+01
1.212166475819818245e+01 2.407819472885787349e+01
1.691758757614847397e+01 4.865712905190330950e+00
1.680142527440938593e+01 -6.106956384410472616e+00
1.398246133136889569e+01 2.456431435379524331e+01
2.083692031570379655e+01 -3.241191381299578289e+00
-2.022069805830535572e+01 -1.043303051449222352e+01
-1.386310703855069981e+01 -1.204337881038482827e+01
-1.152364948554332180e+01 -5.878167154382574644e+00
-7.826400503309607792e+00 -1.228906771471542392e+01
-1.965480712213537018e+01 -1.145713625843932171e+01
1.994560907902705083e+01 -7.632556622141383196e-01
1.485091008688732828e+01 1.465998832466633495e+01
-2.224973336621463105e+01 -1.301357329149897346e+01
-2.284772875408858184e+01 -1.585619994132231270e+01
-2.599311305356753010e+01 -1.227837803001210126e+01
-2.672021968715736406e+01 -7.369877543938749831e+00
1.346818935162310993e+01 2.275516316406379858e+01
1.504472674442421720e+01 2.119994794117757664e+01
-2.567823095918177501e+01 -1.191386231224600323e+01
-2.216787023993463634e+01 -1.151575241477390854e+01
1.646587290817949167e+01 1.536915941336743785e+01
1.303156804424037851e+01 2.696867643828846894e+01
-2.297380884167986181e+01 -5.547714915567474314e+00
1.654233543058763090e+01 1.660588415623053749e+01
-2.065744813826741577e+01 -5.641409160755514129e+00
1.337266092133316597e+01 1.977320961624427298e+01
-1.327967699486122122e+01 -2.197361898198169428e+01
1.253013046176829093e+01 2.262090084513489074e+01
1.490205700650102649e+01 1.794789589001941721e+01
1.233822041741730757e+01 1.941117509574105071e+01
-9.128029753114219602e+00 -9.075419506877745235e+00
1.707194154155502019e+01 2.431482850146011998e+01
-2.663994943654107317e+01 -6.965614575987085999e+00
-2.155886801223383031e+01 -5.057167094562665888e+00
1.311714399640435502e+01 -5.678219483065276130e+00
-8.642905304800171606e+00 -9.009965173128165361e+00
1.008758246038298090e+01 2.250945387880743809e+01
1.377717193781419702e+01 5.859535205553891402e+00
7.403998517268592039e+00 1.994191652095804557e+01
-1.662439369515900367e+01 -2.333014698122717689e+01
1.852400020283085880e+01 6.764375424796034153e+00
-1.216843200200108477e+01 -1.622979838036638611e+01
1.936866908116371633e+01 1.032659060922406269e+01
1.383234354095903385e+01 -4.139164041357717316e+00
8.193665224267446590e+00 2.231902355549224737e+01
-2.670453231277693007e+01 -1.316917436700623867e+01
1.006947134690167189e+01 2.406896435130352074e+01
1.271200073025108246e+01 2.221637917301038545e+00
1.572501481671455714e+01 1.290319903480640029e+01
-1.039748531780275798e+01 -1.436183671763714820e+01
-9.176600193901329305e+00 -6.413039030372054583e+00
2.094150044647865627e+01 6.798862502905826943e+00
1.222872790244064056e+01 9.379827414337288616e+00
8.506868043524857370e+00 1.430444335486517993e+01
6.997232568037582645e+00 1.080685122564803180e+01
-1.195151138959153592e+01 -5.838557091708489466e+00
-2.485779232518310522e+01 -2.010326567703846123e+01
1.021112563457196387e+01 1.283819495060623517e+01
-2.143255123073067736e+01 -1.766663965379085610e+01
8.102813783381508372e+00 1.223302729799840449e+01
1.000935676161491727e+01 1.056295185451981844e+01
-1.440920695297209697e+01 -1.878945012130637338e+01
-1.370109198765080549e+01 -7.323939325516116483e+00
-2.643642673393489417e+01 -9.067433514485983892e+00
1.626541929012637056e+01 2.661029660863134794e+01
-2.729716476338643005e+01 -8.755358815046138332e+00
1.502174786888274483e+01 -3.601366808943138764e+00
1.756123783133475413e+01 -4.063530342681552554e+00
6.891165953355094409e+00 1.739998487059205345e+01
-2.246220303152540154e+01 -9.514793743914740531e+00
1.639511696845070787e+01 1.919586506012406701e+01
-2.331165144634049113e+01 -6.897736480842792339e+00
1.003633608475520056e+01 2.165082233228566011e+01
2.107145230653600620e+01 -7.295950739475410840e-01
-1.121257699023320775e+01 -1.972476574845245523e+01
1.853174139563318334e+01 -3.345943809204167341e+00
1.900400851624847220e+01 2.269918234729834339e+01
-5.855523455739723993e+00 -8.126507790076511029e+00
-1.842601752105759161e+01 -1.088240822741144065e+01
-1.399958485961159305e+01 -1.177408395449376144e+01
1.852657422588043090e+01 4.018691199464718089e+00
-2.519986995818133479e+01 -1.502125292990451833e+01
-1.436160186884131029e+01 -1.743623229855513301e+01
1.491963332357994432e+01 5.564190067839287934e+00
1.561310371323246393e+01 1.005147796873445820e+01
1.513656102030329720e+01 9.989299971992968707e+00
1.909041548512787401e+01 -2.354838410333309096e+00
-2.370715950458350108e+01 -1.369676408947856316e+01
-1.919308410700258349e+01 -1.422834648702918336e+01
-9.488285350399651819e+00 -1.507046795793328009e+01
-2.489281611428684826e+01 -1.718699779721449872e+01
2.055694715863986488e+01 -5.354518904250111788e+00
1.112889942451425362e+01 7.258763262717630838e+00
-1.060361471887356188e+01 -8.114971240364454275e+00
-2.712421862629711811e+01 -1.748024510262075282e+01
1.740707658505298738e+01 7.878760457208183077e+00
9.222835510562630290e+00 2.056377274452003689e+01
-2.581180578152956429e+01 -1.679194630805512389e+01
-2.114785894750825079e+01 -2.035405658570376630e+01
8.359436363303021977e+00 1.662591078953217760e+01
1.556321434821555094e+01 2.406330266124790640e+01
-1.555932358605632793e+01 -1.802121817637668499e+01
-9.304228999130481625e+00 -5.301070631524173571e+00
1.155552030161005916e+01 1.409351024158644883e+01
-2.126309099101829503e+01 -1.436877030783816878e+01
-2.500024376423146322e+01 -8.552699540610452900e+00
1.592842952709615822e+01 6.658377048708738144e+00
-2.299349561527635899e+01 -2.042113763478164046e+01
-2.139051187986735059e+01 -1.864018345472116067e+01
1.938010260352850622e+01 -6.955223912379204343e+00
1.237601241014990450e+01 1.667034260121145195e+01
-2.097979895394418648e+01 -1.973259301137314026e+01
-1.784470853109083066e+01 -1.190681157615503594e+01
1.436572459213957664e+01 -4.756340352671164950e+00
-1.123590454289305463e+01 -1.876106465682104840e+01
-1.535634342413935904e+01 -1.332086979777666080e+01
-1.074081791579811984e+01 -1.376285581756464715e+01
-1.939412323858254439e+01 -8.455188325880206079e+00
1.794609019920127224e+01 1.433436768453078258e+01
-1.285218979890285773e+01 -1.000815967268933626e+01
-1.704625792948861829e+01 -2.062679135016604803e+01
1.910431105238751570e+01 2.506634421959788028e+00
1.269536973937986346e+01 4.363019153785618442e+00
1.527846492901016795e+01 -1.671995731364331217e+00
-1.784857770718750203e+01 -1.675254189009032757e+01
1.723392332959673467e+01 -1.810785616823079813e+00
1.664766343326617815e+01 -2.926542265853878000e+00
-1.529389730227004840e+01 -1.358844268814585554e+01
-1.555548645187005619e+01 -2.119295407036837631e+01
1.712451394364041235e+01 -4.129890992441198061e-01
-1.724998268953377334e+01 -2.110141480176018192e+01
1.773312235768684531e+01 7.428137647420337331e+00
1.616436160753202245e+01 6.669814739638323386e-01
1.931686440098615876e+01 -5.937603717244460455e+00
-1.403646587557887315e+01 -1.772691095692927732e+01
1.485443793943776747e+01 2.202376559690033275e+01
1.222785054749681244e+01 4.329220595558343376e+00
1.231501545500279171e+01 2.615800580851511370e+01
2.289970303629309711e+01 1.595169673733887405e+00
-2.421275269887426518e+01 -1.271747303229578030e+01
1.116846647048292951e+01 2.694375591251300150e+01
1.653408974720969837e+01 2.228808256248457553e+01
-2.738442065271198445e+01 -1.125407137261946744e+01
1.438664495870258797e+01 1.621783009392044761e+01
