1.215196954141370966e+01 9.020932438674925669e-01
-3.018037118809135055e+00 1.553327808285282075e+01
-4.352318940647185386e+00 -1.137084886398643491e+01
9.447718134277886648e+00 -4.449490844257698030e-01
9.923961317450764597e+00 -1.354692654351717884e+01
4.256377944957527859e+00 -4.014845162386284194e+00
2.046682596739925586e+01 -5.554527288582430167e+00
5.692418400249883881e+00 -1.637354864591990378e+01
1.457737058144832965e+01 -1.017042993510927218e+01
9.781731716307785263e+00 -7.678322684754822269e+00
-6.079479489220385169e+00 4.508136012897289824e+00
9.669539760613482526e-02 9.539571661440520600e+00
5.621064929369556928e+00 -8.256933251160010201e+00
6.569736205774016291e+00 -5.753096706156108908e+00
1.666424622700006708e+01 -7.475824216308203596e+00
-1.373360835001691349e+01 6.425428698952432960e+00
-1.024773545770009164e+01 3.742731060038514190e+00
-4.709561254838350308e+00 -7.025493822406899014e+00
1.276511838627622097e+01 -3.507657868442150217e+00
-4.998494631535725041e+00 1.848741217998695774e+01
6.340282337547544778e+00 -1.981190820482303749e+01
-3.773856826054464708e+00 -1.673453877545037116e+01
1.224775353444488424e+01 -7.488208445894319887e+00
1.948738993166856659e+01 -9.949397814166065501e+00
-1.490917365311660581e-01 -6.515458275543234201e+00
-4.412589073974326759e-01 -2.060056985570613719e+01
1.869708173103698634e+00 -9.501879153405733192e+00
-7.238489214665452920e+00 2.236935505019267367e+01
-1.185815386305448449e+01 2.065547878363136292e+01
-3.142897961681860419e+00 3.549748875889298994e+00
-1.057510900942573251e+01 1.862909419721223614e+01
-8.265647488435746482e+00 1.510526134441829171e+01
-3.031889149529071847e+00 -1.500880798090273593e+01
7.148474178580546123e-01 -1.702374485705099971e+01
-5.904277330249549038e+00 1.535836766837964795e+01
2.796661874862834130e-01 -1.400087759794016939e+01
4.254258803662374078e+00 -9.904355414708300387e+00
-1.591492765529480558e+01 6.630414335115729862e+00
-1.106281337032561263e+00 -1.593457571026487329e+01
-8.574459358003759135e+00 5.875783748946822094e+00
1.762127822469820471e+00 -7.261547208313838375e+00
-1.333937948162310327e+01 2.330545457446188351e+01
-1.171546888968430089e+01 2.276984482211711125e+01
1.368111089960098781e+01 1.165057111339742768e+00
2.357979918109863515e+00 -1.397507652961264490e+01
-8.611592558704571632e-01 -1.239786132336497460e+01
1.405878225432391382e+01 -1.169912735231011602e+01
7.629883740327914943e+00 -4.815804760491318781e+00
8.140995963014429293e+00 -1.220595864978392164e+01
9.650808759318362462e+00 -1.753315544538591908e+01
-1.327132798110167400e+01 1.209012474965980743e+01
3.612639640634820903e+00 -1.437229062713434047e+01
-1.170748995085963884e+01 8.696201207667805022e+00
-1.624265522691109709e+01 1.884611119064098972e+01
6.474703758376702645e+00 -1.426910055129533994e+01
9.686831118658885131e+00 -2.706612018503394612e+00
1.454924272122987361e+01 -2.843039208169958698e+00
4.912165652642958236e+00 -1.254888338193528341e+01
-8.204289989228646718e+00 2.144748288435518191e+01
1.614272626012112299e+00 -1.127389820129231524e+01
1.822422680065311340e+01 -1.072170320492314310e+00
-1.484469370241974673e+01 1.771459576736015507e+01
-5.481757852025975097e+00 7.263255178795243516e+00
1.179991333381429008e+01 -9.755683814356471473e+00
-1.002560576159757488e+01 1.532982346616935132e+01
-6.655039832921218590e+00 1.200729447560865282e+01
1.020066857248126979e+01 -1.090417943497885389e+01
1.204073493532665040e+01 -1.484359154437088790e+01
1.637188694286605184e+01 -5.924231703191761511e+00
-6.920278916403975522e+00 1.760426132391815912e+01
-1.205300515398934813e+01 1.575751070002309007e+01
1.561489907592937421e+01 1.143642658926669609e-01
2.423296436060010883e+00 -1.738296110338306733e+01
-1.386424101489451566e+01 2.398930572669825345e+00
-1.528995655608504922e+00 1.041351214779324685e+01
7.418281406958384672e+00 -1.049092548364414945e+01
-3.642022516506118635e+00 1.202199954558815520e+01
1.158209402396224830e+00 -3.604546258777776124e+00
-2.188569390946641491e+00 1.735418339371134877e+01
4.928827741868897938e+00 -1.731864417886472607e+00
-1.761494823986784297e+01 1.037196036398999155e+01
-1.450607086797350043e+01 1.142241147131091417e+01
-1.231249247487642862e+01 1.806475383727880413e+01
-1.432026936446914434e+01 1.376738225032574148e+00
-8.007200384938814253e+00 6.922535320160107197e+00
-6.829050932479751701e+00 2.172172390574477419e+00
-1.040857815316842405e+01 1.055268930657620707e+01
8.323799888655621260e+00 -8.704746087991692249e+00
-1.767812788287439218e+01 1.606752049047079467e+01
-1.570992372809318027e+01 9.838368152234037822e+00
-1.514121125607923446e+01 1.393580063657104517e+01
1.102602561649753987e+01 -6.107470606917304146e+00
1.382050853659827361e+01 -5.453095227218904384e+00
-8.888676301517763889e+00 8.527362361045838668e+00
-5.608836610823618507e+00 1.264781024427716716e+01
1.645605513251942753e+01 -1.262074985133021165e+01
1.601146634095499621e+01 -3.259656605040643029e+00
-1.038707000935694857e+01 1.218420789657242942e+01
-3.157979841414587430e+00 -6.859133898321556622e+00
4.413425681644458365e+00 -5.330666064789241432e+00
-8.283414333400507257e-01 -2.805075626236548825e+00
-5.125787212576871088e-01 -9.295663552156232967e+00
