-4.679337623808931426e+02 -4.636879352775221719e+02
-2.378073863980309568e+02 2.474587575755987245e+02
7.196280202443144924e-03 -1.025405610533791290e+01
4.377986053299091509e+02 -5.421698967939381646e+02
-3.335295937979968812e+02 -8.413544748296234843e+01
1.453447718538710376e+01 -6.759492174490682146e+02
-1.134435049911715936e+02 -3.508961735978505772e+02
2.591957460552137036e+02 6.342885762604062165e+02
3.375663404475901643e+02 6.650103139723987056e+01
6.344691807281316187e+02 -1.430812195854954325e+02
1.028199852572618340e+02 3.226507745492574486e+02
2.273486561266854835e+02 -2.671343230893328382e+02
-5.704878317771516549e+02 3.638808806916333651e+02
-6.763886544760066499e+02 -4.941362693190038868e+01
5.683904222871157117e+02 3.344936006587793145e+02
-1.825398758762461853e+02 6.174482751804929421e+02
