1.943445899553672973e+01 9.366926223444236754e+00
-9.038855077708198849e+00 4.251052139780991723e+00
2.672054536339346242e+01 1.808534323525709198e+01
-8.871861363530527678e-01 -9.608651683056598003e+00
-9.915584822672872889e+00 -1.220116362930965792e+01
-9.275215864003930832e+00 -1.787911234594186283e+01
1.954999362806743335e+01 1.552400804110646781e+01
-8.346863815872719528e+00 -3.825695925271817455e+00
1.738381115475900529e+01 -6.669318508036776727e+00
-1.226341636938030888e+01 1.302690087057721868e+01
-1.066555960220056853e+01 4.076194403782252174e+00
-2.344254595345630676e+01 -1.883508421902624974e+01
-1.041836824340322387e+01 -8.995113243091237720e+00
8.983195606472731853e+00 2.781660653885506207e+00
1.336360614654061862e+01 -4.092852348200149315e+00
-1.220897960578877495e+01 -1.140130970301567004e+01
-1.237631213414393727e+01 6.126597609887155654e-03
-1.140777442641987349e+01 -1.688941149600492864e+01
-1.488108001445857731e+01 1.948434658232156114e+00
-1.575161862073708541e+01 -9.319784843353993153e+00
1.545320188341877810e+01 1.653725401384330995e+00
-1.530384107724602138e+01 -2.569670099334772750e+00
8.766607903174432614e-01 -4.174334038280195891e+00
-9.796292280801644381e+00 -1.769120436503416327e+00
1.739959535318362427e+01 5.600425447079574681e+00
2.245490567599767928e+01 4.889147309090866145e+00
-5.438994194593007592e+00 -9.370414478431579042e+00
1.174236933859865850e+01 8.386847255092893860e+00
-2.273653567403639286e+01 -1.534979029892645030e+01
9.473218931091185624e+00 1.478502829264515483e+01
1.593221476888949439e+01 5.119194752337565824e+00
-8.020449367042978395e+00 -2.283799703794082703e+01
2.684758340072673111e+00 7.943353964584717319e-01
8.344702269042965526e+00 -1.160166533118123233e+00
-1.115602821767275010e+01 1.434172394817078988e+01
1.550057178281246983e+01 4.205867883360975057e+00
-1.149060054898377103e+01 -7.927128837615851964e+00
-7.597166632047753332e+00 -6.367619845592185968e+00
-1.185474801561281133e+01 -3.193742945527770605e+00
1.994993744804312286e+01 7.740551479510884292e+00
1.305989996092699457e+01 1.949441038551882599e+01
5.470693238057088514e+00 9.467478816905321892e+00
1.945801260073168848e+01 4.238567629451679863e+00
-1.595252563618332431e+01 -1.374763208223049915e+01
-1.845599088430190804e+01 -9.633572546648471402e+00
-6.455087551645837252e+00 2.935648270356600253e+00
1.409652171428644074e+01 1.663036872463272786e+01
-1.347995105466563714e+01 6.933934629689585627e+00
-1.933292201994622772e+01 2.562554798530252143e+00
2.353380864172504161e+01 7.930533015099538119e+00
2.059486213323648229e+01 -3.667800629388263012e+00
1.637461983472696048e+01 -1.501216269195309927e+00
-1.411211561556511995e+01 -2.167942968769706269e+01
-1.462223513054539126e+01 -1.056487662173471698e+01
-1.036117133324674100e+01 3.527033050079754428e+00
2.034115664970733306e+01 1.107604129914887636e+01
-1.290147123387621164e+01 -5.335911594042605621e+00
1.445130337309884361e+01 -5.486703213421680658e+00
2.133264226326016555e+01 1.421048517000071287e+00
-1.899573775219894145e+01 -5.935112929739571719e+00
-2.068317140467341275e+01 7.964749605991032766e+00
2.118444316389407334e+01 1.270221269035491396e+01
-1.935840667051036235e+01 -1.201500675132618312e+01
-1.822590943772925698e+01 -1.757870026540407693e+01
2.449531657851541055e+01 6.176751330998779821e+00
-5.538222118599923860e+00 -1.924472945203494234e+01
-1.088592685699848239e+01 -2.118539121034196882e+01
-1.339068215884216428e+01 -7.506657581901101217e+00
-1.316876811821289728e+01 -1.216453138382111021e+01
-1.581928267192065718e+01 5.346844844248413331e+00
-1.339375135220182145e+01 -2.629735179191264316e-01
-7.271332644703892178e+00 -1.373691311685691652e+01
2.564940806670789541e+01 1.381055819221287528e+01
7.493743631507939540e+00 8.407915739863554450e+00
-2.123076678728433464e+01 -1.838761024785994280e+01
-2.194717629600134501e+01 2.271077491475184562e+00
-1.016485890562368510e+01 7.837262016684703347e+00
5.797521304952060639e+00 1.442993846248601209e+01
-8.638500242819031172e+00 -1.929661948455105147e+01
-1.702636876771512320e+01 5.914155326825950354e+00
2.730144500619599768e+01 8.471925180227628971e+00
1.721181700093130829e+01 1.768784878360594348e+01
1.093810778927516481e+01 7.328629503169366011e+00
1.914050535297131761e+00 9.766901729760961715e+00
7.623423149772199814e+00 8.807911976883771032e+00
1.753510481436479651e+01 2.134417992084735971e+01
-7.088819262908878649e+00 -1.578391861145387587e+01
-1.218596108126268440e+01 1.030901930129413735e+01
-8.963925359731739206e+00 -8.763668285441596595e+00
2.692780642616065379e+01 4.147462858674740183e+00
1.551002702768057873e+01 1.060027481435324681e+01
2.269997968787580689e+01 1.175733463750470698e+01
2.399183218621433866e+01 9.651069326656788405e+00
-1.336774754580629043e+01 -1.370442652007479545e+01
-2.118908344052100645e+01 -2.132636647163472432e+01
-5.204480980049313033e+00 4.414848610351850056e+00
2.092499465159550454e+01 1.395200334138720244e+01
1.945447337616088035e+01 1.331087792680913395e+01
-2.250492136825754130e+01 -1.249949870629115445e+01
-1.372786289687400263e+01 -1.676905113745861087e+01
3.165259687207714734e+01 1.097955525808316501e+01
-1.805316975619044584e+01 -1.003255914267478488e+01
2.300012087702590335e+01 2.177437281088024434e+01
-6.600701423743434937e+00 -1.032031918879200738e+01
1.674501409340225067e+01 -2.813362690294860524e+00
-1.106328700559299349e+01 -1.427846977373787851e+01
-1.992025524474650311e+01 -1.783384902484733558e+01
-1.740178187175603242e+01 -1.680748672956368495e+01
7.377565565892931332e+00 3.113652953746095076e+00
-1.984548074966142650e+01 -1.233331664696007834e+01
2.783916359973589749e+01 1.358846321016251224e+01
2.208740472729008175e+01 2.127786563886742854e+01
-1.807739346396974867e+01 8.269832526882145984e+00
3.128334063614575911e+01 1.569811690062752696e+01
-1.171288469489201667e+01 -1.417900784753177312e+01
-2.394428085298043030e+01 -9.751513508155841947e+00
-1.448958271803776654e+01 -2.466943596776066272e+01
2.032374971984574330e+01 -3.513232261686776603e+00
-2.430903612738366348e+01 -6.745657751092986487e+00
1.122361386217661838e+01 3.844180881347445400e+00
-1.473470890865127458e+01 -1.160037060083747917e+01
-1.989168996427576985e+01 -1.013170996914869271e+01
1.697515304910702483e+01 1.795305628473619075e+00
-8.639779032709094864e+00 -2.243976874048844650e+01
-1.269631507032119799e+01 1.152704552735081833e+01
-2.299718172715136788e+01 -1.428332788134202502e+01
1.954572539053905800e+01 1.185226453869800700e+01
-2.507361507670112033e+01 -9.876568481326019722e+00
-2.327545036700469439e+01 -2.349160540133073294e+00
1.156633688905593083e+01 -4.738684205325259136e+00
-2.285336394324083287e+01 2.532977731073073446e+00
1.798177591655509033e+01 1.116741763968700063e+01
4.944985783989352512e+00 2.619686255305937017e+00
-1.061428928444564512e+01 -4.004144985423330194e-01
-1.751312753904384323e+01 -7.816219270389234808e+00
-2.226159752713189022e+01 -1.124296652667919005e+01
-1.438395641083984700e+01 3.729383358818119110e+00
-9.214914231506972087e+00 1.603709350277608525e+00
6.372507295566963492e+00 5.126528591213729280e-01
2.805792221641898010e+01 1.768752550046482908e+00
-7.210119008406562280e+00 -1.148756392364332157e+01
2.612506028876932263e+01 -1.537805737105296666e+00
-2.002036304389954058e+00 -1.744404349031056256e+01
2.307585439390645021e+01 1.630075794116536159e+01
-3.451409612088768508e+00 -1.342011043880422250e+01
2.375679249055695763e+01 1.581166362377675405e+01
-9.567083427221342973e+00 -5.552154604972051821e+00
1.498331348448033573e+01 5.965649663467676334e+00
6.718205586586687872e+00 -5.687594637822694921e+00
2.639214785376342221e+01 1.140388341645982351e+01
-1.547917546119160370e+01 -1.627928095688799104e+01
2.414604468893815792e+01 1.153468824055340036e+01
-7.166462241553539059e+00 2.282176208154126584e+00
-1.719372380104916331e+01 1.852764753386126062e-01
2.396349058383405151e+01 1.367984276192330029e+01
-9.738361795452282976e+00 -3.128895735025735370e+00
2.364043052639269504e+01 1.790497520578049517e+01
-1.290873743846710475e+01 -2.646344800530697583e+01
-1.228572584519983302e+01 -1.808741299827818949e+01
1.114099559136597151e+01 1.408173444591613510e+01
-1.788578840472452924e+01 -2.034552927744682549e+01
-1.467809553233223419e+01 -1.922628664735145065e+01
-1.673144097316626855e+01 2.756927764533307457e+00
1.501812772191673417e+01 -6.191482045239669052e-01
-1.966797304933819035e+01 5.199704472818125645e+00
5.596556595936399425e+00 5.970412933375463638e+00
-9.648249387289624224e+00 -1.499532164846579541e+01
9.603193395769621388e-01 6.466121099827725871e+00
5.975830613850568795e+00 1.340505347003279724e+01
9.416886962221779456e+00 6.397224230929803745e+00
-1.327276345701350024e+01 4.165924918803341370e+00
1.731568425350379314e+01 1.349511943820149718e+01
-1.511569197692850963e+01 7.414357869690578973e+00
1.452563214123385471e+01 1.320015051563793129e+01
-3.859816525810034538e+00 -1.279196514975769583e+00
-2.516954010157946797e+01 -7.199662042540453388e-01
-2.254792953652788867e+01 -3.303580625829992456e+00
1.644212880096280571e+01 1.685021190939125546e+01
-2.586346523595627289e+01 -1.590563551127310760e+01
-1.238451079020468981e+01 -9.506499669472571412e+00
-4.620168066699259057e+00 -9.596770295686591012e+00
-1.107923705329005770e+01 7.062767296736297773e+00
-2.005525297024564679e+01 -1.004007187217986763e+00
3.045694291578342572e+01 1.456757484413398984e+01
2.160698347066746194e+01 6.565209990389832662e+00
-1.031544429311593980e+01 -5.592281716184603013e+00
1.422514402566831038e+01 8.322417207956412710e+00
1.135963014939935434e+01 -8.855168595014470401e-02
1.881247041459335634e+01 5.116256721910608540e+00
-1.486857577952871523e+01 1.465765572107591908e+01
-4.278072243161540555e+00 -7.304400700650415246e+00
6.697588220118134927e+00 2.437015982013474691e+00
2.271032508146665307e+01 2.114469354782355370e-01
-3.814840627568219844e+00 -6.290050434267187462e+00
-1.789569788310802423e+01 -2.347826651237950912e+01
2.124327330200986097e+01 9.652566327507251742e+00
1.344103440578403585e+01 2.187912744681360433e+00
-1.577792428663611446e+01 -5.101344467271145433e+00
-1.683262242098601291e+01 -1.927093171470214727e+01
1.226348093111872828e+01 1.204732291452480020e+01
2.284304366161630639e+01 6.776397534212323492e+00
1.407160725613671781e+00 8.858822473184426727e+00
-2.576388972077266359e+00 -1.453584983429740518e+01
2.312771924423250880e+01 -5.484329654582238422e-01
2.958788849821575084e+01 8.559784166620197254e+00
-1.090415206600106401e+01 5.473431325751211496e+00
2.648878579880874540e+01 1.051306215017441303e+01
1.868210947844547931e+01 7.014269862139800971e+00
-2.148994666132922049e+01 -7.229038649882242318e+00
2.844398056420813958e+01 1.697924484551337088e+01
2.918289509759674161e+01 1.904245710126818736e+01
-2.091171014081546176e+01 -7.169803943506213528e+00
-7.603400851351802103e+00 6.302314330933257658e+00
-1.934357062933506910e+01 -5.485466389433751644e+00
2.414129834943586417e+01 3.468149191095029948e+00
1.268163718211592794e+01 8.625841712549767948e+00
2.009611324152578504e+01 3.381299446186509794e+00
1.771707672246061804e+01 1.890505974525537702e+00
-2.134709223160007951e+01 8.276397092875919625e+00
1.731940260633360396e+01 8.475403951311001549e+00
1.093416244821225547e+01 1.106646131003414979e+01
6.998215153448316350e+00 5.941694084505553697e+00
1.681800748240972609e+01 1.429585565266634184e+01
-2.481511505926983574e+01 -1.330549466582260010e+01
2.540541560923592623e+00 5.479258935864748992e+00
1.400303809412515577e+01 1.747404066926718968e+01
-1.457760471950052761e+01 -5.862574752672111700e-01
-1.707952407290537167e+01 -1.348883839385669425e+01
-1.791929632883843837e+01 7.257118256498431563e+00
2.116808094121785189e+01 1.826086992512503926e+01
-1.412055695740398420e+01 2.531295464732262079e+00
-7.097861354866736860e+00 9.720183606648204133e+00
8.052349070689592381e+00 -2.482854530928281900e+00
-1.457443405920485802e+01 1.131748366451732579e+01
-1.854198823851837119e+01 -2.162057680971010143e+00
1.072863453898488295e+01 6.679964731479299367e+00
1.785598068795485815e+01 9.844895570189681422e+00
-2.057085548454645618e+01 2.286885617929636183e+00
1.163385513831655516e+01 1.798140369569764729e+01
-1.248457914387143042e+01 -6.701415609902842796e+00
-1.682676257712692447e+01 -6.242094493044380021e-01
-9.207800206989585234e+00 8.564470400497311786e+00
1.362996126051075940e+01 1.248059573258856858e+01
-1.985931294369464339e+01 -1.504201368614866929e+01
-6.335474410119517508e+00 -6.482546814511488398e-01
-1.469585776250825226e+01 -2.998220633971611537e+00
-1.270833098938193828e+01 -1.921660257614524880e+01
2.874106231809174972e+01 1.093248282817154227e+01
-6.335782056044806154e+00 -4.340992888087924939e+00
3.057565076937011739e+01 5.424096791329995781e+00
-1.534998458059418702e+01 -1.160302215541071114e+01
-1.195284070613657690e+01 -2.194404472067942891e+01
-1.412152892617723055e+01 -1.990008066131530384e+01
2.685721320895040165e+01 1.348100246837370975e+01
-1.565329552766446142e+01 -1.572331301471950127e+01
