-2.369338006533148899e+01 -1.035398447875966710e+01
2.503391231003291040e+01 -4.208568706859211694e+00
-2.614152673988341391e+01 -1.257000203963507090e+01
1.145495676788522665e+01 2.084009475536188916e+01
2.464302641586173337e+01 1.037047608028245582e+00
1.730367496252546999e+01 1.880320332251255522e+01
-2.337709070792805477e+01 -1.474542303663599085e+01
2.339016739017820257e+01 1.101042815261578411e+01
-1.936373287619956329e+01 -2.611489865553410894e+01
2.310104226497852764e+01 -1.866680273162013570e+00
1.816481940721046584e+01 1.319174023325266809e+01
1.312344903916109828e+01 1.151918144363023444e+01
-1.844684599239056766e+01 -1.079497900406642685e+01
1.538903207860580835e+01 1.060129719388277003e+01
1.987507541417769019e+01 1.435086335946725100e+01
2.604258848952066074e+01 4.849266675552282857e-01
1.970438433182243898e+01 1.866550654241772378e+01
-1.813429067815765805e+01 -2.164552920937455127e+01
2.074581499735280943e+01 3.927163026157924897e+00
2.299523294274805707e+01 2.427169095039692692e+00
-1.837384257132297094e+01 -9.584409114278404473e+00
1.453933597290302693e+01 1.183686091106474514e+01
-2.074980702804134580e+01 -9.969884021887708059e+00
1.752594456094372788e+01 2.154084876488768430e+01
9.239489350496453923e+00 1.307438333303770328e+01
-1.813166157338763895e+01 -2.421514186174813688e+01
2.230118636453669723e+01 7.732594903024261335e+00
-1.363289803106281006e+01 -6.533241883179951692e+00
-2.029370884587948609e+01 -2.618374851580412255e+01
-1.879077982448758277e+01 -2.450799944912647632e+01
2.371476620751557363e+01 7.306488371846451280e+00
2.016681683575227169e+01 1.063271889384480851e+01
1.790742036565247730e+01 4.731772980759581415e+00
-2.200264213840502237e+01 -1.789145743813201150e+01
-1.936931603897911458e+01 -1.972172157675440829e+01
-1.754103392670011274e+01 -9.168983222938562605e+00
-2.073529476189835918e+01 -1.139219162193849044e+01
1.435824557916877531e+01 1.848509133492068912e+01
1.392097980575501204e+01 1.292635559297991144e+01
2.746724825095366640e+01 -6.381809116824945782e+00
-2.189355153430543410e+01 -1.317432753340083806e+01
2.209459301962720801e+01 -1.444942658351590969e+00
-2.507615045091366568e+01 -1.535478861769807679e+01
1.753834483640684638e+01 2.320504310679791615e+01
1.703881556009918441e+01 2.040720278226484297e+01
2.171266565841771268e+01 7.737824405307736075e-01
-3.106062642821263253e+01 -1.492232811169040296e+01
-2.153251389371951774e+01 -2.265819086761594292e+01
1.860397717034235754e+01 7.234622521723570898e+00
2.163886736972423819e+01 -4.770187282855951061e+00
-2.799055327235929980e+01 -1.013248083697979673e+01
1.362345762562243401e+01 2.336202821896427650e+01
1.188330240134204985e+01 2.319252027733906374e+01
-2.773602782188318727e+01 -3.713723933225220097e+00
7.051233809978739941e+00 2.672290049649433996e+01
8.261027578161447948e+00 2.718453285437656319e+01
1.361607201114920151e+01 2.234881408577054884e+01
1.225681746164346286e+01 1.984620827684290845e+01
-2.827758813477712607e+01 -8.686628071425612774e+00
-1.370185900999258877e+01 -1.386843315242434471e+01
1.220101546398107750e+01 2.541846362364428913e+01
1.926247350497752819e+01 5.517024089665028441e+00
2.597831573203896838e+01 -3.978940948667514910e+00
1.016081181174951986e+01 2.398054951360053977e+01
2.740651727967594198e+01 -2.926734469021366802e+00
-2.452419585548654979e+01 -1.108237320664163583e+01
-1.731131251657129511e+01 -1.382188822091171687e+01
-1.743361280432390004e+01 -7.262774838816896228e+00
-1.368766183461345065e+01 -1.440328241875373649e+01
-2.622401404650186763e+01 -1.136528440724914013e+01
2.718723000060487394e+01 2.117516612090800943e-01
2.012600747223018871e+01 1.524935438355123196e+01
-2.671431024831382928e+01 -9.488616637217571537e+00
-3.186562753990164865e+01 -1.355908389465090202e+01
-3.024521076943941367e+01 -1.037302311123406717e+01
-2.999874711395374405e+01 -6.684292265843755132e+00
1.256873397589995278e+01 2.645877601133507184e+01
1.625176910804566788e+01 2.218014489275859447e+01
-3.021560929188319378e+01 -1.001085937451292729e+01
-2.869734365279103727e+01 -1.181948827466594309e+01
1.938833405871537252e+01 1.622825221853833000e+01
9.774711010854897353e+00 2.749610016780644273e+01
-2.885959255109581534e+01 -5.222498144110673479e+00
1.895480429279730927e+01 1.541750396691512037e+01
-3.085393323635004492e+01 -5.068972213773479396e+00
1.560352399594942696e+01 2.009652426202216802e+01
-1.679766195150351393e+01 -2.418158829265906462e+01
1.184985288543115445e+01 2.642640495609391493e+01
1.604911403652990387e+01 2.164272756741845427e+01
1.225132642192865973e+01 2.421166572019689411e+01
-1.446416111266388427e+01 -9.617043168535655440e+00
1.612548629699773528e+01 2.467181143268325627e+01
-3.108071413854342069e+01 -6.903238284234229916e+00
-2.844905313220723286e+01 -3.714501912318933119e+00
2.068254829151355523e+01 -1.837188125404253913e+00
-1.474992642983584368e+01 -9.986513076074579942e+00
1.502458945487868647e+01 2.646697227590503587e+01
2.215895567539564226e+01 5.607279709912189603e+00
1.002517107988359690e+01 1.896758519911571383e+01
-2.173492289691554902e+01 -2.322261698329328894e+01
1.605864892961752588e+01 5.639433365705047940e+00
-1.388692324397226940e+01 -1.649905040049594263e+01
9.176289169470587481e+00 1.750317357245786454e+01
2.256886725743867217e+01 2.310738535608765354e-02
1.444297837172028309e+01 2.338745135554681553e+01
-2.999198535244185493e+01 -1.228841646396097431e+01
1.436669112183199459e+01 2.504501980473704137e+01
2.184270506636225306e+01 3.715789648522835442e+00
1.423862742827926020e+01 5.011672931018418709e+00
-1.783598221690620278e+01 -1.687412685702643245e+01
-1.431731526266851873e+01 -6.311701142509051898e+00
2.397280331208050796e+01 5.563170151110053752e+00
2.140946446716506557e+01 1.044672980585029443e+01
1.463961233338697099e+01 1.488984338515429862e+01
1.199170269339701989e+01 1.408479058158117248e+01
-1.854384917363531216e+01 -7.565437541097915108e+00
-2.830798071397580173e+01 -1.950065684644792086e+01
1.041912635110518792e+01 1.349074099605616972e+01
-2.491502263753421431e+01 -1.624481138947198389e+01
1.646024330986829298e+01 1.475991187506204128e+01
1.148952024063442501e+01 1.287015840379868692e+01
-2.323409432735252267e+01 -2.485409792491648773e+01
-1.947165488894529872e+01 -7.176777119604260236e+00
-2.802907275032133683e+01 -8.157658173486687758e+00
1.944228219607584052e+01 2.118750235504306190e+01
-2.897828380035697293e+01 -7.157723260910817231e+00
2.397783877646984152e+01 -3.267911281538868451e+00
2.861117757202247347e+01 -5.075409480133446394e+00
1.886571151481419051e+01 2.529350273494624446e+01
-2.460760950080323894e+01 -1.283705283773496397e+01
1.272334940716088525e+01 1.813179703979792379e+01
-2.649734591957493635e+01 -7.460577441441395230e+00
1.322706005452524458e+01 2.541652170455943960e+01
2.692863667174355058e+01 -8.740249619155606720e-01
-2.271310184123910503e+01 -2.113223689731595911e+01
2.737143472040627046e+01 -3.975832224903418588e+00
1.053478869405661911e+01 2.084931177890419107e+01
-1.279695555998961431e+01 -9.898030966211360138e+00
-2.194906501649606412e+01 -1.070217860045824310e+01
-1.751252054784975343e+01 -1.389637280257035989e+01
1.656617230689071718e+01 5.065344941177354343e+00
-2.982553914005540463e+01 -1.393130072516163587e+01
-2.455846773667569494e+01 -2.421805643132804775e+01
2.073293280128916294e+01 6.016348446035981290e+00
1.546982235183709520e+01 9.087404701357636227e+00
1.513812654107537270e+01 8.749173610195526862e+00
2.815329281843640885e+01 -2.533780695156783724e-01
-2.753569096078804534e+01 -1.586613620224980714e+01
-2.239066510441859847e+01 -1.673777850335697082e+01
-1.770573020681840148e+01 -1.767183266660584451e+01
-2.883095966526810372e+01 -1.572987151640636228e+01
2.640098764750840488e+01 -5.829421197381996933e+00
1.958656683589038039e+01 9.489989536771169298e+00
-1.621430872399121270e+01 -8.314815079826395561e+00
-3.067670855599966728e+01 -1.655519469075765215e+01
1.897431428849197133e+01 8.274701631129087076e+00
1.821872568832183958e+01 2.546652926584043897e+01
-2.979743997495804209e+01 -1.510152457034737239e+01
-2.710331541843613934e+01 -1.912368244888198632e+01
1.807493799558186964e+01 1.285099164875031263e+01
1.564352618836926467e+01 2.688830002708998634e+01
-2.346455184979562603e+01 -2.357311068402860954e+01
-1.404978834655554287e+01 -5.837875998421761636e+00
1.463600264222507796e+01 1.400833207297523764e+01
-2.682273216216534095e+01 -1.366863858965514034e+01
-2.981797343923991406e+01 -8.128429941562650640e+00
1.763225721517128264e+01 5.862640491353149130e+00
-2.649393831720268366e+01 -1.896767294968951845e+01
-2.544200021450015470e+01 -1.766507362969882422e+01
2.954042835987743842e+01 -5.896971385124251341e+00
1.613802412818147758e+01 1.804720956964311540e+01
-2.536641833134888557e+01 -1.820105330777805008e+01
-2.237621142918117911e+01 -1.093231412176794670e+01
2.299223702474036557e+01 -4.046806861585170445e+00
-2.228723144868935790e+01 -1.945321965643186246e+01
-1.686643095418600069e+01 -1.145994727509913247e+01
-1.666843517918183792e+01 -1.666099329813262386e+01
-2.225268484516800171e+01 -1.379738839568432951e+01
2.024836840740828237e+01 1.270497833895049666e+01
-1.894567099365779583e+01 -1.305894043256271075e+01
-1.992111641880846662e+01 -2.198900528622840511e+01
2.406452279568362584e+01 5.284001851426032292e-01
2.149528314042596833e+01 8.147414359642478843e+00
2.328208515533544087e+01 -1.116284049315283022e+00
-2.009454658851033670e+01 -1.563286525627792400e+01
2.361745396785250506e+01 -6.053781452999414725e+00
2.422162298566563976e+01 -2.117185977613122105e+00
-1.699234805710591445e+01 -1.200527120937845282e+01
-1.921864071233234483e+01 -2.290416506428858057e+01
2.548481221314974121e+01 -2.112509779397088838e+00
-1.903382550559558695e+01 -2.127716180809249380e+01
1.752163208519537818e+01 7.393322425578518597e+00
2.526525846657328245e+01 -5.094193777520459321e-01
2.780250136493177848e+01 -5.877370631287266001e+00
-2.389208719151821469e+01 -2.473445240736681683e+01
1.789472925405707926e+01 1.995430501311631133e+01
2.203793636852929083e+01 8.569647186807424433e+00
9.055688326366299279e+00 2.630947967229339213e+01
2.670660424909736363e+01 3.019449223123694459e+00
-2.903622053811397663e+01 -1.033703646631966677e+01
7.625847177938299915e+00 2.648226808785050324e+01
1.569703876403625387e+01 1.907437068058934670e+01
-3.139050127694544301e+01 -8.229388211237068873e+00
2.147689983628833232e+01 1.548238359126197139e+01
