1.553272491852302153e+02 -1.778612292920531956e+02
1.706329850142308544e+02 3.207727757652173750e+01
9.482424746198496734e+01 -1.119173763324834141e+02
5.376730259378948062e+01 -1.286324474553358641e+02
-9.861685341077536293e+01 1.194835453228384665e+02
6.672344883395317083e+01 -2.688058621822661820e+01
1.458744608287867095e+02 -3.804600959282400652e+01
-1.626156613743432899e+02 9.797464758875225499e+00
-1.327536623748737554e+02 1.154135998919775830e+02
9.111956596813572062e+00 -2.415914287453765752e+01
9.007432787706751753e+01 5.636484697210074302e+01
1.382384312853850759e+02 9.389474057929438899e+00
2.207619639498084894e+02 1.710397974843020563e+01
1.734029568911538490e+02 -1.391925876238643980e+02
-1.580419285561844731e+02 8.088996603382977924e+01
-1.752975509514754151e+02 1.648527279748114154e+02
8.608217618099926938e+01 -1.602333207652705482e+02
1.152406499047864941e+02 -1.903181639692884346e+02
7.815156782675559555e+01 -2.058481169870634915e+02
-1.123074234251302528e+02 5.980615886487139221e+01
4.147496190256320858e+01 -1.753955560655290924e+02
1.099024407750844858e+02 -2.931029502799558628e+01
4.890310326495980320e+01 1.636201096972137847e+01
-2.487590223940907492e+02 1.952313482790907528e+02
-7.231928354734628783e+01 9.451984696532321095e+01
2.086357544089266298e+02 -3.595694194878608130e+01
-2.214620419577923087e+02 2.769506441849650713e+01
-1.942310089855592992e+02 9.822421803747614888e+01
1.672601639363681159e+02 -7.031880506651111773e+01
-1.845394945876082886e+02 5.550058967961889067e+01
9.057062947339846914e+01 -6.708734612731528557e+01
-2.242304138115846399e+02 7.081644822018235175e+01
-2.105988060041304948e+02 1.404974080929196418e+02
-4.590415691791433161e+00 -7.561197839605648596e+01
-2.373491664694801671e+02 1.075936583653592322e+02
1.246275619836778361e+02 -7.818633227532322394e+01
-1.329474491063645587e+02 1.705312208028426539e+02
5.249325036492241736e+01 -7.389287688479723215e+01
-1.708199842875613683e+02 1.231991164443892899e+02
1.306378219970328303e+02 -1.150228146624645120e+02
1.755240457866427732e+02 -9.078075758758121339e+00
-2.050317564977177938e+02 1.863066314680837934e+02
2.423138255631098730e+02 -2.860041890351289950e+01
-2.584747428766433472e+02 1.633324101630296070e+02
1.226637671697931609e+02 -1.551546630228109223e+02
9.176561525322863133e+01 1.716072142088872043e+00
