-1.660883107079452259e+01 3.217608046952818768e+01
4.112856076364771951e+01 -1.183116340542756895e+01
3.616165585231916424e+01 -1.583808992186676612e+01
3.278744342573376969e+01 -1.767550316985549941e+01
-1.903383769711265927e+01 3.362298250590698245e+01
-5.833027616180745056e+00 -4.451903546616530605e+01
-1.051742455136693444e+01 2.392967724699605725e+01
-1.340349011436810045e+01 2.316591720511000929e+01
2.529572747800638055e+01 -2.634142569932409472e+01
-6.357985695038669505e+00 -3.720114802793183628e+01
-1.631074508011013435e+01 3.668055796818989478e+01
9.559623675484184346e+00 -3.026259489850175299e+01
3.362130906209588321e-01 5.672785751811908028e+01
-2.329051743198658819e+00 2.772381047490716810e+01
4.086374841379065259e+01 -1.790857594220288718e+01
3.354952415305236002e+01 -2.113418704560795192e+01
-6.784737971276417312e+00 2.830412358013454011e+01
3.157268640673129845e+00 -3.375315212254493957e+01
8.602599813771212578e-02 -3.830675582092181486e+01
-6.919647122325033983e+00 2.744021316583097558e+01
-5.158136181111273366e+00 4.771813077263130509e+01
-8.741761980400324816e+00 2.623020575161727663e+01
4.810633449125898409e+00 -4.135249512706999298e+01
3.348035689463537068e+01 -2.219984705417165571e+01
3.825244529116932313e+01 -9.595422465245528443e+00
-2.165778750771748307e+00 -3.227067197100868867e+01
8.490270981072899348e-01 5.536755258289868209e+01
2.888054060565041326e+01 -2.845408784170665584e+01
-9.025022980865017530e+00 -3.276812738891326404e+01
-2.264432948144619928e+01 3.418539036963255739e+01
-5.276727504294369098e+00 5.463322875755913088e+01
1.971396990652442227e+01 -3.165327390918934825e+01
2.446294703336108967e+01 -2.270594327732030848e+01
4.366093133133269077e+01 -8.489710564885466937e+00
2.385763036166347817e+01 -3.202942153720651675e+01
-2.916702060577481248e+01 4.352428601667617158e+01
-8.756347978239899632e+00 2.729896630606318197e+01
4.050509772053330515e+00 -3.846768231955055484e+01
3.760734451452006510e+01 -1.420769744497924947e+01
-1.302554273130844997e+01 2.932094132794377472e+01
3.744974816274172724e+01 -1.263087140195563762e+01
-5.163212065050956312e+00 -4.519823461820151778e+01
-1.289345115516556639e+01 -3.661606000833941721e+01
1.760367257140719133e+01 -2.494244325828129405e+01
1.747240646606098124e+01 -2.602118841299133933e+01
-6.758322584278624312e+00 -2.151985063129437847e+01
-9.779981339470756874e-01 5.240499947085912424e+01
1.322854414810158730e+01 -2.731017446066411480e+01
-6.263957574827296426e+00 1.895715216734360098e+01
-9.642753816559869184e-01 2.271078925890632050e+01
-3.923262746870504469e-01 5.831488324422807068e+01
-9.137843116800808962e-01 5.408191267020032456e+01
1.726801012554522430e+01 -2.409302992304440139e+01
-2.891321637833908653e+01 5.067178016231562765e+01
6.818234447946140087e+00 -2.819870444550939581e+01
2.028173965295812309e+01 -3.356211102725418982e+01
1.784458855755340778e+01 -3.590723901280330921e+01
1.328028520030568771e+01 -3.372249364669775673e+01
-8.234555324431939383e+00 4.253861721470976676e+01
-1.474378064877667205e+00 4.085916605108745614e+01
4.709221221953985292e+00 -3.050064799336957222e+01
3.197844447892250130e+01 -2.958499554142276722e+01
-2.753001992904890560e+00 -3.762439287799006848e+01
-7.091802159598339372e+00 2.407252039562030532e+01
-1.302184177512189400e+01 3.029944757565075975e+01
-2.808098228617732950e+00 -3.963647391637839235e+01
-9.849687326095162732e+00 -3.415065444876700695e+01
-1.495680753112633266e+00 -3.736695920993225428e+01
3.713227441906114024e+01 -1.108155234479836082e+01
-1.406374590081731313e+01 3.365444778927138003e+01
3.493925119608332608e+01 -2.155428584345285969e+01
3.093880156181604235e+01 -1.857905203754986090e+01
3.385137461405295056e+01 -9.923438684018851319e+00
3.713382238899060894e+01 -2.345954126156777875e+01
-2.066552597203124364e+01 3.758865560899317160e+01
3.472747065436413294e+01 -1.161350071360752167e+01
2.463837632384119303e+01 -2.834611835152869830e+01
4.349212997920907098e-01 -3.663659221293530521e+01
-2.023803283632471661e+01 3.836990782189933213e+01
-4.928041725788986582e+00 5.314609027193110080e+01
-6.774625214374800031e+00 5.313236981431463590e+01
-5.196432761089005981e-01 4.899167332803882857e+01
-1.131197395431220620e+01 -3.508093438853194357e+01
-9.727137900236893842e+00 -3.515817026270382684e+01
2.692407915756154324e+01 -2.081571375351957442e+01
-1.069559108446669882e+01 2.698686703739060277e+01
-2.695411655919718186e+01 3.971375632571454872e+01
3.273185066034636037e+01 -2.561873272048088168e+01
-7.134765634312790539e+00 4.852455485598392215e+01
-1.902645117633311145e+01 4.611110256328316837e+01
1.086503198500142764e+00 5.363018379628775278e+01
1.159519090458264046e+01 -3.642311520509192491e+01
3.254074757035908760e+01 -9.596933338576526751e+00
-2.612948089474827995e+01 3.398132314920849240e+01
-9.630317090100975363e+00 -4.664114547369413089e+01
-2.935982674035900075e+01 4.498334658909989514e+01
-2.093599924473498319e+01 -4.581821152414628529e+01
-8.071743054610179158e+00 -4.450317264811557294e+01
-1.306731264248058721e+01 -4.564208466526983443e+01
-2.853885202858086956e+01 3.241661406968158587e+01
-6.219995245455275601e+00 4.608317904154139910e+01
-2.504097507380118870e+01 1.920284510391363142e+01
-2.104359825979828713e+01 -4.642143964053965277e+01
-1.864728889846356452e+01 -4.607424080139657008e+01
5.542187478992956606e+00 -3.228750262018770911e+01
-1.035718793554918271e+01 -4.715889047121115851e+01
2.201989653936018954e+01 -2.279467541465217195e+01
3.271039767624102268e+01 -3.053754470961589718e+01
-4.279541445968737534e+00 -4.292984679289078542e+01
-2.691417387378205461e+01 3.205108890282903644e+01
6.709897342681095944e-01 2.845072575341768228e+01
-1.130087060579454317e+01 -4.400139144162525184e+01
1.388250500019101441e+00 5.045535015447940452e+01
-2.722893543931858318e+01 2.511456370061904408e+01
1.633640707505254142e+01 -3.497420046603613741e+01
3.440487534252955726e+01 -1.688538248509255979e+01
-2.570170743841365280e+01 2.782417523255580605e+01
-1.479110308466538370e+01 -4.596593459112217772e+01
3.492408719755086111e+01 -1.347062622343441696e+01
-1.751368632757188237e+01 3.146025518006777233e+01
1.178722435919851108e+01 -3.106586838845427323e+01
-1.258622398207475257e+01 2.403866660157271440e+01
-3.976625546827539992e+00 3.148266458386880728e+01
-8.500665076565903533e+00 2.210262404049420226e+01
1.282035862274745641e+00 3.016336723786761098e+01
-1.914959011178583737e+01 3.150416112996975215e+01
-1.000747281993258220e+01 -2.844452658883871976e+01
3.060027129630795173e+01 -2.755920603353808929e+01
-1.986346674375779031e+01 3.103631165296453176e+01
-1.039277975983770119e+01 -2.871638425027632735e+01
-4.940629660158556646e+00 -3.435900316121375653e+01
1.730973183035260377e-01 4.030692870960720597e+01
-2.126614341207203296e+01 3.234724686428502594e+01
3.043515963003795122e+01 -2.159491903405841029e+01
-1.307236510994277978e+01 -4.726209792563393108e+01
-2.183093867681170863e+01 2.198831652112428259e+01
-2.784526235789940785e+01 3.777474303178421167e+01
-2.383980659434668326e+01 3.348466640691822960e+01
-2.718296720570714342e+01 2.803239221937361947e+01
-9.777908030149985663e+00 -4.297840238313608552e+01
-3.955934276576772657e+00 -3.077782353792608916e+01
-1.051125710056039608e+01 2.239637088990251357e+01
-1.091544153744797541e+01 -3.721614443503481340e+01
4.026938576721045848e+01 -1.493317997084720083e+01
-2.422951526487803520e+01 3.374119244672684914e+01
-1.160842468476936418e+01 -3.677340605218299174e+01
-2.435576307700473464e+01 3.530412524624695436e+01
-1.110081228331404546e+01 4.297004659458745834e+01
-4.666643089241047093e+00 -3.208339074235337307e+01
-1.737761421966176201e+01 -4.833759039751262065e+01
-2.758347712961105103e+01 2.236853073430424388e+01
-3.629921299579351057e+00 -3.151031820885555845e+01
-2.357747753653565681e+01 2.565506214787556161e+01
-2.307764043666131215e+01 2.937572641873457968e+01
-2.574265230194851739e+01 2.481817282018192472e+01
4.210242290511690300e+01 -1.052157069162316994e+01
-7.767228973959229066e+00 -3.840819400352615531e+01
1.688211039986618145e+00 5.092289492800828299e+01
-2.656087414844759564e+01 2.096223538641071471e+01
-1.017737172169078796e+01 -4.372443134400498366e+01
-9.766856189685075407e+00 -3.772134046267679963e+01
2.376290546505551404e+01 -1.985852039260436896e+01
-2.452525888585394753e+01 1.988710746028937493e+01
-2.132537855704246255e+01 2.794596622834762201e+01
-1.349080136626347404e+01 -4.420134165426989625e+01
-5.472697596197920511e+00 2.327783172620685193e+01
-1.397645120833107946e+01 -3.519191697092679050e+01
-8.914122531439319985e+00 -4.971156366540315474e+01
-2.779239949767442752e+01 2.615876614039826720e+01
3.678803283824090187e+01 -9.412932342851137335e+00
-2.422498587145047111e+01 2.179254656630327247e+01
3.718135686040633914e+01 -2.086082605153968927e+01
2.115291223077495175e+00 4.895380885415899286e+01
-8.105672313527565009e+00 -4.828007989143353740e+01
-2.608633884608988751e+01 2.166755235139901004e+01
-5.433027097096633007e+00 2.393784471689488669e+01
3.782898070254710632e+01 -2.683859657640370955e+01
-1.530609868738921975e+01 -4.253980152161795303e+01
1.648727063675516291e+01 -2.990153459629513932e+01
-3.151042006183889654e+01 2.624080351861575977e+01
-6.573535878479982664e+00 -4.901267511984213598e+01
-1.164103612388450948e+00 5.537288383556270333e+01
-3.112431564585478228e+01 2.644713063734525349e+01
3.354898108422890601e+00 -4.522841203617468864e+01
-8.409895941299597055e+00 4.957084886055604045e+01
1.585903085589126782e+01 -3.814600986169354258e+01
1.480162777125091367e+00 3.404094664573937479e+01
-8.028819597932667307e+00 -4.213462774638429664e+01
2.831545001915306869e+01 -2.802211207642255886e+01
6.500822691468022718e+00 -3.260156699709374095e+01
-1.772887062197638386e+01 -4.604312667588654051e+01
-5.821778213227625232e-01 2.874779556014202697e+01
-1.033942381616080119e+01 4.551037593705064666e+01
6.250869977060427019e+00 -4.417112265802375504e+01
7.464400674584643625e+00 -3.512536743688537655e+01
2.693960876620836586e+01 -1.980814786351157508e+01
-9.004310935249447923e+00 -4.753783154917162079e+01
-1.310770689329080163e+01 4.484455621029249528e+01
-2.410677566599739663e+01 3.656587285780555163e+01
-1.197046749481752492e+01 -4.094526532060135793e+01
2.097398821900485544e+01 -3.312543843222591988e+01
-9.080694948319749660e-01 3.456557329981935567e+01
1.644678481285383143e+01 -4.007862262347263282e+01
-2.979750177281765833e+00 3.599338861806818102e+01
-6.933475753136187691e+00 1.991999902283473034e+01
1.928724272050365585e+01 -2.571718823276219723e+01
-1.905445032081651746e+01 2.557725158741650517e+01
3.267699229385998905e+01 -1.465160824760923042e+01
-1.849935324592740926e+01 2.385346518013219352e+01
8.508760420328659535e+00 -2.685121204593497524e+01
1.794803303187823573e+01 -2.982053748546094241e+01
-7.338016565670739233e+00 -2.789445595370500541e+01
2.351902170512999390e+01 -2.310939700301110378e+01
3.105222705339951972e+01 -3.005551829437432332e+01
2.013018975996668658e+01 -2.282957164424291463e+01
2.576504969732409478e+01 -2.328666964591388222e+01
-2.556192823265279301e+00 -2.469971191139356392e+01
-1.192145347732974869e+01 2.238731511490546922e+01
-1.454611677702798644e+01 5.217440467245270952e+01
4.821844405185601090e+00 -3.566253141321149656e+01
-3.561010495100355833e+00 -2.720080181983989220e+01
-2.903952438946847181e+01 2.257722316095872017e+01
-1.771815568444027278e+01 2.344654959691570895e+01
3.790486795053528368e+01 -2.425463272851154528e+01
-2.500793830983757005e+01 4.278551675788406072e+01
-6.458801568619668032e+00 -2.296901264671986453e+01
-1.993093458680908014e+01 3.982959996273850578e+01
-1.247006077730747364e+01 4.956211770577807130e+01
-2.890256310177782950e+00 -2.678207002068781506e+01
-1.908677097062238914e+01 3.709759735659405777e+01
-7.275981760763605699e+00 3.785510653101740530e+01
-4.680498059174002634e+00 -2.404168617407920294e+01
-1.599055563787674927e+01 2.279808199833279403e+01
-1.185207255673953242e+01 5.230318559465735717e+01
-1.659392067966373219e+01 2.268730475563146243e+01
-2.745692429239818466e+01 3.157636748696122098e+01
-1.547269255096019513e+01 -3.602687531980624414e+01
-2.580259821711261026e+01 1.837944016063745423e+01
-1.192275694937552899e+01 -2.963104971611324956e+01
-2.679718539143306799e+01 2.930350854238740155e+01
4.002299677595009264e+00 -3.746578560791578383e+01
2.958553842226755748e+01 -1.833311392362224623e+01
3.973183710839230542e+01 -1.062101729885013945e+01
1.830239810669970435e+00 2.993215938111337593e+01
2.079850954890477865e+01 -3.141357883496101877e+01
3.051188543556508925e+00 -4.330174760957586955e+01
-2.466388496258884189e+01 3.226201565738114851e+01
-2.438227778676249358e+01 2.990502545527361988e+01
-5.712376901787489913e+00 -4.948917421518024184e+01
-2.981821940139887772e+01 3.340119732527185903e+01
-1.789704323546665776e+01 3.639372604374749898e+01
1.110950169018331657e+01 -3.424082390094869766e+01
-1.029438747214122252e+01 -3.008953386964819643e+01
-3.048818099408505944e+01 3.170490988144958422e+01
-2.218317681159675203e+01 2.919304010788467352e+01
2.431125813815114611e+00 -4.410960271370526442e+01
-1.048643912582954840e+01 -4.228919078964599976e+01
2.990074543259760276e+01 -2.636325724245624258e+01
-7.379751954941940362e+00 4.587514459070872164e+01
-6.384977265337302477e+00 4.833302706345963884e+01
-1.900950063471166018e+01 -4.421801413959234139e+01
3.648211372125074803e+01 -1.516215253175692013e+01
3.625631639516851834e+01 -1.298905487460013930e+01
-1.223817835182734681e+00 2.813109969438875169e+01
-3.613901879675117446e+00 -4.195295419241083579e+01
-5.641827916473778792e+00 5.558612476752104925e+01
-1.450750240366845745e+00 4.606435591206702895e+01
-6.859038602907864934e+00 -4.356450929039836950e+01
-3.364231659201847968e+00 2.505463758784907213e+01
-1.217281694172757156e+01 -4.284902715995799838e+01
-1.474618187149675208e+01 3.077752363874945019e+01
-4.083772047345306078e+00 3.197772377114513631e+01
1.655191091180241258e+01 -3.774214218886223904e+01
-2.499284033228066804e+01 3.912938532714634476e+01
6.257230991254576935e+00 -4.099114383912478843e+01
2.948587637475741730e+01 -2.098948517303557537e+01
-1.350356263798690648e+01 5.161952924806062271e+01
7.885815831451095548e+00 -3.175557709824167318e+01
3.609574017543619107e+01 -2.381867740876914041e+01
1.583059010707743397e+01 -3.109016285887458153e+01
-1.945737670140192321e+01 4.585000155538485700e+01
6.203251451362608471e+00 -3.077116437014454675e+01
4.261108732249265074e+01 -9.246431977323139151e+00
-2.405656654385917292e+01 4.505350247322719781e+01
6.645031581101186191e+00 -3.977278747455117980e+01
6.576828439315546504e+00 -3.900621386906200172e+01
-1.327019075564481376e+01 3.972245605092994936e+01
3.915239925963363987e+01 -1.221064346856606520e+01
1.109796932405635062e+01 -3.147005228290427681e+01
3.353505490265198574e+01 -2.958474616179923089e+01
-1.207911860578325047e+01 4.037334104343974417e+01
8.386261419678444184e+00 -3.773120750005851676e+01
-9.019890624646912158e+00 3.712921893220978831e+01
3.344751356149337340e+01 -1.362044688646872181e+01
3.448192687554283964e+01 -2.479593683540841909e+01
9.395245453961647897e+00 -3.174319669866689253e+01
-9.825444948174519411e+00 4.852905355010677368e+01
-5.532595635436329040e+00 5.250993904224264952e+01
-8.156207463224770748e+00 5.118835017087774730e+01
-1.435820179163407317e+00 4.500997199187927578e+01
-1.191377634016380149e+01 4.514108829804013823e+01
3.771989901411635771e+01 -1.648618902304894718e+01
9.282729654946519915e+00 -3.421579007040559617e+01
-2.797456085548806648e+00 2.149599368269035793e+01
-2.909588533101008778e+01 4.375770540625141791e+01
-3.524239083974924025e+00 4.595110825039847668e+01
1.029389608858296690e+01 -3.559756883319595033e+01
-6.996347563901198718e+00 -4.988046920453190580e+01
-2.571289807817143469e+01 4.043109227804961847e+01
-2.291669225337928850e+01 4.489985151910200756e+01
3.597600611108924706e+00 -3.342361575543299779e+01
-9.378426082596371671e+00 3.592623380724842264e+01
3.906501354924478164e+01 -1.349860580903391316e+01
-1.052532952226156304e+01 3.851862307891025949e+01
-1.640784141233104565e+00 -2.609323653092923578e+01
-1.465466018257303027e+01 -4.171893110615755518e+01
-1.192822731660984559e+01 5.066861116586445490e+01
-3.553569515366861609e+00 5.748832701715065241e+01
-9.733329528817046494e+00 2.933241040906274577e+01
-1.013919509760962256e+01 3.695794054722335886e+01
-7.965308949909733371e+00 1.904758827013497324e+01
-1.011987805375196281e+01 3.086593390442067530e+01
-6.835644236167123466e+00 -2.707015444464983389e+01
-2.888506842079703674e+01 5.154418983658742093e+01
-3.582380729453833013e+00 4.962123799010907277e+01
-1.130412229742006858e+01 3.180931820026786738e+01
-1.794609476903799816e+01 4.285439506684036814e+01
3.309607194647869477e+01 -1.896752408865405570e+01
-2.927446766139069112e+01 3.461110617868592243e+01
-9.305481175465299515e+00 3.060008593165219892e+01
1.377158149534197662e+01 -3.663900591306828147e+01
-2.085760092729156412e+01 4.513571315226586478e+01
-1.954754617670599970e+01 4.161093092254994730e+01
3.773881068211287726e+01 -2.533469227387933742e+01
2.530144237531940732e+01 -2.001074633377670864e+01
-5.604107052484893714e+00 -2.606098405954446662e+01
4.173099037553967605e+01 -8.973368828082014304e+00
-4.540076481833237310e+00 -3.727745251086678024e+01
3.075325663039317092e+00 -4.006218108107610476e+01
-1.990210714424137350e+01 4.459630682878758989e+01
-3.950776075354630046e-01 4.072547225371541657e+01
-8.435265019659787811e+00 1.991934121575470584e+01
-2.022189924742824019e+01 4.197525918086338947e+01
-4.020092299125805901e+00 3.030519589506429057e+01
-1.537130705219822069e+01 3.065797120722593050e+01
1.271392137740487982e+01 -3.440120356467745921e+01
-1.148358323765920375e+01 4.090384212750713999e+01
2.962920568526110188e+01 -1.687383676479168315e+01
-9.417408869663688620e+00 4.436776796226836694e+01
-6.847998287564597497e+00 3.077264978935982143e+01
2.198190268456847818e+01 -3.173321228279342421e+01
-5.357806474635538052e-01 -4.471541744642090066e+01
-1.865169832833679431e+00 3.512154368367395563e+01
-1.429382614910406879e+01 3.448055187332836624e+01
1.003239934880529027e+01 -3.675701293686799431e+01
4.261729802657478139e+00 -2.979910135177669517e+01
2.652189687961631392e+01 -2.879968791412198925e+01
-4.246660215707305674e+00 2.891223191869044840e+01
-4.345157938716403656e+00 5.039229018442672015e+01
2.554829401715461756e+01 -2.517354836619685798e+01
1.242463134719139362e+01 -2.775830018070668004e+01
8.365407701445867872e+00 -3.990591039307624044e+01
3.257195354419474143e+01 -2.148857177683401787e+01
-6.685653944428506357e+00 3.946876305218312808e+01
-1.044365452547047646e+01 2.082292881741834734e+01
-2.288440333984504083e+00 5.349873698646575804e+01
2.633046852551765227e+01 -2.611620641264620701e+01
4.120280793088268467e+01 -1.563813077633245463e+01
-2.308408011746144517e+00 2.195669327247752989e+01
3.095296671579006542e+01 -2.055877986694634885e+01
2.429578095201517840e+01 -2.674067208562401987e+01
-6.870808701647886707e+00 3.160277943825726865e+01
-3.200701654774344096e+00 5.223865992420671489e+01
2.899618682972754513e+01 -2.446574713105706067e+01
-1.986491988684231824e+00 5.248676723059404026e+01
3.873948635274437180e+01 -2.417222490873364293e+01
-7.848714755175748792e+00 3.494676059961376069e+01
-5.166802936275728619e+00 5.184396487507636664e+01
1.150898021577440744e+01 -3.768662838972512930e+01
3.327875521067412024e+01 -2.532941553069615637e+01
3.798697962505809755e+01 -1.066176979658069612e+01
-1.256626857990051960e+01 5.206239494758083453e+01
-5.190064856839095242e+00 3.430478867694599643e+01
-7.815885696405804772e+00 -3.665069694883737128e+01
3.522441450862958590e+01 -2.702475148000556615e+01
-2.886670518897035009e+01 5.188152725547136868e+01
-2.565426684336677354e+01 4.177261568388348678e+01
-1.598561450590069910e+01 -4.768581036985927568e+01
1.463887628456615886e+01 -3.276086608261520183e+01
3.076011304882099751e+01 -1.480050083553615892e+01
3.883410108098325964e+01 -2.573874201355568658e+01
1.261788867441624085e+01 -2.682510965614248022e+01
-1.861222825911104906e+01 -4.766057055318922409e+01
-2.902067927657361324e+01 3.545482306721304155e+01
-1.351339429277648918e+01 4.284576729026591124e+01
2.857203886673460502e+01 -3.339193037646637663e+01
-2.290092300627571120e+01 3.235178535980028869e+01
-1.634753763393043258e+01 -4.541894864316505931e+01
-2.014210364066954284e+01 -4.733947544411303454e+01
1.483998763503813656e+00 -4.096814623187895421e+01
-6.356324431589950308e+00 -3.899880561373453247e+01
-6.290290508045755402e+00 2.145398895083383550e+01
-7.003640215726187002e+00 -3.627510187804255537e+01
-2.867356981220019208e+01 2.728003879277957822e+01
2.096874659029838028e+01 -2.922185541818835830e+01
-3.333269485666277010e+00 -3.367578826833579342e+01
-7.569630549826969812e+00 -4.063607415620332830e+01
-1.258033655374072524e+01 -3.787860334639432836e+01
