5.546644951068908647e+00 -3.558555010920341033e+01
6.787624626264816108e+00 -1.944442194623724873e+01
-4.009666217308091585e-01 -2.062019499555435331e+01
8.151752620423669882e+00 1.676634540090956804e+01
-4.612912530323735716e+00 -1.419271258495217047e+01
-3.986251908863528426e-01 3.246679870691041714e+01
-9.192845130679371479e+00 -6.740343797524295688e+00
1.335993207617272560e+01 -1.618751690630916329e+01
2.839699979404788799e+00 -2.825222021166542419e+01
-2.697681961564559749e+00 2.459365470723257019e+01
1.556104255953284898e+01 1.731123625496530138e+01
-1.718400994971198159e+01 -8.160356001645524771e+00
1.046282880473469490e+01 -2.779858710452926118e+01
-1.328220265297318825e+01 -1.444285776488053763e+01
-3.722228433212822818e+00 1.289971797806357579e+01
-2.477072279364145313e+00 -3.461400389430624358e+01
-7.874697447287895891e+00 -2.045320757532989120e+01
-6.026234686379241534e-01 -6.601647276004452891e+00
1.878626301244590024e+01 3.327138358557315456e+01
4.082460367063703188e+00 1.052467749531151853e+01
-2.189562903173550978e+01 -2.870485145232382962e+01
-9.024742082887286188e+00 2.107452426686423763e+01
1.193629974171496189e+00 1.973061341143927905e+01
-1.081979964255223159e+01 -3.019990299396308231e+01
2.914275784617588183e+00 3.996498443332832551e+01
-4.392917503281953628e+00 -2.665908658593812319e+01
9.026691688046488693e+00 3.080384150194214499e+01
-8.144264943569050175e+00 3.197149773420351337e+01
9.419347800543324212e+00 3.904570339039541693e+01
7.692245035361617411e+00 -1.003466385363277702e+01
4.171867468406749602e+00 2.541250623249615259e+01
-1.519671614117370773e+01 -2.301491079886318403e+01
1.269612117388489025e+01 2.423616200413471589e+01
-2.358876078137338439e+01 -2.202420755985088618e+01
2.120366345754311510e+01 2.774750501723639573e+01
1.612604413258578173e+00 -1.408990870829241793e+01
