-3.048872751513509343e+02 1.392392819814996301e+02
2.472306211684601749e+02 8.395511766591643266e+01
1.880570168894979588e+02 -1.155507034168584681e+02
-1.058769375521439713e+02 2.605606729163984028e+02
-2.849945146186689158e+02 -5.545899491826303773e+01
-1.791140654537074965e+02 -1.170681673503659965e+02
2.367103755932166678e+02 -1.834410276460889477e+01
-7.492485288397245036e+00 1.094662816716962084e+02
-1.020362676242551174e+02 1.579741608051556909e+02
-8.896886774228249806e+01 5.767335654084405405e+01
1.252856965864560124e+02 8.103650733636310122e+01
-6.766369652633560605e+00 2.150256054048172416e+02
-2.859443258853083307e+02 4.421887507919715432e+01
-2.107907768920175045e+02 2.175426483401022040e+02
5.376643338757313018e+01 -2.924674557944944127e+02
1.821640100561919837e+02 1.697856470176928951e+02
9.776469135440129321e+01 -1.517719727272275065e+02
1.447093990171261453e+02 -2.034969009393141448e+01
2.569002065562144708e+02 -2.054570951146361892e+02
3.052899368661468884e+02 -9.769781036201423774e+01
5.063418647050801269e+01 -4.856958170984776757e+01
1.718565325101099290e+02 -2.490072446216190372e+02
-1.965557871152272185e+02 1.070674116887909832e+02
-1.878433313526199981e+02 1.579416918619056753e+00
-9.035013226240756978e+01 -5.256817199951132835e+01
-8.747969864882486846e+00 -2.208139924937147782e+02
