3.078003580470156209e+00 4.562452045361154451e-01
1.906187537792367825e+00 -2.367863813311651633e+00
1.548773021054801413e+00 -4.452388699596914190e-01
2.347107240183700760e+00 -2.679007041556780711e-01
-1.845886070291358871e+00 8.110727684237732937e-01
1.954050736503836205e+00 -1.065073153200604361e+00
-3.637981418780940945e+00 2.345529085711085315e+00
-1.225420379821713993e-02 -1.634201763720943168e+00
2.828091514380656424e+00 -5.727875673423512559e-01
9.781224988590330183e-01 -1.259861089413870872e+00
2.422277557519311397e+00 -9.727564929117049619e-01
-2.183050114938998920e+00 1.578301110921850103e+00
-2.520575386687720965e+00 7.423216563931116507e-01
3.446333231008643416e+00 2.385157973961072042e-01
2.882350505153184805e+00 -1.398100989074819445e-01
2.303496625904788431e+00 2.709812059389683503e-01
-1.050165412129353992e+00 1.543966410528226252e+00
3.464331612399997873e+00 -1.042034412099551721e+00
1.178545590107471508e+00 -1.621828699793487649e+00
2.002015293371397053e+00 9.519922462759239368e-02
-3.303947360451761295e+00 3.953816841131508331e-01
-8.356192462374018026e-01 1.705070206245014930e+00
-4.408992619745205621e-02 -2.403567534807082406e+00
-1.653750386764905933e+00 2.260240318837900109e+00
-2.389647560038953511e+00 1.600243615611244508e+00
1.964291323403504874e+00 -1.758056373220825419e+00
-2.798312862437382975e+00 2.792478756883714830e+00
2.723273056979252704e+00 -1.719029463693563908e+00
-2.914681330646203605e+00 1.549083062914699882e+00
-2.706259921053331574e+00 1.245703040244097837e+00
5.974673646146109185e-01 -2.638389270719724511e+00
-3.245017384428272589e+00 1.707775796168091720e+00
1.592620605670252987e+00 -1.661677312103246873e+00
-2.948372200951383526e+00 2.637812835600770178e+00
2.227596893673022826e+00 -1.730867473560111280e+00
-2.479440728760746726e+00 1.672258560229291646e+00
4.505394146574712710e-01 -1.540280155694134345e+00
-3.510584442925815729e+00 1.126192431239164682e+00
2.996646034743311038e-01 -1.822734092695764252e+00
-3.459184118295372201e+00 2.089338990828502884e-01
1.343680268633780095e+00 -3.193483303353513159e-01
