3.250642413234020367e+00 -1.521824921440096823e+01
1.488040763365766317e+01 1.080543109144109515e+01
-2.449239815337573081e-02 -2.417962198651136774e+01
-8.075816222558769297e+00 2.443066065954760901e+01
1.212775666749627668e+01 2.010535703488232784e+01
-6.090497763009532911e-02 2.788818269599008914e+01
-3.609742694288227138e+00 -1.029576900385571392e+01
6.916074872013584063e+00 7.001659903085815984e+00
-1.648316410744780924e+01 -1.828723910511639161e+01
1.452395783963222975e+01 5.563190537669616909e+00
1.133422531047366988e+01 1.658548215687571314e+01
-3.391226930396304073e+00 1.934699790224770410e+01
3.467728476412450522e+00 2.498384842125653904e+01
7.989608611015777129e+00 -2.680726869474946028e+01
-1.568500625826820816e+01 -2.338951453731392505e+01
6.936205504858747872e-01 1.989280651817401946e+01
9.830987765997173611e+00 2.260307595024961813e+00
-4.973034804465160441e+00 9.032373554866206078e+00
6.440929406803986623e+00 1.412900253055459565e+01
-1.200608558306954343e+01 1.663824242934539299e+01
-1.356481141806993485e+01 -2.003657158519107639e+01
4.686577911238972050e+00 9.330966385939628793e+00
2.228540346373952019e+01 1.033382936309931566e+01
9.217537626929647843e+00 2.447486991909021192e+00
-5.636527991677706240e+00 -2.689818369137492482e+01
-3.409038572492935515e+00 -1.293359706032259560e+01
3.021323350427127075e+00 2.068331357241200408e+01
-4.976348395761370114e+00 -1.566253435848390119e+01
-4.539424653216864947e+00 2.654750075212143301e+01
-4.524455678944935499e+00 -6.794438408346302749e-01
-1.265027914682616839e+01 -2.590588722451502335e+01
6.218284390462799571e+00 1.900048963049899697e+01
-9.112764637964481551e+00 8.392715115714226570e+00
-6.261322319069318354e+00 -3.110883840190973970e+01
-1.669832041281926038e+01 -1.798614897453839134e+01
-1.075287991762308870e+01 -2.638219362229547826e+01
5.957440468144227230e-01 1.031933976448926416e+01
5.066458862500672566e+00 1.821966424279170482e+01
1.160689604599327929e+01 2.490725443148803819e+01
-8.912594583105514445e+00 -1.763936191963520628e+01
-2.473959580564710325e+00 -2.601919922041132338e+01
6.051644441827625620e+00 -1.066601624982626717e+01
2.630369585255984521e+00 -8.262727869289335558e+00
-2.823779321146791865e+00 1.213163539480699704e+01
-1.892182883976573970e+00 1.568914297776506217e+01
1.471775263658527422e+01 1.673768915889758446e+01
-3.959662419778518849e+00 -1.679439001738327875e+01
1.235503137420255371e+01 1.973028761250045449e+00
1.042909581437781164e+01 1.157731520641453749e+01
-8.013112877754412722e+00 -1.676398454311806319e+01
-1.313375176617086737e+01 -2.276410148645450704e+01
-1.262093733052255118e+01 -2.039831051049226218e+01
-8.016385635806772214e+00 1.750235761667078904e+01
1.477569250957966984e+00 2.432175324943416683e+01
1.434013798158234287e+01 1.117330497297919578e+01
-6.259663217862505569e+00 -1.772403772952945644e+01
1.848256965204953062e+01 8.764095843114288797e+00
-1.640011169139929947e+01 -2.684245956046893511e+01
-4.330274856128191630e+00 -2.225646327462639462e+01
-3.503284839934659001e+00 5.583191898559382693e+00
1.201105979408546176e+01 7.608147868631294664e+00
-4.441718800944119749e+00 -2.020428964111651382e+01
-4.646045726023933398e+00 1.852278631749680926e+01
-1.118897577585824088e+01 2.774952155297382106e+01
9.555026118818850112e-01 -2.205225285712388583e+01
-7.591617522691692876e+00 2.798158733093298522e+01
-1.268244077037789097e+01 1.915326850450272289e+01
-2.826332832895186886e+00 7.197008341941410592e+00
-5.750463840922060754e+00 2.139836302415393021e+01
1.318233455056637560e+01 6.487746291978128355e+00
1.216274963535551734e+01 1.379889445355034283e+01
-5.176798309146350086e+00 2.228556708107122830e+01
5.246325894651883814e+00 -2.267513920395888150e+01
-2.046643825826920171e+00 -5.317553334140374233e+00
-6.544160116511700487e+00 1.429722055359481558e+01
5.849927096528300119e+00 2.107163296508099748e+01
2.050184796360626649e+01 1.140646601458140275e+01
4.065889577816954592e+00 -1.932741965103140913e+01
-1.363320320655232365e+01 2.314083678387929410e+01
1.604818935126883162e+01 1.449068101289336674e+01
-8.205524644928141598e-01 -1.532319888338927960e+01
-7.828211109949867463e+00 -1.545061148028195852e+01
-2.845237527754322482e+00 -7.828407942502470185e+00
3.908844556426266159e+00 -6.276401546040332846e+00
-1.764322871775420865e+01 -2.528493117025815806e+01
-5.575935090358166007e-02 -2.751969695027977281e+01
2.809493663745750602e+00 2.307256267224277479e+01
1.421929883528185989e+01 7.725099386418804670e+00
6.902499165860517039e+00 2.405002157801380136e+01
-6.775879619364067352e+00 -2.014732920405419492e+01
2.123984179112212267e+00 -2.491185167844200876e+01
2.509644337645017487e+00 -1.786861012372353485e+01
3.341933012774506162e-01 -2.013687361721717295e+01
-6.924179964297294987e+00 2.344932420308013477e+01
-3.845304280798910401e+00 1.362744659912489453e+01
1.288260929688962797e+01 9.853917495645209357e+00
5.098290994494649730e+00 -2.373999879226130716e+01
6.126264680896506221e+00 -2.847218810895735075e+01
-6.982957520791397421e+00 1.660560071661492998e+01
-7.746151927843659912e+00 2.206049255109466145e+01
3.479895980105807585e+00 -2.732990078977669768e+01
-4.127568043289026045e-01 2.470260674296478598e+01
6.784288143068929244e+00 -2.431185830645874546e+01
-7.898050987976074744e+00 2.028623850158222908e+01
-1.626180747145874861e+01 -2.001202880895402103e+01
-1.080841112477420651e+01 2.561347647515129822e+01
-1.206685958278051363e+00 2.273266465158216931e+01
-8.961243347051116359e+00 1.727950221496101690e+01
-7.261536691667751953e+00 -3.015843513366030493e+01
-6.094812722764302304e-01 2.887131657510239791e+01
6.364384843869272501e+00 -2.758099719425755580e+01
7.549755638463701013e-01 -1.493044194416689230e+01
7.918914106787138252e+00 8.985542870090270640e+00
-6.959114077603752335e+00 -1.292208873497462562e+01
-1.017097731820381945e+01 2.347104891026457452e+01
-2.608215637054799863e-01 8.553453702171381678e+00
-6.428186116026306074e+00 1.901127032516979298e+01
-1.179274183273957810e+01 -2.420229804032641852e+01
1.726592406819503722e+01 4.961089156476266027e+00
-1.178701683207233009e+00 1.760036420587307360e+00
-4.050097113815875005e+00 2.340754125722368784e+01
-9.906436809876463911e+00 2.787883006026094179e+01
-8.256608284670548414e+00 -2.462668194568302482e+01
1.148586422580971211e+00 1.832381321052850254e+01
3.702652715757885904e+00 1.362549673083041490e+01
-2.822154649779791580e+00 1.806948515218394036e+01
-1.357043230432170411e+01 -3.189354051782527222e+01
-4.179071656177000271e+00 2.790512360400257563e+01
9.722698819818232252e+00 1.883781330401403409e+01
-7.575311132265831748e-01 -1.128580194073553677e+01
2.847402877129883159e+00 1.574157879204255295e+01
4.229162567882681079e-01 -3.088000647916332397e+01
5.275270212404719494e+00 -6.531564903378104248e+00
7.498058587614556458e+00 1.152881225679127652e+01
1.893731984366992860e+00 1.331844722261839564e+01
-7.612188019283147034e-01 1.156340590817494984e+01
8.711970776611483558e+00 1.550048362183918726e+01
1.232699317646544301e+01 5.437221391956851946e+00
-9.403948042864573864e+00 -1.468041450152124661e+01
-9.534962304824734503e+00 -3.101640492987583286e+01
-4.040522290052709131e+00 9.515721590080357117e+00
-1.117358243441308829e+01 -2.021981461713006212e+01
-1.312080951221846203e-01 1.191490548642388525e+01
-3.192621632106030116e+00 -1.414852151339761477e+01
-4.581581527082970950e+00 5.418364010069310233e+00
2.719803343140856811e+00 -2.002126431371845428e+01
-9.482454665885351464e-01 1.376906064208795932e+01
-1.135448804488256691e+01 -2.516856952895251709e+01
-6.000138224356525996e+00 3.861456376006522362e+00
3.011470711038551240e+00 -2.181610902541813246e+01
-8.756762615590899301e+00 1.596872028089280704e+01
2.158351812135478998e+00 -2.078166068308131997e+01
9.312708081364545976e+00 1.307120618857948102e+01
1.399090062894959985e+01 1.611882483788398090e+01
-1.671555288004326206e-02 -1.855658824102553339e+01
-3.623188091364805685e-01 2.094101934395477471e+01
-7.193783203920869340e+00 -7.510046776517002698e+00
5.079682261232948415e-01 1.693580980969403171e+01
1.376271807541566305e+00 2.603082132049338071e+01
6.274830639614767058e+00 -2.152957714686278123e+01
-6.015864012049585874e+00 2.358322609124103764e+01
-1.086628677451867642e+00 1.987024274233049326e+01
1.701720860879119712e+01 1.141795211336157223e+01
-8.540835764381608186e+00 -2.236164908638257032e+01
1.215594483707026541e+01 1.227346025724853895e+01
-1.452847781830081964e+01 -2.321199791182358396e+01
-5.045859948606475909e-01 1.762840625768219027e+01
6.524664936259861214e+00 -1.048810181800876151e+01
-1.920966878418166157e+00 -1.971015103480471353e+01
-7.734086998761954490e+00 -1.096880500443300299e+01
2.176940512707972175e+00 9.382201605797646948e+00
7.679739496086525286e+00 -2.120436682111912319e+01
1.295684574316229565e+01 1.424216731493714150e+01
-1.527907730687206289e+01 -2.914572495724860346e+01
7.305947648601944344e+00 1.825719242746208337e+01
8.951117210552054004e+00 1.167010152213864949e+01
6.389983616622553875e+00 1.540169278778833117e+01
-2.638784586789682418e+00 -2.217742569119959839e+01
-4.889117397370601914e+00 1.699687298061509466e+01
1.589395495057546182e+00 1.525466961835270574e+01
-1.098023934941593716e+01 1.234054265105743831e+01
2.110147758311854815e+01 1.322232863178916595e+01
1.701757948480410931e+01 1.667250554882579650e+01
-3.701276091940509883e+00 -2.806953099248204353e+01
-8.044521327936983823e+00 -2.951135879534553652e+01
4.603687213764880437e-01 1.496344709330761091e+01
-1.227899578261019364e+01 -2.854149608744662814e+01
-1.556367571907332881e+01 -2.503579069670091428e+01
-8.581777625829657197e+00 -2.527933275401169411e+01
1.967221307562516941e+01 1.824955497550602601e+01
5.517904273308060326e+00 2.825854442166413705e+01
-1.557224467732868334e+01 -1.177277202973633763e+01
-4.901360029194590240e+00 -2.637517348812726325e+01
4.500263178564525290e+00 1.822186682554162829e+01
1.423746227172453027e+00 5.780020285755528064e+00
-6.684384676464583563e+00 -2.451616080069054604e+01
-3.136725334754635774e+00 -2.038518103532263481e+01
-3.103266277132118223e+00 2.205629981717659405e+01
-1.126322417905927686e+01 1.803627684816431653e+01
-1.599314054043732192e+01 -2.857416149065205602e+01
-1.446603939481432510e+00 -1.787674973601273365e+01
3.758393397519739221e+00 -5.456882012004044213e+00
3.138021828336186481e+00 1.145870172311991553e+01
1.193911957489575748e+01 -1.805152089479607014e+01
-7.908505317728918849e-01 -2.184350880947189921e+01
1.547889601763633749e+01 1.215096126376277041e+01
4.131869459074716922e+00 -2.496117330258453038e+01
7.137662098685632728e+00 -1.595471482399748986e+01
4.306679569747133840e+00 1.058565046675171040e+01
-2.005759349136387648e+00 -2.385565566896014644e+01
-1.145353263029963919e+01 -1.649773206593075514e+01
5.646829120738997787e+00 5.836383043901170353e+00
2.156293054771523998e+01 1.096187236706785484e+01
-1.010482646778736715e+01 1.317518815509819419e+01
7.070512656052603262e+00 -1.681553172821781317e+01
-6.327932416235766411e+00 -1.171866947151744220e+01
6.562161616437809819e+00 -2.979633888781777529e+01
-8.056501529598646627e+00 -2.187783877811865807e+01
5.624191129251260968e+00 1.072402296988177817e+01
-7.480282048476993850e+00 -2.705158416448883330e+01
-6.369909539295931289e+00 -9.131891136808178544e+00
2.148530898848624027e+00 -1.168177579685896283e+01
-3.027009591974476166e+00 -1.189274065950264436e+01
5.344777080585586537e-01 2.178195948805512216e+01
-9.576539206125621817e+00 -1.056623215988879316e+01
-1.011703430960216110e+01 -2.249197602724417777e+01
1.799047316760159276e+01 1.460818651502297527e+01
1.067323387026018544e+01 5.521242193023176092e+00
1.555894459776389915e+01 9.316422823394816533e+00
-1.727822068967691527e+00 -1.626877112820767834e+01
1.276458508089272215e+01 1.943002157001247809e+01
1.341952933639223922e+01 2.934379705229563928e+00
1.028331693176413486e+00 -6.589313046213776559e+00
1.027364957104099119e+01 8.843332196759297048e+00
9.906686354455835897e+00 1.463871707783165910e+01
-6.009108629389861456e+00 -9.672711530980270922e+00
-1.164360814469123717e+01 -2.891283928645877666e+01
1.195269540173782907e+01 2.117860297980978146e+01
-5.347349322652222625e+00 -2.249552650725737735e+01
1.804753473822459542e+00 1.884071424549804874e+01
1.636394065818837262e+01 2.054891084348437502e+01
1.529518357541005535e+01 1.490629397068133954e+01
-1.706965292226052711e+01 -2.952868933123894379e+01
-3.482437909633371298e+00 2.038064063470301335e+01
7.302503782098928475e+00 7.612274042735177382e+00
8.740087587640633870e+00 2.100660253764121066e+01
-5.872104480332406951e+00 2.749236993668617046e+01
2.420431327353477435e+00 -2.410233881039897241e+01
1.193341078773916131e+01 1.062934220492713244e+01
6.099140507493640007e-01 -3.027878922364092418e+01
-9.886144608044485693e+00 2.038088593751055555e+01
-8.471372657734775657e+00 2.805614887682802916e+01
-2.831660359063552956e+00 2.441776027816818129e+01
1.019919783016666637e+00 -2.495433242111871053e+01
-7.570689353596645077e+00 1.076531031867848220e+01
