1.543358361111205923e+01 1.960769074543510515e-01
-1.577370657582089564e+01 -8.856176211808007182e+00
1.733701505211810101e+00 7.121078778181988866e+00
1.293492404136709162e+01 5.267689058191333817e-01
6.874215690115230259e+00 8.323904581615872544e+00
-8.373307421955868080e+00 -8.206978196329842490e+00
1.075865819498474885e+01 7.142165440313505087e+00
1.407642444005241700e+01 4.264099136614663443e+00
8.292954083987147840e+00 6.750861043962679275e+00
1.771790944777518417e+00 4.831941021465999242e+00
7.656375175216622253e+00 1.191501636842508383e+01
1.062219538660542106e+01 9.241219419627825005e+00
1.392067283260504951e+01 2.331794519306533697e+00
7.152363713190672101e+00 5.789300622229274218e+00
1.205022965459284912e+01 3.342857192305178415e+00
1.157313304882803706e+01 2.401113194241303539e+00
-1.049306390934997957e+01 -6.757667267442458936e+00
9.207576384878171538e+00 6.338000798204372899e+00
5.366199471594018888e+00 7.818254689870327567e+00
-3.848965356287720851e+00 -2.350756755732683334e-01
-1.449001389663329142e+01 -7.396944722015244000e-01
7.340419642889279395e+00 2.632806847654900473e+00
-1.073291852414588732e+01 9.112834501115968378e-01
1.009865625174881920e+01 5.634419822188925231e+00
7.906421331864266655e+00 4.997349251346845378e+00
6.264826342829541872e+00 7.194896711147404922e-01
-1.454332429424093043e+01 -6.588019221657150482e+00
-1.395334764154013563e+01 -5.339796455287990185e+00
-1.020161441178220407e+01 -4.480406110046528667e+00
4.193664037866627226e+00 6.972815082139206311e+00
1.791174629049117684e+01 1.637540453194382462e+00
-1.624316424251422930e+01 -7.317218989690460695e+00
3.196474736239347969e+00 6.208578630509904883e+00
5.673331825392900818e+00 9.478461770249367646e+00
1.795911255137562179e+01 -1.501100147480391334e+00
-1.401224673172227142e+01 -4.027612215471244816e+00
1.174871655948781779e+01 7.229757021658861582e+00
1.613924071215571843e+01 4.627724770047933589e+00
-1.400436819761728913e+01 -1.083486480335262314e+01
3.627097490315813744e+00 9.953167592975519895e+00
7.476381690220590848e+00 8.941224235929219333e+00
1.135130844038431563e+00 1.206639755548940052e+01
1.381906623036192938e+00 1.066365817765536050e+01
4.529560470517289161e+00 8.427254617482587307e+00
5.245805176620704779e-01 6.945253278608383596e+00
-1.300395312701518691e+01 -1.023479162455251945e+01
1.614765295248083277e+01 1.672698446563121610e+00
1.889175249124522438e+01 6.579294101971808750e-01
-1.262209884688681427e+01 -9.290494649681402706e+00
-1.105749116212752803e+01 -6.498371782300037758e+00
-9.803520501153553113e+00 -6.204479671886025116e+00
-1.081055140394405178e+01 -2.004328266216788723e+00
-1.172069069902818761e+01 -9.801374445151548542e+00
1.613764562241040323e+01 2.081762135824907212e+00
4.843568289331143362e+00 1.768555827297178862e+00
-1.145547782781125434e+01 -1.042029115852437293e+01
-1.172256811331036630e+01 -1.297214894561436260e+01
1.197179623625135969e+00 8.788021922804874819e+00
6.255534989817860492e+00 9.933333702428871703e+00
-1.401341083210176386e+01 -1.255461786999120477e+01
-1.348088430841868401e+01 -1.134407560327884212e+01
-1.823195007546744018e-01 1.041665910137530382e+01
7.079571083143894050e+00 7.123419178874695668e+00
-9.984451772636678157e+00 -1.185890331181765589e+01
6.148542433063430401e+00 7.021157569754747030e+00
-1.425862287471397849e+01 -2.352884195814995305e+00
3.532132661237437077e+00 9.090145163673120976e+00
-9.594498050578115667e+00 -3.231019138129916257e+00
4.393860762603252645e+00 1.009020516422463132e+01
-1.145074099919471244e+01 -1.313569477578905698e+01
-9.437461988473467400e+00 -1.276428903881232912e+01
1.534202955401873680e+01 -2.014743153967359479e+00
-9.408267727948775416e+00 -3.029366573018155151e+00
3.356973243745594804e+00 1.175082337529818588e+01
3.405092906591766222e-01 6.910075176826474319e+00
6.518003383049552291e+00 -2.605203935505392976e-01
-1.203971341715632271e+01 -3.045861383894644892e+00
9.567330633782109572e+00 1.902337630868746743e+00
1.635368068279348819e+01 2.807761207155382577e-01
2.360939479049983802e+00 8.933862215956391850e+00
-9.807673780103064232e+00 -1.002319384578162342e+01
1.189584590127233099e+01 2.801244285228052799e+00
1.182730578092409601e+01 6.121362353275850765e+00
8.972604461131034270e+00 3.332108296631410393e+00
4.741053601224645142e+00 5.890525267670700060e+00
-1.759384670803633455e+01 -6.377782560823766822e+00
8.393786908292369731e+00 3.556135417882880567e+00
2.565530380975855174e+00 2.705121373328271961e+00
-7.599534338329323901e+00 -6.812866616285774057e+00
-7.718006955456726104e+00 -1.011127603326671753e+01
4.348235131225558270e+00 5.064459338886292628e+00
-1.151295985479997874e+01 -1.179198593786754934e+01
1.615488711941324596e+01 3.143913535752564492e+00
1.792449676384456581e+01 3.215205632156123539e+00
-1.076104960997751903e+01 -8.507792254622545514e+00
4.059341852260760497e+00 7.143790340707329989e+00
-1.411228690954954246e+01 -9.435588678444730704e+00
5.190126629146700310e+00 9.413113800826463873e+00
1.551609261709475263e+01 2.400759283444616088e+00
-1.733448002715886105e+01 -9.866971273707564549e+00
1.565186883072585999e+01 1.136066719816240633e+00
2.966628908021701427e+00 7.790145980312728646e+00
-1.278475936873097751e+01 -7.971432859057551390e+00
-1.284736615844096796e+01 -3.306517237387067709e+00
9.008191075903004830e+00 -4.721966554457655008e-01
-1.539579477296992316e+01 -1.017310126043204477e+01
-7.528641332018298549e+00 -6.979654731408959201e+00
1.012886535256758869e+01 3.350489123995775476e+00
8.356623316421938341e+00 -3.554935972222054152e-01
1.662243690741134472e+01 -8.720153248924634726e-01
-1.471332600248623557e+01 -8.206797938283916238e+00
-1.338370690853280287e+01 -3.447538784149064561e+00
-1.623916518020967104e+01 -9.862203604296135850e+00
1.411400479900959226e+01 5.155439235421983568e+00
8.472711556740438965e+00 5.022289036016025499e+00
-1.155819226410839384e+01 -4.437249685369793362e+00
-1.656187814940826541e+01 -1.186278275728043852e+01
1.197415760663917439e+01 7.228127505521078078e+00
-1.554029438453177647e+01 -1.104928242434215591e+01
-1.866125066163093393e+01 -7.044048024668574826e+00
8.783039714306063672e+00 7.715631082308808786e+00
4.984304680114146180e+00 1.148898090644392234e+01
-6.712371514514525295e+00 -5.886315735656174830e+00
-1.821434446599392487e+01 -3.724510908614466764e+00
1.017141218628301580e+01 -1.764061897111529054e-01
-1.819131477177572620e+01 -6.804018933655345158e+00
1.867792096948693370e+01 3.389617613048979905e+00
-1.757009748065570776e+01 -5.552785219809946327e+00
-1.214738744745819155e+01 -8.346788943443733899e+00
-1.424446905037257416e+01 -7.359847418656280560e+00
-1.208008666403810949e+01 -6.006934202700472625e+00
-1.263183230597156204e+01 -1.490902692876152180e+00
-1.009436980399026496e+01 -8.985791642677279256e+00
6.017595398279062202e+00 4.040778852715578573e+00
-8.615347418671806423e+00 -2.757352571070568636e+00
-1.423438811270235860e+01 -5.218895273875959973e+00
-1.562828232678697127e+01 -5.211781966914790232e+00
1.330511211338266797e+01 -8.919783797529966529e-01
1.703714413600940603e+01 2.591079617777302668e-01
-1.619530442716068208e+01 -2.501855928545400065e+00
-1.493479709616994988e+01 -3.710440978142178103e+00
1.441612751379948243e+01 2.530068082709798993e+00
7.870464676719702624e+00 1.607635266843261634e+00
1.442349030916943242e+01 6.602172811500051086e-01
1.729998604162565812e+01 2.120933072650868390e+00
-6.388012930244906684e+00 -5.728336585306736062e+00
8.639846129651925111e+00 8.498766690692459491e+00
7.516310398623907929e+00 3.107934594636648562e+00
1.399952757796789848e+00 1.048792440833273965e+01
1.802539157872611142e+01 5.420166772820756762e+00
-1.337603881364829483e+01 -8.742176875014862958e+00
5.176690826347147834e+00 6.064509676287389794e+00
8.000664149624341803e+00 9.301792499821548432e+00
