-1.747036112126182417e+01 1.236412079048707113e+01
1.643676666548847010e+01 8.483039511618688522e+00
2.439764238906417049e+01 6.972210594087081825e-02
-3.064539471621160871e+01 -4.491075609836137517e+00
1.129970930508328841e+01 -8.768295109854708613e+00
-4.322073140003972469e+00 -2.929532607998682092e+00
1.185751118735392851e+01 -3.065027302213544136e+00
1.279541988009900777e+01 -9.915381117934446209e+00
-1.164438422096216286e+01 1.000716904435239663e+01
1.282967410892794113e+01 -5.431717335353478227e+00
3.701422500534540028e+00 1.090985730741133963e+01
-1.608482363829045525e+01 7.983376828398114355e+00
1.095650751492770425e+01 1.080308131284465034e+01
2.029588402335262387e+01 -5.308174730563282040e+00
-1.416713922568918527e+01 1.120206174544217781e+01
2.249738347083060930e+01 -1.923801111056437207e+01
1.957240747879233567e+01 -1.102459410923314920e+01
-1.746351002817009146e+01 2.554151558570087133e+01
-2.003221671787285629e+01 9.302155352100799135e+00
1.568175717905126554e+01 -8.469941560573824191e+00
2.019565979184236681e+01 1.360106191352979055e+00
1.564051532759540031e+01 4.853221442136096186e+00
6.448235028731462037e+00 -1.999282133999100264e+00
-2.324541941383067467e+01 5.280094637105327671e+00
2.822598422286420572e+01 1.124840788843889072e+01
8.154184157045843762e+00 -7.384064964761602567e+00
-2.633043795297411194e+01 5.570723127872781788e+00
1.681174954065599891e+01 -2.095776863471806584e-01
2.357162252053383966e+01 6.497190278142252140e+00
8.411879366310650141e+00 4.224353695634638584e+00
1.249775483883916571e+01 4.580708340889620089e+00
-2.921543552758365081e+01 1.029512950720028641e+01
-1.241885604039565827e+01 7.531545548890631103e+00
1.772741735355509718e+01 -2.309901244673874032e+01
2.914083768878963454e+01 -9.421167552752465202e-01
-3.248205388696701590e+01 1.109673001828101357e+00
1.799283823764089263e+01 5.819851399786664992e+00
9.739736921136503689e-01 -1.193060443486934830e+01
7.105417995031086953e+00 -2.483862209905986163e+01
2.707147226122086181e+01 -1.080444857390621927e+01
2.182459344094436915e+01 -1.111520775295069896e+01
-1.765806105967319439e+01 -5.790985085730433468e-01
1.026760232448632770e+01 -4.518354140755782566e+00
-1.986042338344400093e+01 6.711591565639732693e+00
-9.107281378884733769e+00 1.265974659282450565e+00
2.495350426552845668e+00 5.042209570705291632e+00
-2.276129294113285795e+01 7.460087474673327002e+00
8.026690332926905924e+00 -5.539235923313205134e+00
-3.380061444538329596e+01 1.312512146846840366e+01
9.748011357074084060e+00 -4.237179637941308030e+00
2.301273833292449922e+01 -1.520041818868675598e+01
-2.210042685348393121e+01 1.590793922895940149e+01
-2.217983090626868403e+01 1.982881357247359366e+00
-1.060847139189397659e+01 6.305724356740142866e+00
-8.309888669835094888e+00 4.082003769160534645e+00
-1.960024350067772536e+00 -1.122355663315727803e+01
4.661751101077065584e+00 -2.062473610211892705e+01
8.919011887033400754e+00 -1.065071271593544111e+01
2.228871009997492436e+01 4.012280578482536164e+00
-9.737749376312150318e+00 1.036765240809449651e+01
3.416776974335432016e+01 2.321296131440442778e+00
2.076093275931703985e+01 2.318598495073295407e+00
2.371930699209897497e+01 -2.201903459219412829e-01
-3.066051425271715303e+01 8.316368010981189940e+00
3.328993178129675989e+00 -1.881479129500072034e+01
-2.522112648367122389e+01 5.052731463239386045e+00
-3.184703463093942943e+01 4.646734866259489394e+00
-1.695865447980170027e+00 7.343955292859591033e+00
7.223288098778430921e+00 -2.206753579135384058e+00
1.701888266958650808e+00 -9.462407200261349516e+00
2.473579458862760561e+01 -6.646268376060108451e+00
-7.107782172280617594e+00 -3.910918157788835448e+00
-3.454324297417067413e+01 1.015885414328620762e+01
1.456776953216635206e+01 7.577492430317506411e+00
-2.744182512544113095e+01 1.306002759601013352e+01
-3.339909265900849533e+01 7.318653465006372372e+00
1.257890500835520697e+01 -7.484994255653090178e+00
2.686059539425729881e+01 8.710158255667744598e+00
-8.026628356535725928e+00 2.533685455130636299e+01
-1.412420504370205609e+00 -2.440810283479607534e+01
-1.179983470296725345e+00 -1.731102659556712808e+01
8.789196619190517978e+00 -1.886443255696596921e+01
-1.690678949681728227e+01 1.955182053549886589e+01
-1.323836597511393975e+01 -4.532883489866226689e+00
2.826744030337209335e+00 -1.589984592748230341e+01
1.370524894863519272e+01 -1.303741142017515209e+01
1.831991527812936127e+01 -2.117516246973758953e+01
2.867722826642560729e+00 -1.024849727609157490e+01
2.743513736614657006e+01 4.777529216153722835e+00
1.755639478476027904e+01 -5.540118791840950685e+00
1.074785295436564780e+01 -1.658667350463080581e+01
-7.160811958917958187e+00 1.243112990392953954e+01
-1.385892640646861018e+01 4.597574196232577570e+00
1.201666285630784259e+00 -2.047553725156966919e+01
-2.364017749175270211e+01 8.959431854253422145e+00
-7.794838126831287184e+00 -6.890927420721950192e+00
3.145046674043069146e+01 -1.206928716704426563e+01
1.893602600819679083e+01 9.025984259277068489e+00
-1.081032532656576883e+01 2.254903862743117315e+01
5.618403417217622042e+00 -1.917130711317518887e+01
2.439521074439990045e+01 2.691871296987602857e+00
-1.284220645937669758e+01 1.342415720152556169e+01
5.333522596297337159e+00 -1.120726137286552238e+01
-1.052935618817508612e+01 1.354903060311095331e+01
-1.941049151650601701e+01 -5.546284337262779474e+00
-8.511730027543366717e+00 2.303636993192001547e+00
-1.995437450073583463e+01 7.870591752445314171e+00
-1.139825857774182971e+01 2.649738503026512859e+01
1.096700285013213438e+01 -1.585198969094943244e+01
1.788956680843845248e+01 -2.709259777216834308e+00
-9.892344610557605833e+00 1.957478683148067589e+01
1.915908957053938266e+01 -9.514302159860333674e+00
-2.071300567149507543e+01 -6.098567873571654196e+00
1.525353932556473957e+01 1.703845792708029494e+00
1.106480640365749046e+01 -1.354166954332768569e+01
-1.982972078698290730e+01 2.102279959654219965e+01
-1.648612806789461516e+01 1.000344275845851705e+01
-1.660826259213384759e+01 1.510469465828974300e+01
-1.413642661708327175e+01 1.662393210503354624e+01
8.441612916469836136e+00 -1.527759466743399486e+01
1.543755916929926997e+01 -5.822236747185769445e+00
-1.033658460805286872e+01 -3.109059713406572278e+00
1.652604327707796372e+01 -7.039868789495113965e+00
1.897925411450942690e+01 1.079485093900097681e+01
-9.040767515086811201e+00 2.500877789324832889e+01
2.558206578978239332e+00 -2.125032004136826558e+01
-2.692787526342721804e+01 5.041658969541219726e+00
-2.440970787798815778e+01 3.261678488385633568e+00
7.888455226366422046e+00 -1.981661201339933598e+01
4.809131916739143975e+00 -1.519534952846350251e+01
-1.612376343667463985e+01 1.772690826875001946e+01
3.729068147853881410e+00 -6.278602651791628908e+00
-1.610160146898787303e+01 2.194843635660784642e+01
-3.426753013736077946e+01 -1.779082637397825239e+00
-1.350933020575138777e+01 1.461804011196845643e+01
2.277621961239670156e+01 1.380476317670051500e+01
1.325760511146455656e+01 -1.890273796249643468e+01
-2.792092961382246941e+01 1.382834848410282191e+01
-1.860992165885509664e+01 2.136582665123710001e+01
1.637592871804948302e+01 -1.687335789074548842e+01
-6.382010534911193300e-01 -2.491539669677258573e+01
-1.818041199984369172e+01 1.720411946960022220e+01
1.566636539503946146e+01 -1.610994619761320834e+01
-6.260709131636992275e+00 -7.690671707624363584e-01
1.286919447039234399e+01 -2.602453739750428241e+01
1.224078471290789238e+01 -1.192314269915966563e+01
-1.096822164199314820e+01 1.646267924729957954e+01
2.737574967567190853e+01 3.226638715975611582e+00
-1.425651177847659135e+01 1.508217619065089998e+01
1.875811286431725833e+01 4.809579464212574429e+00
-2.842333565208177859e+01 1.497198024754405132e+01
1.354051831637300118e+01 -1.596373603291207388e+01
-1.551074304567806195e+01 1.719598148838969109e+01
-1.231169128769675858e+01 5.328329891039695898e-01
9.719815604400439568e+00 -1.972866379624108291e+01
2.374268787130993985e+01 -7.976138552527267223e+00
2.396187406305837087e+01 -1.788110313934003059e+01
-3.185832773914043869e+01 1.718733080377293732e+01
-8.863280701015906260e+00 1.674171278237483662e+01
1.950204575353760106e+01 -1.645551870963884866e+01
-2.958713279197437984e+01 3.221634532583263155e+00
1.731876395931404389e+01 -1.333259769236723002e+01
-7.120683094930237544e+00 -1.124388577586896609e+01
4.804981695499996874e+00 -2.392494295642907431e+01
3.114824299223339921e+01 7.847025501821957683e+00
6.518069999730349728e+00 -1.444740576682358757e+01
-1.244435481558133105e+01 4.725933863924614897e+00
-2.349505390348739908e+01 -5.364235203864081036e+00
3.187365649174919824e+01 -7.097331502101613232e+00
2.109746047954660497e+01 6.974581695274319593e+00
2.814771776467496878e+01 -1.739268878111156624e+01
-2.607749096628997165e+01 -1.217329633146368550e+00
-2.911169499145772122e+01 -3.972863388250841066e+00
-5.745425163342343655e-01 -1.818329612999137979e+01
2.305124344713075146e+01 -2.455947752485376778e+00
-1.720720292005971430e+01 -4.969574227445872516e+00
1.117964893730622400e+01 6.488589857113238324e-01
-1.982005030172553717e+01 3.424827511527064328e+00
-8.546062699721566902e-02 7.400100309553369060e-01
2.070523806162105629e+00 -4.251349945303187994e+00
-1.453709279448731984e+01 2.055612702869881048e+01
2.373136016897844058e+01 9.180823635220669132e+00
-1.860605229700290408e+00 -5.192332480480187584e+00
2.537256324487407610e+01 -1.341061975798281836e+01
2.918536735459750986e+01 -2.721587707637998843e+00
1.852388540747885060e+01 -2.038666963372241625e+01
1.958394767093309952e+01 4.859373362380452477e+00
1.868663050147912585e+01 -7.427141891575936405e+00
1.731359611561385492e+01 1.107273602081239261e+01
-1.271059408766347598e+00 -6.304401369257686127e+00
-1.381642707913648138e+01 1.916632498238922011e+01
-2.084241781943183014e+01 -7.356420386381955723e+00
1.492553525329779518e+01 -2.292209915213101823e+01
-1.199115138589305118e+01 1.773373832234898373e+01
-5.724263612729655115e+00 -3.596728110910693221e+00
-3.143514732219780683e+01 1.055380836809486844e+01
2.795168516820678128e+00 -1.395866968097527483e+01
-1.339091123672544725e+01 2.492862177682894753e+01
-2.903409764623692979e+01 -2.039847474145243922e+00
-1.740523094676149629e+00 -7.645809056094199363e+00
-6.937260970052714804e+00 1.286644389055047100e+01
-2.219599816514239876e+01 1.044569780286405525e+01
4.902090611742585757e+00 -1.053132650113802304e+00
-1.901864425628423305e+01 1.379961379182271486e+01
-2.508694702046310354e+01 1.756802337964185412e+01
-1.256537698715027318e+01 -5.739426459265068559e+00
-2.114037009036426440e+01 1.989348242866622840e+01
5.484017622955085436e+00 -2.231637251566035829e+01
-1.090451064914439705e+01 2.348891197667091646e+01
-1.205049036206401425e+01 1.523340257177420476e+01
1.674459716687507793e+01 -1.100360390136029309e+01
1.303454095150502212e+01 4.209235694833259878e+00
1.834572950609635811e+01 1.458992423701772179e+00
-1.520473571618799902e+01 2.017696439893745808e+00
2.247293515348363258e+01 -8.133106251695684463e+00
1.290524203665930969e+01 -2.723612823791193094e+01
-1.579915632670486403e+01 2.011547685355471415e+01
9.632436322272225127e+00 -1.180008136820928222e+01
-5.159316124632266742e+00 1.694321507520108483e+01
2.478996487024945239e+01 -9.334805619002390031e+00
3.968570793774814920e+00 -1.512087104794996328e+01
-1.443326871112013521e+01 1.261995965811425258e+01
-3.347510534090288559e+01 -1.047370682032476408e+00
1.421263127502865764e+01 -2.183918833587525299e+01
1.336426530810038926e+01 -1.925680632392442959e+01
2.612899488691483896e+01 1.088522772133507743e+01
-2.403366428754324957e+01 1.231348673668158433e+01
-3.035933538875864812e+01 1.811465904196426990e+01
2.528185914896252129e+01 5.421569410886472262e+00
1.993309049840125979e+01 -1.059134686260124303e+00
8.438933276802236705e+00 -1.033447130467126307e+01
-2.581648771170872436e+01 8.962478284365831271e+00
-1.952327330157705276e+01 4.383180574786430528e-01
9.562544616177591550e+00 -1.689747652263392297e+01
-4.152210703994141383e+00 -1.124654410306072716e+00
-1.689132924964322768e+01 5.212601888263125538e+00
-1.641032225983275339e+01 2.930839379832888891e+00
9.318452682005556653e+00 -1.161518673267595503e+00
-2.715504805257128140e+01 1.161378234739428139e+00
1.377233778640178663e+01 -1.203646002602224563e+01
2.296671305123278728e+01 2.182654247665479552e+00
-2.234168821268981375e+01 -5.611529162269230930e+00
2.189653129337329318e+01 -1.404043261984564772e+01
1.913763820504705748e+01 1.411097147249454231e+00
1.333074064644140400e+01 -4.642282106251322205e+00
-3.154119645046593590e+01 6.273575744001099963e+00
-2.385339500854219974e+00 -1.485609001803417151e+01
3.073396737606291396e+01 6.524321656693560456e+00
-3.438831090712066274e+00 1.185697030017547249e+01
1.057678623432296483e+01 1.404412326779650888e+00
1.504828729557412537e+01 -8.059620462808013031e+00
-2.158318711413265234e+01 1.377358339359330408e+01
2.835800342264810325e+01 6.752284672658948494e+00
1.444775120101445864e+01 -1.157446695418567373e+01
1.618063085813016144e+01 1.274821013168255357e+00
-3.379248267335153599e+01 -4.162010535464108152e+00
1.854139535498410751e+01 1.545398443441623648e+01
-1.757143509592591712e+01 4.593133244448366348e+00
2.162083262491409030e+01 1.024916244139431321e+01
1.277656834085511051e+01 -1.984788772108180055e+00
1.030161231962818036e+01 -5.970482692701311933e+00
-2.868823339778059633e+01 1.058526605746684668e+00
-2.499535645005183682e+01 1.116248667455368526e+01
-2.477864378102403364e+01 1.304182494034871986e+01
-1.861075341534514038e+01 1.617718731685039435e+00
-2.770905423640639498e+01 1.022831258912378871e+01
1.519333683377996103e+01 1.093177399715523102e+01
2.815391497082169892e+01 -6.500613473774067508e+00
-5.633665359758811775e+00 4.064627322829317713e+00
-2.185709286624284786e+01 1.961001139238408086e+01
-2.434012180383781043e+01 6.416840849753768339e+00
2.314609625678611238e+01 -4.678719397912388445e+00
6.572585854432769992e+00 -8.824838697282425315e+00
-2.568751468104318647e+01 -2.294443181721713465e+00
-2.332958860670596835e+01 9.491889682279508023e+00
1.107808399287086587e+01 -2.521831123453910450e+01
-4.294964324852477588e+00 1.129446562578142377e+01
1.524942979224422146e+01 1.220374492420739010e+01
7.337014293725575342e+00 -1.250406422335793977e+01
-2.112390523433398570e+01 5.879395630763214697e+00
-9.788356507665394446e+00 7.089568009044706187e+00
-1.163896131111680887e+01 -1.578599590129219077e-01
1.147325284075979113e+01 -2.273039787775069698e+01
-3.256055466396595932e+01 1.675676181810227661e+01
-2.686773057909129037e+01 -7.810955555529692340e+00
1.369205535113175287e+01 9.970618750157489885e+00
-5.658542419584757788e+00 1.727768102213030943e+01
-1.206326612639587914e+01 3.634703074413393242e+00
1.503460440962457945e+01 -1.047851123621222769e+01
-3.508859077315713648e+01 5.757876796592728219e+00
-3.542701990790389743e+01 1.346579880128172846e+01
3.044069126660605562e+01 9.901767178621806664e+00
1.976066567994448064e+01 -1.891872627653218952e+00
1.829092215359938578e+01 -1.305010848934056966e+01
1.307674552170762716e+01 9.743892564101935605e+00
2.237506898295085378e+01 -2.251846051942646554e+01
4.162313140842659465e+00 -7.356462731762841933e+00
-3.286596700242893832e+01 6.792023369621263740e+00
-1.584439671552929418e+01 8.635642460170306123e+00
-6.963438760863820853e+00 6.118940730504783154e+00
2.223485729970411384e+01 -1.162099624325145086e+01
-2.484402943880711234e+01 1.484273274685026323e+01
2.386153023348865077e+01 -3.745583889447711812e+00
-2.706906580325965095e+01 7.041581275569556375e+00
-1.406636458315255567e+01 8.445841662353167578e+00
1.568671593276620158e+01 -1.340758881753174769e+01
-1.781235753535878175e+01 9.497698999652641749e-01
-1.223195741112301427e+01 9.665138910909142567e+00
1.947616704731538917e+01 -1.557076107930245357e+01
4.983978303039165780e+00 -1.105709038645079545e+01
-1.921843402421882985e+01 1.253555067096631248e+01
-2.247791088470938092e+01 1.673950983873700338e+00
1.702988704918114493e+01 2.984004608302781580e+00
1.507050430964825338e+01 -2.675053733369172182e+00
3.317260905964316464e+01 2.358165338552837831e+00
-2.059599271119138209e+01 1.162361391891817419e+01
-1.532616238165652733e+00 7.391242245881250561e+00
2.708591239019948560e+01 2.540674721465011388e+00
2.996636392349738642e+01 4.294195760929234496e+00
-4.484795259458782546e+00 1.117352922915918700e+00
2.344144172426275574e+01 2.108827730817295798e+00
3.180725322559017698e+01 -1.236403185753655087e+01
-6.776007114551847899e+00 9.145976613217417395e+00
-2.133735358082708444e+01 -1.534206510059016315e+00
2.198742688183599370e+01 7.081758072569767748e+00
-2.987538175368522886e+01 7.077300009210549803e+00
-2.567757686242086379e+01 1.822548057321353454e+01
-2.422757828770120980e+01 1.258705127455219452e+00
7.477662677915507317e+00 -2.626328925058061614e+01
2.717456836101078110e+01 9.753933180067464903e+00
2.538323057150003947e+01 7.082634322285646711e+00
-1.851838626479899119e+01 7.916173344451947536e+00
-8.264471678972199697e+00 5.324534917525604705e+00
8.159457404522154178e+00 -1.405411402748794814e+01
3.126079625522566730e+01 -1.051092704262789557e+00
-3.121907474448292774e+01 1.176389699408650813e+01
-3.316721048896003055e+01 1.197567624919549978e+01
3.896517420014354638e+00 -2.446888990021676591e+01
2.303372252123709529e+01 -1.418832563227565657e+01
2.538738737469191165e+01 -3.734108259515599659e+00
2.880405553726691537e+01 -1.150381757747002548e-01
1.493190808764799904e+01 -6.924770359292654609e-01
1.006916720952646926e+01 -1.855552934823910505e+01
-2.225330124546222166e+01 2.426971611672794893e+01
-2.601453913608700930e+01 4.093697288940136292e-01
8.856637644039896173e+00 6.724134274400872080e+00
-1.614993961394647215e+01 1.396066198620247256e+01
1.433433489429435603e+01 -1.798741522135836846e+01
-2.551534605137066425e+00 -2.372430448591505936e+01
2.565584474575256380e+01 -4.059807713396720308e-01
7.126589417445289065e+00 -1.753311764179670362e+01
-1.501292845159058587e+01 -9.929507610857191136e-01
1.444353754797721834e+01 -2.527230686531745718e+01
-1.080903444241352851e+01 2.443973582237828879e+01
1.047281387676336450e+01 -1.813973223398338552e+00
2.338534381002938645e+01 -1.783277979312826744e+01
7.432470846963002309e+00 -2.120802426004688002e+01
