-2.185811107963026956e+01 3.042834460665017460e+01
3.873104750528906948e+01 -6.212694347942650630e+00
4.179727571358764493e+01 -1.264189428990354536e+01
3.523667713986797168e+01 -1.398863860874840448e+01
-2.367519165279361815e+01 3.226566843964002373e+01
-7.847628311339442497e+00 -5.016227634478887154e+01
-1.872189838238982418e+01 2.066953576939220127e+01
-2.072570652677390513e+01 2.009602224761987799e+01
2.497310510909278491e+01 -2.003014390084884155e+01
-1.146320151646077701e+00 -3.967127949555369071e+01
-1.968067910224021588e+01 3.504823675546980155e+01
5.971498974007258376e+00 -3.070072642051977851e+01
-7.407453021900460843e-01 4.897511026084104913e+01
-1.097944014967512061e+01 2.197907090859992252e+01
4.212430407637649665e+01 -2.564840423637339129e+01
3.606043579718280512e+01 -1.751508059327347056e+01
-1.723270354658885850e+01 2.315498734901926170e+01
7.731197021790525703e+00 -3.271538967205552950e+01
5.151177025907703211e+00 -3.759694750601798319e+01
-1.703906413327388947e+01 2.232870896399090554e+01
-5.231275761912606015e+00 4.133882091432632677e+01
-1.390929680596712359e+01 2.367263521194145426e+01
1.010147939616705237e+01 -3.834713853846341891e+01
3.495001467439868748e+01 -1.724404609900043539e+01
4.232223539298880866e+01 -8.149632044725267477e+00
6.321004649980461743e-01 -3.660887820362631828e+01
-1.077295434976296651e+00 4.727202852909754682e+01
3.574249902110602051e+01 -2.326066267956886335e+01
-4.986962803712661874e+00 -3.590095684902139084e+01
-2.613098830707633269e+01 3.391120945644836837e+01
-8.755948734498984365e+00 4.555372155368222309e+01
2.305900788439744886e+01 -2.741329023988746627e+01
2.688786041280672379e+01 -1.658118238067077854e+01
4.133353117003953514e+01 -3.068145580461148381e+00
2.707960827308976803e+01 -2.711341374252003433e+01
-3.194119038405263566e+01 4.402051760224317434e+01
-1.451427401815804430e+01 2.352930764184588242e+01
7.293967549043181897e+00 -3.633476446632083423e+01
4.083834643115286411e+01 -1.090981045521128578e+01
-1.709792997853342200e+01 2.941492982395325129e+01
3.939117532343359329e+01 -9.145556015939360961e+00
-8.388167500784643238e+00 -5.085108588974403432e+01
-5.750744748830512343e+00 -3.874822988182151562e+01
1.599914043249525619e+01 -1.879308232886958407e+01
1.932507087791650591e+01 -2.653319442408747264e+01
-4.210179479811182901e+00 -2.441135650552031677e+01
-4.804396664581638277e+00 4.843043919739044156e+01
1.345021827418409366e+01 -2.376079875875485925e+01
-1.234929388410323448e+01 1.545435031574681695e+01
-8.543758903897275658e+00 2.680064390888517423e+01
-3.244699936853376876e-01 4.990951028628666108e+01
-3.722401011169956142e+00 4.744901663022169913e+01
1.627081096144545214e+01 -1.936848932848936755e+01
-3.071170415049541358e+00 5.488580399561669765e+01
1.227273723169576769e+01 -2.625385171719028676e+01
2.475697946258099336e+01 -2.955954947287021994e+01
2.271896873750336709e+01 -2.402399762656462201e+01
1.625380859673001410e+01 -2.749617285461471283e+01
-1.207791715619200978e+01 3.447800439208654666e+01
-8.296332267357870549e+00 3.366108972252976628e+01
9.012241154070352422e+00 -2.870148102883361219e+01
3.859943245653342814e+01 -2.263559464136951505e+01
2.282254293225478570e+00 -3.866124321676674214e+01
-1.197869632251403615e+01 2.441331402451057286e+01
-1.808705303571014511e+01 2.954964082954180427e+01
3.095636226191494256e+00 -3.905084963103939089e+01
-6.567790565256538926e+00 -3.725890689080719653e+01
4.039500135269138426e+00 -3.760284066406129000e+01
4.112836208445764186e+01 -9.008532702982833484e+00
-1.917132014813330798e+01 3.264514006296645476e+01
3.657294599757258169e+01 -1.862654583069188163e+01
3.363857974921032934e+01 -1.564968981352492960e+01
3.566689831890522555e+01 -4.490088812512897043e+00
4.048564967856543717e+01 -1.698069573564095691e+01
-2.513554150032512169e+01 3.696353792987154208e+01
3.787141085031458942e+01 -9.795449105028831482e+00
2.463091748953430837e+01 -2.248973779578885868e+01
4.592446820787771777e+00 -3.600418036960795831e+01
-2.438741972175297335e+01 3.798274522208633641e+01
-7.711035065879475958e+00 4.451359295289957885e+01
-9.143528914741390068e+00 4.358671794948624978e+01
-2.859162483286652456e+00 4.278550580670673043e+01
-5.753368249241843202e+00 -4.233587419045651501e+01
-5.051087760097964008e+00 -4.146894616880863538e+01
2.936799869595227719e+01 -1.978929731684710802e+01
-1.388230277604518825e+01 2.186455455181769025e+01
-2.971515237647384211e+01 3.896360440646986234e+01
3.885986515706654387e+01 -1.946930900398950115e+01
-5.859350941560734327e+00 3.978189753741299484e+01
-2.261042369233526728e+01 4.546709458549462113e+01
-1.115929893735012168e+00 4.571125462015919538e+01
1.408743017334673553e+01 -3.318090984562962120e+01
3.499437259816105694e+01 -4.215040473871630944e+00
-2.952976661869119823e+01 3.474375761429207898e+01
-4.880780051565527522e+00 -4.734252632777237579e+01
-3.291318463892582002e+01 4.318157485667830997e+01
-1.663467692501024331e+01 -4.781192549448780227e+01
-6.352123040189429304e+00 -4.805307222333750872e+01
-9.478251612721807717e+00 -4.864276312707472272e+01
-3.233653378935161271e+01 3.325049535733173656e+01
-8.336629398896219456e+00 4.010152856850326941e+01
-3.138577994563176787e+01 1.995341847770208332e+01
-1.701773034410956598e+01 -4.701050710630043739e+01
-1.498672571120219210e+01 -4.572035870341375130e+01
1.186570247843945403e+01 -3.017100907514716823e+01
-4.362286803982018846e+00 -4.878296164837168902e+01
2.735223021200907212e+01 -1.402363775104996435e+01
3.961686506084578951e+01 -2.287801811427129550e+01
-6.477649402168680126e+00 -4.970297658725490209e+01
-3.143147604890598856e+01 3.263927372450265807e+01
-7.654849194171959859e+00 2.048149341498904263e+01
-9.019757236073324691e+00 -4.564228497028238252e+01
-7.640320220760231651e-01 4.340071013886356610e+01
-3.202209777200371121e+01 2.547505616267409678e+01
2.174587153316151245e+01 -2.449330157191861446e+01
4.052468410684598865e+01 -1.289070607656453404e+01
-3.080192635220123520e+01 2.769250671949875908e+01
-1.205145012194850374e+01 -4.710035191839435953e+01
3.778488155741772658e+01 -1.186547813071647184e+01
-2.309124462336325934e+01 3.024256197440889693e+01
1.984812761255466285e+01 -3.032855412877906787e+01
-1.995911952770356379e+01 1.931326038675220857e+01
-1.703310264038834276e+01 2.595719983872929504e+01
-1.508604024382510467e+01 1.847301814653447494e+01
-6.794234344780432089e+00 2.145914007929517808e+01
-2.448692688252651450e+01 3.028384140244523692e+01
-8.113705148741699347e+00 -3.206725869716774469e+01
4.107724683528901011e+01 -2.070221608163950222e+01
-2.457774830108630226e+01 2.936285809142568937e+01
-8.476632101936711905e+00 -3.209789506635581802e+01
-3.611829514558621002e-01 -3.704573121487766940e+01
-7.449566293253659488e+00 3.231041840614312122e+01
-2.577814591475249628e+01 3.160542589440552419e+01
3.257595233118528455e+01 -1.806970689211008718e+01
-1.008946793375112527e+01 -4.921377421713224010e+01
-2.887937973480221032e+01 2.148528831600213351e+01
-3.046231419435859422e+01 3.794595660553321181e+01
-2.747653555130654368e+01 3.342452887732895306e+01
-3.216091505069854151e+01 2.830677288448839235e+01
-6.892146864324082856e+00 -4.542073890049697837e+01
-3.297656335513332149e+00 -3.438489029848519607e+01
-1.730277997768988740e+01 1.812197943033337566e+01
-5.922581975345845073e+00 -3.979468975279925047e+01
3.403760277831099046e+01 -9.187143234395515279e+00
-2.758366158279872948e+01 3.380500037947324188e+01
-6.849390817964176037e+00 -3.930345876366187952e+01
-2.833141200522199199e+01 3.507619971176259810e+01
-1.386057149001841360e+01 3.999987038698947828e+01
-2.508995046038426491e+00 -3.530056378755243429e+01
-1.426623161978971943e+01 -4.358715672017304144e+01
-3.311315200918946289e+01 2.326408008351747725e+01
-2.323013990079493496e+00 -3.447062883368261055e+01
-2.587982202071843219e+01 2.748043721180826893e+01
-3.006038062370164354e+01 2.988805499364858420e+01
-3.017583758049203624e+01 2.483448686604748445e+01
4.029973937601850054e+01 -5.051579881768117453e+00
-3.776309652977361875e+00 -4.243484827838084072e+01
-4.650212586006353677e-01 4.397430714122134532e+01
-3.209056257939703016e+01 2.182334613488147923e+01
-7.763492000437528517e+00 -4.646046232122438369e+01
-4.790594166152287059e+00 -3.974092419142624522e+01
2.908576403410340205e+01 -2.288154883602389589e+01
-3.064649198388579521e+01 2.019008352189981181e+01
-2.852039190434204130e+01 2.868874896333798930e+01
-1.011085701601411380e+01 -4.644324207227978718e+01
-1.115398106299026537e+01 1.848942796475878225e+01
-8.659141122814268954e+00 -3.724172851146079211e+01
-2.462674467673807044e+00 -4.544320364909566479e+01
-3.267723198615624369e+01 2.670030487219081650e+01
4.307131872540242767e+01 -9.458894640228390216e+00
-3.010071837429180164e+01 2.216194086765661098e+01
4.256998507699304923e+01 -2.434799697976163202e+01
6.016326432887719733e-01 4.310639988765955621e+01
-2.917557868970615864e+00 -4.631696788179758784e+01
-3.204662568175336190e+01 2.252306607399308547e+01
-1.095180529588363072e+01 1.890166116120184725e+01
4.356653267348474401e+01 -1.722154877750075386e+01
-1.093130877507583953e+01 -4.252369116979518537e+01
1.738023345515325246e+01 -2.438174223604388047e+01
-3.674834944556751282e+01 2.755316831703230918e+01
-1.096782543885121974e+00 -4.792008699365389646e+01
-2.420968941475146519e+00 4.781058861223905154e+01
-3.642239705021407303e+01 2.760635549234873665e+01
1.112755119073628585e+01 -4.115610188617033316e+01
-1.032497719871982689e+01 4.811880884012494874e+01
1.999558037759697626e+01 -2.261199435761498933e+01
-1.212956304700002486e+00 3.715111346086128918e+01
-5.726190848734236560e+00 -4.521641852419138985e+01
3.502429845093077176e+01 -2.307997404359584337e+01
1.111756292167883231e+01 -3.033014944814648217e+01
-1.523428241545817841e+01 -4.477941818784191241e+01
-8.668053762291862085e+00 2.164216024279312833e+01
-1.215340551494523069e+01 4.173433575553237773e+01
1.418741611992104446e+01 -3.893261939279616968e+01
1.493429032186539906e+01 -3.614976092995584622e+01
3.010837957526070241e+01 -2.087409830257043808e+01
-3.720463980345590116e+00 -4.785813240935095791e+01
-1.691592235705731539e+01 4.079389829856460636e+01
-2.704154344651960074e+01 3.552127548317731254e+01
-8.033733778586650942e+00 -4.301403910081604920e+01
2.463783248209828258e+01 -2.860113486472559785e+01
-2.852485936639943986e+00 3.396097325698399771e+01
1.918234417981291529e+01 -2.053667914524574556e+01
-4.807418733931202226e+00 3.548212446534398623e+01
-1.362520661343390849e+01 1.568177114909194181e+01
1.778801077498970074e+01 -2.067025131988912179e+01
-2.486273967579700184e+01 2.333542933125039909e+01
3.511148510357112684e+01 -1.038484833202074853e+01
-2.407391450939050870e+01 2.158263952507643069e+01
1.189371205671660903e+01 -2.456412707819264796e+01
2.287228989821985081e+01 -2.174195915739647944e+01
-5.741777270362619312e+00 -3.079080027123642438e+01
2.634645157717853081e+01 -1.768375738628408556e+01
3.765071923273276155e+01 -2.312912976091408268e+01
1.689626453591136723e+01 -1.724421319145688258e+01
2.756065927693773787e+01 -1.722096268002150055e+01
-1.837029008798010121e+00 -2.703127895501229716e+01
-1.615368378159640272e+01 1.844045896206145585e+01
-1.528142087679110439e+01 5.014250822296799015e+01
7.104821669012962637e+00 -3.280828091378530331e+01
-2.032935909704184585e+00 -2.959038927062351831e+01
-3.468639117484823942e+01 2.369853730048896168e+01
-2.367052217572588901e+01 2.096276057317757235e+01
4.178553613634592523e+01 -1.785827283227396833e+01
-2.780451791379456239e+01 4.251258211524393715e+01
-3.650637769946007083e+00 -2.716804878738718187e+01
-2.387808787882048378e+01 3.918561886348780376e+01
-1.453922650797560046e+01 4.710211005153387021e+01
-1.507511207318217972e+00 -2.913742087044864348e+01
-2.310801852616455321e+01 3.751315068237109074e+01
-1.201805399942444197e+01 3.162107292428512295e+01
-3.503521456780925192e+00 -2.549680701256506410e+01
-2.291268743377963446e+01 1.961522929085599642e+01
-1.258105540178728887e+01 4.940461099643945886e+01
-2.347947224702151914e+01 1.964543402378538062e+01
-3.147999751455631312e+01 3.181226175500963649e+01
-2.251290209956466615e-01 -4.214387600676254664e+01
-3.257189344778640105e+01 1.936165807138575801e+01
-9.555498295384836638e+00 -3.459170428647756523e+01
-3.211481166108470120e+01 2.971447137976241848e+01
7.694386993955101062e+00 -3.575879659084114337e+01
3.240318775279678221e+01 -1.531310881869922191e+01
3.978988868973009829e+01 -7.624566087775427548e+00
-6.080818460214778121e+00 2.121267610163758377e+01
2.311028152134772284e+01 -2.834953421590691391e+01
1.050786723233686537e+01 -3.991684959032019719e+01
-2.923823474116814225e+01 3.231208119866610673e+01
-3.345233854657495698e+01 3.085153740119861254e+01
-3.987572434371332020e-01 -4.834353201919105913e+01
-3.423831770068769487e+01 3.533349560890793128e+01
-2.210738424139357505e+01 3.646905524216842309e+01
1.434104848490940221e+01 -2.788476605162811239e+01
-7.890942295686210528e+00 -3.360178515878575922e+01
-3.400483097515328268e+01 3.335712118105489310e+01
-2.886945139657755277e+01 2.950550707835300912e+01
9.942828869718459472e+00 -4.071618436992105217e+01
-8.104083622384520069e+00 -4.525079742302870045e+01
2.887899211792096210e+01 -1.463753401298418666e+01
-9.310888574928874561e+00 4.141829756752200353e+01
-5.498509138159755061e+00 3.995822335883431009e+01
-1.726176895940496081e+01 -4.456349815727114816e+01
4.230367938976056763e+01 -1.105424269698476891e+01
3.837713778424934219e+01 -1.095422562284230317e+01
-9.645885976803254991e+00 2.148904008356268847e+01
1.892757881671165432e+00 -4.165401806994454148e+01
-9.915754251235105343e+00 4.538140619671735010e+01
-3.414488258669900134e+00 4.079757534239210770e+01
-6.387023142262834519e+00 -5.167122827611484581e+01
-9.096929872128763250e+00 1.670500246540993672e+01
-1.023380959134501111e+01 -4.481446645196198375e+01
-2.061451589341342228e+01 2.912125602536231028e+01
-1.672361434867242025e+01 2.644233819910505900e+01
2.107817002620135938e+01 -2.279420744634581553e+01
-1.798632709836677179e+01 4.065027388608530146e+01
1.095077447782638203e+01 -3.771001265138718850e+01
3.182977790737106361e+01 -1.765215768707657773e+01
-1.455299885214591171e+01 4.948827201012435495e+01
1.053948127177635463e+01 -3.163269311247823623e+01
3.931984979533810076e+01 -1.634918215108356776e+01
1.826074850200081201e+01 -2.755358832040179351e+01
-2.267879458790969238e+01 4.522208162140641008e+01
1.000366580016318530e+01 -2.975674285190680024e+01
4.069062366311500512e+01 -4.186112373481772231e+00
-3.358218458815886720e+01 3.809388405002049893e+01
1.194319342960201702e+01 -3.595045769704813665e+01
1.096818487309046830e+01 -3.621039201768077476e+01
-7.784501316602174370e+00 2.893954273724407500e+01
3.803463208464096823e+01 -7.676782378779235749e+00
1.988014141787634514e+01 -2.936291915064388647e+01
3.998686360412835228e+01 -2.169742198111726950e+01
-1.423858111783239444e+01 3.764482411717568766e+01
1.296250416567547248e+01 -3.566097052622892960e+01
-1.336766963355135651e+01 3.279634694675871742e+01
3.587293312190524830e+01 -9.540610231342562031e+00
3.869645856981728826e+01 -1.744965805638439704e+01
1.872508188991722733e+01 -3.111279811249624316e+01
-1.254543682606936805e+01 4.689130726571046637e+01
-7.211016948913965940e+00 4.520824904037031189e+01
-8.873288560570019357e+00 4.850172974875670207e+01
-4.456962433380623700e+00 3.633610566658509100e+01
-1.556939689306651431e+01 4.141464796911278512e+01
4.373518007409678177e+01 -1.079656503514337018e+01
1.330259772997805889e+01 -2.881112410453564010e+01
-8.285700888952138854e+00 2.511858931711195808e+01
-3.174466445110882162e+01 4.396647322870374097e+01
-7.999810800287614931e+00 4.194954872126199064e+01
1.391799708317851092e+01 -3.016218763541475667e+01
-8.253669995420946925e-01 -4.698393242791483004e+01
-1.783364794719103941e+01 4.153838752769884479e+01
-2.561528069462809754e+01 4.363638497672889116e+01
9.212433058515618001e+00 -3.175003083695920836e+01
-1.452193644139422979e+01 3.284377269441367986e+01
3.670188370694535251e+01 -8.392928985640395467e+00
-1.129132472316561397e+01 3.740795580784541130e+01
-7.513321009872568901e-01 -2.822003591595400351e+01
-1.058602764375671512e+01 -4.148174050983440964e+01
-1.283742022987072318e+01 4.824029697612198930e+01
-3.054196316246260867e+00 5.246892133741638986e+01
-1.311166422155051947e+01 2.589136817904482868e+01
-1.370313644490290450e+01 3.194772677357873647e+01
-1.473357517575653652e+01 1.526869509117142698e+01
-1.397691093523052608e+01 2.854389626220774545e+01
-5.157267995257333482e+00 -2.979259872727622493e+01
-3.066294734368675723e+00 5.607132073238221182e+01
-4.923351394116839863e+00 4.323779424037540764e+01
-1.436462578440587201e+01 2.999923884362774018e+01
-2.162631111480655477e+01 4.373183633151048610e+01
3.552556891944456652e+01 -1.533460641745908681e+01
-3.315430253145635220e+01 3.522131915593617890e+01
-1.321283687634227633e+01 2.706042102922681281e+01
1.673614550344942842e+01 -2.969220007705647291e+01
-2.417637516266968234e+01 4.432952831891081047e+01
-2.346529936463946342e+01 4.042837517454425011e+01
4.213667645945323414e+01 -1.664649583295483737e+01
2.931901049815365567e+01 -2.210550332510197435e+01
-4.688492577847755527e+00 -2.876636034741870063e+01
3.955914896443855611e+01 -4.111314173336944933e+00
6.339324142091694592e-01 -3.839537365271739588e+01
8.668846268600605143e+00 -3.775936009051886089e+01
-2.400066695262446714e+01 4.546077455150614810e+01
-7.689385018631277546e+00 3.299911813944486738e+01
-1.454023934682027530e+01 1.615944879516080235e+01
-2.364283288120627802e+01 4.105688353432556426e+01
-1.832499460057708873e+01 2.535273526734893323e+01
-2.008251372645206700e+01 2.972301044561765693e+01
1.593651202249926513e+01 -2.863485353372551856e+01
-1.360521454591365398e+01 3.816576609812531018e+01
3.267524702661673786e+01 -1.332288071429708864e+01
-1.170937546427358100e+01 4.099585280445378999e+01
-1.108457867701030075e+01 2.782376589024984170e+01
2.458352195815911401e+01 -2.783243161642056407e+01
6.367305255948411791e+00 -4.174973551423258300e+01
-3.571387941383761699e+00 3.394391684079292304e+01
-1.957382459075168413e+01 3.336762370723506876e+01
1.419672863072893421e+01 -3.121864145108078503e+01
8.564487310012259158e+00 -2.824992367887283606e+01
2.340368445692670107e+01 -2.327226942463597936e+01
-1.885086976489129285e+01 2.447342081844649542e+01
-5.220462336877557341e+00 4.450057250591435576e+01
2.644856239210304238e+01 -1.961322246870673780e+01
1.343755051848373938e+01 -2.505824031895534532e+01
1.338451540508370563e+01 -3.398306253790882892e+01
3.519066037481825759e+01 -1.836402466548140566e+01
-1.506422696373021530e+01 4.641589776787684940e+01
-1.637330704189101738e+01 1.687492089665445505e+01
-6.046759473815291663e+00 4.784799894243516860e+01
2.547425584379987740e+01 -2.066813055369468444e+01
3.277476588222285159e+01 -9.175223895550995934e+00
-8.490335203714755252e+00 2.559152444905415535e+01
3.372537080091453987e+01 -1.685204484794916624e+01
2.422800549263581615e+01 -2.102146323735336608e+01
-1.137943745231822845e+01 2.872313704339441642e+01
-6.279005638853031535e+00 4.645223619563313378e+01
2.974973575035906492e+01 -1.548179549214165540e+01
-5.145307998315296061e+00 4.744129437930254056e+01
4.115316415016908280e+01 -1.621451487062202190e+01
-1.477445227189155474e+01 3.377089539998002010e+01
-6.689072157115430350e+00 4.391176665322954875e+01
1.552627740280529167e+01 -3.106949637590278712e+01
3.909096379489643169e+01 -1.855103201403100144e+01
4.134103781388816401e+01 -7.930327265631770040e+00
-1.349828431464391620e+01 4.994993285777098180e+01
-1.517692330470137030e+01 2.695462274849843709e+01
-2.879036351031566188e+00 -4.034245706219007843e+01
4.215474449621795117e+01 -1.956022698173003249e+01
-3.066335447904291467e+00 5.631736628579877646e+01
-2.809431820669562541e+01 4.195307728674058012e+01
-1.418198408677243627e+01 -4.233434417481200995e+01
1.699572640571707183e+01 -2.636239910503305239e+01
3.040011282749237509e+01 -1.254396061938574825e+01
4.230132343847559184e+01 -1.567867865253892390e+01
1.386233155013653295e+01 -2.436142673999316344e+01
-1.396796565996354467e+01 -4.512672543305499318e+01
-3.236948191241045691e+01 3.638458500060145440e+01
-1.583490057220281066e+01 3.877772134029207507e+01
4.001574617210089002e+01 -2.566677345390150222e+01
-2.730079221108015020e+01 3.190620158241712545e+01
-1.268297462670541087e+01 -4.552517306161192323e+01
-1.624067823006265954e+01 -4.631115830306428194e+01
-9.603373219666853089e+00 -2.985465932278446033e+01
-1.075391713395159599e+00 -4.124195498553149264e+01
-1.233735207584999216e+01 1.696866211636504218e+01
-2.959272235094203563e+00 -3.891920755122420417e+01
-3.350166408476322744e+01 2.731782125979802345e+01
2.720867580520872409e+01 -2.396901252356496670e+01
1.992739725585829791e-01 -3.498693066143406583e+01
-4.515600498078259584e+00 -4.388363397020943779e+01
-7.786720512331528177e+00 -3.972157361697350808e+01
