-4.843863794908041598e+01 6.225841100573808973e+01
8.218402696563218868e+00 4.386989587843989824e+01
-3.121969750591787829e+00 -3.618879384254638154e+01
-2.128666527444491763e+01 1.467699303600455174e+01
-3.789433852772706501e+01 -6.776162455189562195e+01
2.755230989973719957e+01 8.627516547013607351e+01
-3.747889841959046464e+01 3.995817741329257444e+01
4.982766808512988632e+01 6.802924568206610445e+01
-8.184320115658245243e+00 -6.554539209959209245e+01
4.211930453644829697e+01 1.980629525373114674e+01
5.719180618634478463e+01 4.249170382891638553e+01
3.300360086592128539e+01 4.164931713993291140e+01
3.407815144611080882e+01 -3.921483486954142705e+01
2.579991702976496271e+01 6.277779954525252748e+01
-2.025897971740648984e+01 5.633585620103018243e+01
9.335546275358829860e+00 1.681197961947087194e+01
1.790223693511121894e+01 -1.135387951803877655e+02
1.646022480308352698e+01 -2.200577998772742561e+01
3.272437871849235336e+01 -6.926978131943181438e+01
1.032603193918130735e+01 -5.589792939608791755e+01
-8.970504774197717524e+00 9.444425387349674850e+01
-2.100197174883077977e+01 -8.989815442908086141e+01
3.000882518491936740e-02 7.062182249351793928e+01
7.302786328327694143e+00 -8.365972883283198769e+01
-2.848848910901196874e+01 -4.363727718935344768e+01
-1.024812465135834927e+01 -1.077180756883378336e+02
-2.850042587339995137e+01 7.993359482581396946e+01
-5.176000958149094799e+01 2.092594905666716798e+01
-6.981221739798829162e+01 4.158421091682934190e+01
3.609443636937704269e+01 -1.027597221550173430e+02
-1.252125804935991127e+01 3.464521830149529080e+01
