3.811943917156515482e+00 -2.055821887890779909e+00
1.146319606359485155e+00 -3.590181420391484579e+00
2.016020665363137621e+00 -1.492412277744774141e+00
2.921167964896558278e+00 7.331804441244249571e-01
-6.841251291601677664e-01 3.344203197337673128e+00
6.561679789136328766e-01 -1.472506689253522572e+00
-8.443403244423610676e-01 -1.946565778799173474e+00
-2.720898129834620427e+00 3.133382596524501462e+00
-4.234631938566671749e+00 1.530277837023534593e+00
-1.632922307426566633e+00 -1.103759822201120899e+00
2.424196067584289516e+00 -1.527837860842378825e+00
4.993960110253836682e-01 -2.380114297511703558e+00
-1.515020013644733821e+00 -1.188941677996493196e+00
2.625704105570990432e+00 -2.297024030194431354e+00
-1.299614750618598658e+00 1.512091481964280559e+00
-3.122182146813323289e+00 1.935789652317358778e+00
2.397235615403396469e+00 -2.816768448756461485e-01
3.864300107396134720e+00 -5.329810241763655032e-01
2.903603667085385531e+00 -1.154625818804733584e+00
-1.635836674965222670e+00 2.785356338360948314e+00
3.397208474069859374e+00 -2.902019761911018403e+00
3.509943064651278588e-01 -4.594915658427538574e+00
2.319052985116911270e+00 1.363228540910066622e+00
-3.954811435794655772e+00 3.354868305681317331e+00
5.351611606186782444e-01 1.239290260967592872e+00
-2.357559618195221418e+00 -2.528016329720649047e+00
1.310350442945390492e+00 2.710883438347939101e-01
-1.978890888031062723e+00 1.847671441448565988e+00
-7.937216792649647301e-01 3.061046375320480295e-01
2.301802008716513359e-01 -1.486574548586626854e+00
-1.367080899259051296e+00 1.478075274475190604e+00
2.106068132186556419e+00 -3.714882901848548968e+00
-2.535722562972948957e+00 7.895510493957342835e-01
-7.285260686220826898e-01 2.346688447382402565e+00
-2.649724767877324472e-01 -3.446043607767077521e+00
6.174344792778330149e-01 2.604071900983518262e+00
1.136202032764395131e+00 -2.381652455620151265e+00
-2.413324402264697799e+00 3.346532469706203550e+00
7.093279801969221143e-01 -8.049247811084688786e-01
-1.531691729276921876e+00 4.314182283865331868e+00
-1.656992312386156019e-01 9.164012344904097773e-01
1.432904396713919448e+00 -1.611227014186723094e+00
-2.156806057420193490e+00 2.139367251486047561e+00
-1.102148217078891879e+00 2.978411783911200317e+00
5.048039827857297990e-01 -3.618703821549246857e+00
-3.945624153940998635e+00 2.728922822583888852e+00
-1.102446373932984613e+00 -2.177064347830448110e+00
-3.317218839041068623e+00 3.936819663955088089e+00
1.615639222499278382e+00 -3.894055434316073816e-01
4.075293725713906134e+00 -4.730845438986130969e-01
1.799138819613289586e+00 2.174074863072008035e-01
