1.510024486381552222e+01 5.882612641874953141e+01
4.442525520768803915e+01 1.820417658215307455e+01
-5.901075244226457350e+00 4.151280251254132736e+01
-3.227400301877910493e+01 -3.097055858964377251e+01
1.921773580849643537e+01 1.292407104801389472e+01
-1.404346531153696098e+01 -4.778498711707940316e+01
-9.894298378515705039e+00 3.085508799013156178e+01
4.578468373256406210e+01 -7.609381106268018335e-01
5.815643065055725813e+00 2.601491033048045054e+01
-6.228961343361956615e+00 -2.079542417703502721e+01
-3.331797636104252547e+01 -1.101263629663482568e+01
-5.858069683236166725e+00 5.906447574808783685e+01
1.071349014239303976e+01 4.255137199990809904e+01
-2.231441639936856092e+01 4.000081038587736515e+01
-1.993415258439984328e+01 -1.670822150566326059e+01
3.162463665504032306e+01 5.315702578076215445e+01
4.461426184823405094e+01 3.784352942947484166e+01
-1.921768704225534641e-01 1.113381194257559770e+01
-1.362106583568498586e+01 -6.518252657297682617e+01
-1.397549189249935608e+01 -2.700471326902144309e+00
-3.985299462381315294e+01 1.520097565375085580e+01
7.823890934239703832e+00 -2.257234295521522682e+01
2.786322498670119785e+01 -3.464712314123521253e+01
2.955464576214271233e+01 4.006382225965415600e+00
-2.031118800621458387e-01 -3.336857501660409042e+01
2.357802191712839956e+01 -1.114162477443372978e+01
1.116467673374113190e+01 -4.331649184461114999e+01
-4.918408780758091581e+01 -3.448744327813462007e+01
-1.701756792281382502e+01 -3.469324705868275061e+01
1.242766835233189049e+01 3.250271929614406474e+00
-3.445284560820656594e+01 -4.999871049532909240e+01
3.335870954148973766e+01 2.407550946023696525e+01
-4.824081727017683363e+01 -1.570964058101677985e+01
-2.017590533279559750e+01 1.762376714796560861e+01
1.850505163594920788e+00 -5.797233229971341473e+01
2.176518865386628931e+01 3.757818855524915591e+01
