5.256856741563635893e+01 9.760539318237800899e+01
-2.970289206087441869e+01 4.485521904836328133e+01
2.947666147174298601e+01 -4.914863536075927897e+01
-2.365952237034801442e+01 8.433724326086714029e+01
7.498356646024865313e+01 -1.423402372387405705e+02
-5.918419684436697281e+01 -3.127844545507345586e+00
-9.525509674141309446e+00 1.254555007995016780e+02
-6.322447617143072307e+01 6.736028112497832865e+01
6.366874105685401020e+01 -8.244232448553080417e+01
-1.030431337435981476e+02 4.982251144055310732e+01
-6.570953906898475338e+01 3.229767187208940271e+01
-9.364469176372141135e+01 8.747336414033415508e+01
8.729905329492487454e+01 -4.754773059802469959e+01
-9.771539030379767610e+01 1.239263407251285720e+01
4.054887932955431751e+01 6.091100557030647167e+01
-1.845948979703170778e+01 1.013888612424751123e+01
-3.038326674963377627e+01 -1.462159210189917928e+02
5.524293226154785685e+01 -2.681025259097418711e+01
9.478826213086421149e+01 -9.929328133114660204e+01
3.168129212092966185e+01 -8.450136351772167131e+01
1.357579932034144754e+01 9.370186122159951481e+01
9.036056583788258934e+00 -1.216025121601063432e+02
1.643599526732429794e+01 2.807781041611757900e+01
4.554366443858383207e+01 -1.185231649800896463e+02
-4.735873811854323989e+00 -7.083981332949529985e+01
2.418027154554546243e+01 -1.529429995858652092e+02
-4.820834170755438208e+01 1.135220130573956538e+02
3.185667707021385198e+01 1.288865535255398527e+02
1.417214818078413607e+01 1.631540442674694873e+02
-3.836505666055730757e+01 -1.155994980349827159e+02
5.028127790107710382e-01 6.094358565368216318e+01
