4.422793851864267367e+02 -7.770213906739519416e+01
1.601316480974298884e+01 -4.743571364661043503e+02
2.780245764362954901e+02 1.814550185637284017e+02
-4.306194895536073091e+02 -1.728143451087153437e+02
-6.339066791569426869e+02 -4.289669049066799857e+02
7.375029883518299130e+02 -2.169055753330964933e+02
1.677018429563252937e+02 -7.574504920362187477e+02
1.786568009099274263e+02 4.699249656013541312e+02
-7.208835298070434874e+02 5.233679015110703325e+00
6.485768150281890030e+02 2.066316738117329805e+02
-8.011762869106319185e-01 7.481214140994500212e+02
1.791597537029682883e+02 -2.089571994574055225e+02
3.074576794339789476e+00 5.346374576698912051e+01
-1.062331551554550373e+02 3.433464155446896484e+02
4.288365214987694571e+02 -4.664019174701479074e+02
-3.211557909816548317e+02 1.219807507000504074e+02
-1.447834526441856440e+02 -2.119273503743154663e+02
4.993699284678189656e+02 5.477075130248274490e+02
-3.382899722410245431e+02 5.863810527030116191e+02
-2.972696429580191193e+02 -5.903857443477998004e+02
-5.852534653577901054e+02 3.416225757369341522e+02
