1.914729117127326390e+02 2.143388227175582301e+02
-8.634169293229966513e+01 2.375143262114224854e+02
-1.979845314072289284e+02 1.588912907159059102e+02
1.505196468114764343e+02 9.482586153596467682e+01
-6.790727259497079160e+01 9.895121849387254542e+01
5.216074962240339374e+01 2.833528986052102141e+02
-4.363921098381572961e+01 -3.143317234893001100e+01
2.564096916832534134e+02 -1.190619462816938352e+02
6.801286082538742050e+01 -9.530343841945477834e+01
-1.430648432511720500e+02 -2.425367920950826601e+02
-1.576439735588335225e+02 1.927657712010474356e+01
-2.637759916792380182e+02 -1.129200066003236742e+02
4.743792728095435507e+01 3.196814891276005000e+01
1.405266516344077843e+02 -2.035449191540521383e+02
1.641573753761991554e+02 -2.981888605741162834e+01
2.090570493708618827e+01 -2.825367662145532108e+02
-2.842877303912246703e+02 3.972313649444609496e+01
-2.657943280111086537e+01 -1.630576395084249839e+02
-1.378017829041967843e+02 -1.057701981871557422e+02
3.806015162210547942e+01 1.558829956287053733e+02
2.793627909980846198e+02 5.125848843113249842e+01
