-1.593375232328668858e+02 6.400111106900635605e+01
2.640197454762785156e+01 -6.013825576202354029e+01
1.742018330336029521e+02 -1.533602139706161722e+02
-1.039235839467320055e+01 2.100561372806622629e+01
-1.234499405316030618e+02 1.362554415374515884e+02
2.603906607474319301e+01 9.037732644122448278e+01
9.761443133008819473e+01 -6.721149576308195606e+01
2.420863386045118304e+01 1.780524874849488413e+02
-9.758613919820400895e+01 -2.087992040856905263e+01
-1.685141228928719102e+02 -7.638503501320293765e+01
2.851554911327386321e+02 -4.231001634075639117e+01
-6.049711610764942549e+01 2.282690107798813983e+02
-2.137551421782436591e+02 1.243303143038541094e+02
-4.308974863823048906e+01 1.272916676858449563e+02
-3.024287476152237275e+01 -1.425455494135694892e+02
1.155641386983251664e+02 1.296883047726350924e+02
1.813737271394009554e+02 -5.788404404708856532e+01
6.460780653307466537e+01 -1.336147999007955889e+02
1.976028809489220350e+02 3.587668239483118526e+01
2.037064178069831044e+01 -2.012645191012523185e+02
1.092313397166625180e+02 -2.255706820181492560e+02
1.061086643765719941e+02 1.762568415639000108e+01
-8.282825507373469520e+01 5.811567752204428672e+01
-1.597620652606070450e+02 2.138501393419262513e+02
-2.229979314128780175e+02 1.454392153279983013e+01
-5.602741148982272534e+01 -2.581188510117992791e+02
