-7.732596145904858886e+00 3.397122505313352292e+01
-2.241004510912793180e+01 -2.900996071557327838e+01
-1.797599943153462476e+01 -2.703668187562267278e+01
-5.223430564588729119e+00 4.042408160641480919e+01
1.636382243861458718e+01 -2.480337944521965454e+01
-9.300955994891104694e+00 2.482923241219776855e+01
-1.059693996785650860e+01 -2.981453835399384644e+01
1.579755469467119333e+01 -2.897855518915606154e+01
-3.484656902007202461e+00 3.558598525460243422e+01
6.528066214238991805e+00 -3.609488635553603331e+01
1.530797620208865162e+01 3.740283173732810695e+01
-4.982528219710467887e+00 2.531195062806444085e+01
-1.955027902461165468e+01 -2.175891472455583653e+01
-1.542398760405829172e+01 -3.055861786231846722e+01
-3.443562206363259381e+00 2.519483513673587538e+01
7.694301193962231444e+00 -3.075962798401122100e+01
8.656759082320759191e+00 -2.416995153247441408e+01
-6.495077485648838689e+00 2.549878847949542049e+01
1.006078700039793894e+01 3.224152912435813079e+01
1.216686568592876938e+01 -2.402767540101248400e+01
-1.581316343254555790e+01 -2.752804165412270621e+01
-2.450282866608537802e+01 -2.516649353254501875e+01
1.040186020094567709e+01 -2.886417129054185438e+01
1.486897852898027317e+01 3.598017188903208563e+01
-1.809232243186827205e+01 -3.371872960194252755e+01
2.249707290451049246e+01 -2.327878389077034882e+01
1.107449753918426261e+01 4.040177664850640582e+01
-6.800587978451852145e+00 -2.782795532993216270e+01
-2.821736984428468631e+01 -2.222989454300098089e+01
-1.090807755949333391e+01 -2.712645550436188557e+01
-6.479269061816721020e+00 4.617310106131682801e+01
-7.082632350472361615e+00 2.662784896825968417e+01
8.701755640556820381e+00 -2.199565294378047753e+01
-3.281830949549410015e+00 3.079205332219240887e+01
-2.481715467383504858e+01 -2.678691859753521953e+01
1.619605006792545154e+01 -2.575194209855998650e+01
2.173414367652711832e+01 -2.624017527637723646e+01
-5.087558120338048440e+00 -3.089287085194160554e+01
8.241562707418347955e+00 -1.679974126551555003e+01
1.162473262514334493e+01 3.607500174718198593e+01
8.744322163816793392e-01 -2.954041740570353980e+01
-6.674026095930121194e+00 1.761413045181465620e+01
-4.755836284687202098e-01 2.239510626116419445e+01
1.631589028599600155e+01 3.780583042900793345e+01
1.328610038101144042e+01 3.700776305930220644e+01
1.575343657749810999e+00 -2.558049002391189219e+01
1.500954212455687653e+01 1.617081306962083431e+01
3.478372393847595667e+00 -2.882602038079146567e+01
-4.092568404933573767e+00 -3.001438684516422484e+01
1.192323995362354561e+00 3.734533477563194026e+01
6.678565341285438883e+00 4.186053426342844119e+01
1.120763494177910991e+00 2.547466868907587667e+01
-2.258136297773427170e+00 3.023443755150992018e+01
9.887871977067769436e+00 -2.535607523822478271e+01
9.555120776049847109e+00 -2.252146519910219880e+01
-2.370280843376806956e+01 -2.615478481904057162e+01
-7.061898612125075969e-01 3.059024544463168382e+01
-1.659702366933062478e+01 -2.997805568058059222e+01
-2.057718101920032083e+01 -3.052580084788297654e+01
-5.737744999227945009e+00 3.781240315355160675e+01
7.338357009999779912e+00 -2.359067790393921626e+01
1.091508260689479926e+01 3.931579032825986530e+01
9.213946932376313015e+00 4.121002141283428699e+01
1.380360152126137052e+01 3.409804349898640652e+01
2.261442910656223404e+01 -2.766486413715806236e+01
2.198086787726216684e+01 -2.863544669632954154e+01
-1.175205269534126451e+01 -3.242190796122505958e+01
-7.163974838614582730e+00 4.243355492146545060e+01
-1.850386416778082577e+01 -3.081678472050951001e+01
9.054333619234673947e+00 3.340354713057442382e+01
3.647606117770386902e+00 4.329630446247001174e+01
-8.782582120730665631e-03 -3.214626781691729462e+01
-1.646613063728657522e+01 -2.405598534997664828e+01
-1.050831985589072204e+01 3.735616754783327309e+01
2.043933075239804253e+01 -3.212191861593283448e+01
1.799974041051050477e+01 -3.208696603961283955e+01
-1.307708046652310330e+01 3.754181060740612708e+01
-1.793818204324097820e+01 3.156263786202049459e+01
2.469980615977313931e+01 -3.868354755297215064e+01
2.481296066168790304e+01 -3.709093739522756294e+01
5.046364711258828351e+00 -3.341047535081850839e+01
1.788667789158658650e+01 -3.042790586157580179e+01
-1.216715443714867106e+01 -2.348097283394482915e+01
-2.014036763178365774e+01 -3.449031256052446537e+01
1.412131575251565607e+01 -2.206960095733307270e+01
-1.178354553549563377e+01 3.780585131729632309e+01
4.829961164269621854e+00 2.406287925971483332e+01
2.277648575411890874e+01 -3.222440117579238716e+01
1.392104879421296815e+01 3.098157076157368195e+01
-4.762217569422423580e+00 -2.740977403289033987e+01
-1.951031445031999567e+01 -2.757727685342115009e+01
-1.555058056745431827e+01 3.474100496445593933e+01
1.863071767646268384e+01 -3.620812439349955270e+01
-2.513160956190160178e+01 -2.951408304787319992e+01
-8.177929823518478969e+00 3.319911880974799345e+01
9.781334239679979614e-01 -3.418859636505311528e+01
-9.487444899447998736e+00 2.647054752821048140e+01
-2.475341887060947599e+00 2.621353908733807359e+01
-8.885217556346864498e+00 2.147230720688909500e+01
5.345318064910292932e+00 2.288171906527418997e+01
-7.055479402923431564e+00 3.651441066215399900e+01
1.318516578420951468e+01 -2.032526573614295984e+01
-2.143342061310606184e+01 -3.326054134369764625e+01
1.185201540766379935e+01 -2.904680053650527327e+01
-9.068754502007710272e+00 3.531494900153575145e+01
-1.383723413544902670e+01 2.939097399763534924e+01
-9.280544071996455813e+00 4.229273538797527010e+01
-8.363467914446891527e+00 3.812320503266009553e+01
-1.499888591687371608e+01 3.592585668030329060e+01
2.202609020682167795e+01 -3.053270797246083745e+01
2.236578828190000934e+01 -2.221284412237277550e+01
2.217201904444853611e+01 -2.660966508054401913e+01
-2.109002851381863763e+01 -2.383887637711606189e+01
-7.726256884776452338e+00 3.815738204378340015e+01
-9.020379396773535063e+00 3.638908465699153538e+01
1.196238711957196621e+01 -3.206988416316035284e+01
2.487815994564483901e+01 -3.547848048913039065e+01
-1.362665293475536643e+01 3.581472858358367262e+01
1.151841318375821466e+01 -3.080437797814892420e+01
-1.425707175859391462e+01 3.305536956968254003e+01
-1.395134431736693870e+01 3.113462852550835080e+01
-2.717138843339135335e+01 -2.373168156151387365e+01
2.046594610743768072e+01 -2.954553925040714546e+01
1.391151729532347758e+01 3.154238914413520334e+01
2.347013775606594876e+01 -3.088363469030250030e+01
2.040758813906589708e+01 -2.734075742115211938e+01
1.831492707401937636e+01 -3.335043931943231854e+01
-3.501246196726984117e+00 2.009268260607656131e+01
2.567059952600289208e+01 -2.708944911777730979e+01
2.022921558972415212e+01 -2.558007464702974687e+01
-1.630436456867014172e+01 3.655225786032465862e+01
-1.415020545819190723e+01 3.015242262973686493e+01
-2.444678533259284592e+01 -3.228886531286968875e+01
1.222157761867313219e+01 3.184124580202938049e+01
-3.476731120878674641e+00 2.034736510080808713e+01
1.977222544485048417e+01 -3.420029551878600671e+01
-2.718402152609362243e+00 -2.863908448711363519e+01
-1.645090924980888047e+01 3.817548307992878165e+01
1.298405399787549541e+01 -2.311338249794361488e+01
6.402300438233610613e+00 3.731085124602517311e+01
-2.115629276420930349e+00 -2.447654018296588774e+01
9.890988439208630467e+00 3.037765031903747115e+01
1.797372844399208702e+01 -2.818860731924279150e+01
2.396974279626642357e+01 -3.667283012664211839e+01
4.639717764127884614e+00 2.293825252154467265e+01
3.709294642629208383e+00 3.910107076678261961e+01
1.249530790568255156e+01 -2.519284278561088186e+01
-1.229332514925019204e+01 -2.734399734042648689e+01
1.976900283352511778e+01 -3.146511748334662073e+01
-7.688828107969432502e+00 4.021580931993823071e+01
2.191515865431434662e+01 -3.428516603249940431e+01
-8.043096116483154034e+00 -2.631568465592038208e+01
4.126379832851820417e+00 2.627883854812094455e+01
-1.524953679009632135e-01 -2.121414947533035544e+01
4.967549620828975776e+00 2.802031535949299013e+01
-7.690385011214913469e+00 1.784581192427958030e+01
-4.439344587599094893e+00 -2.393059748459307912e+01
-9.429467866345380145e+00 3.144134200292526060e+01
-1.080227943701613569e+01 2.734223225872856489e+01
4.768582597804695844e+00 -2.755942421265212516e+01
-7.398880764304540669e+00 -3.032004568193908156e+01
1.210552610856693079e+01 -1.969466579277380092e+01
-1.005469338027129567e+01 -3.185989924428443842e+01
5.741701388726521138e+00 -1.991110009727840691e+01
-9.291423899857973012e+00 2.245225065912387663e+01
4.280473849574030432e+00 3.589457338498467465e+01
6.677175359483988437e+00 -2.838872838520676822e+01
-2.844774290437496189e-01 4.618009473796507081e+01
8.625590775622734796e+00 -1.822613619469522916e+01
-5.670849149247936261e-01 4.375884668766758523e+01
2.637090934803581810e+00 3.379276581066491048e+01
4.879198259660549652e+00 -2.521869054222069551e+01
-9.466351666060903725e+00 2.986708575830889956e+01
-3.512513299602136874e-01 3.351813385931532707e+01
6.510058684690988251e+00 -1.940623224511882583e+01
-1.075701517024852549e+01 2.584417362036744947e+01
6.058277707924073496e+00 3.492825766091430495e+01
-1.138206659046295144e+01 2.590007554163846493e+01
-1.343927692131906326e+01 3.833104025635531542e+01
2.637829900306025266e+01 -2.972828972510191647e+01
-1.822086755299156025e+01 3.201119702843019610e+01
-1.487275864538776204e+01 3.767450318794850972e+01
-1.371929835440702128e+01 -2.756590871257373720e+01
-2.501964452335475997e+01 -2.391637469214378342e+01
6.400481965135544904e+00 2.317011211016521344e+01
-5.974582000632191914e+00 -2.793800187470487728e+01
-1.573538866835832017e+01 3.998741245478687034e+01
1.004155764779797444e+01 -3.381489450275292796e+01
-1.623037598293837647e+00 3.501675286740388771e+01
2.443937745553996344e+00 -3.195729958328645992e+01
1.418780537191473989e+01 -1.922424488021366074e+01
-1.361802436581685072e+01 4.115561676072418607e+01
1.469390294672740360e+01 -2.404115847079709312e+01
2.166841021248608001e+01 -3.143839611145727631e+01
-2.264626921651086633e+01 -3.417876703626119195e+01
8.878614227557845240e+00 3.633088611046576233e+01
9.429541041626874787e+00 3.366099849377113173e+01
-2.348946209472694235e+01 -2.880968370667497425e+01
2.467552736504242006e+01 -3.003383965402261779e+01
1.234349083833247640e+01 4.071388923174969676e+01
1.265443127682546098e+01 3.372414967620336057e+01
1.661861713492661252e+01 -2.364316807168387768e+01
-3.525358274902868683e+00 1.837557665319810596e+01
-6.789612736830199502e+00 3.181937619545785267e+01
-1.754071849340734124e+00 2.726313760026875599e+01
-3.573321406077474727e+00 -2.496658223788663378e+01
-5.712414921771843623e+00 4.139651031240254753e+01
-1.204606190755116302e+01 -2.868514711541350337e+01
4.394068918237041821e+00 3.470883609844439377e+01
3.273729908352748907e+00 -3.287584089819709732e+01
-1.642565523656415394e+01 -3.170182716629458142e+01
-3.141170727904846416e+00 -2.978833234113429285e+01
3.210488205187872701e+00 4.382293429466836443e+01
6.459871111613118444e+00 -3.263401129615422747e+01
-2.792520952742387053e+01 -2.351135851266641907e+01
-7.881679128431229309e-01 -2.369050972496357588e+01
-2.932780255553111282e-01 -2.316321187256630409e+01
-2.552809439691386117e+01 -2.557962275933933682e+01
-2.006644685339085044e+01 -3.340194099362754798e+01
-6.602395743868324507e-01 3.985230366072903507e+01
-9.264816463681487813e-01 3.297890066467392245e+01
-2.645148190848291847e+01 -2.755370199485054528e+01
-1.928289406588234201e+01 -2.885682480013651841e+01
1.931097934811250472e+00 -3.317866595023876641e+01
9.514962806341038970e+00 4.000865781591600978e+01
6.366995338436962193e+00 3.888522884215878861e+01
5.722179181842986573e+00 2.837923980267613899e+01
3.220292976712152200e+00 3.954501359316481057e+01
-2.162775165841793878e+01 -2.707270020331590032e+01
4.921446966442251103e+00 -3.049390559545512502e+01
1.106725496278310406e+00 2.156557566433217943e+01
-6.673956135934171918e+00 4.620818468573656190e+01
2.187763724922580533e+00 -3.121664486460840848e+01
1.738736780906719659e+01 -3.390472523458172560e+01
-6.246185537808363719e+00 4.313180809657838211e+01
1.495239101849582752e+00 4.626510293816899377e+01
7.132186032098005946e+00 -3.132321267131669984e+01
2.658006572786382549e+01 -3.293011224910629409e+01
6.397757897128633076e+00 3.400256996258917042e+01
-3.518357153171520313e+00 3.301973651699890411e+01
-8.080010901738697626e+00 1.815032124506087996e+01
1.092640475689445623e+01 -1.952033019360732169e+01
1.497322627513774407e+01 1.739562615663245637e+01
3.859558476952118067e+00 4.545053316776127161e+01
-1.694195940483624341e+01 -2.808597068361585869e+01
-1.295343362621393801e+01 3.984711748278484578e+01
-6.888394570195601752e+00 2.763202309746862895e+01
-1.981124004515435688e+00 -3.201095566518378632e+01
1.933493917879197443e+00 4.440321044975020470e+01
7.554591323531938407e-01 4.369231906761556417e+01
-2.164526779982698201e+01 -2.987173961019113833e+01
8.483471940787248755e+00 -2.082000785180324698e+01
-2.870421127569434816e+01 -2.445492370644991453e+01
1.062061872008719909e+01 -2.701617174458821324e+01
1.574901765573433199e-01 4.437885802731081952e+01
-2.207710238155978555e+00 2.543310845576110069e+01
-6.138970439687086333e+00 3.388499159243267655e+01
3.656793716341530942e+00 -3.044722445776579534e+01
-3.741356844718287528e-02 3.984696349911547486e+01
-1.429041522182527935e+01 -2.587725160742175134e+01
2.007094709292440271e+00 3.854670106918805317e+01
-4.474842501626836722e+00 2.686034325239305076e+01
1.455291380616141339e+01 -3.026138253598779215e+01
3.001958829871841150e+00 2.646468383159024995e+01
-4.252281084022353497e+00 3.748778609432936548e+01
8.630188055723639451e+00 -3.326777366016892756e+01
-4.262878724407278774e+00 2.292958108466797640e+01
7.356585241859620261e+00 4.072443798575565665e+01
-9.368182690899054421e+00 -3.068739341326653403e+01
1.689862182358838893e+00 -2.889861908844649463e+01
-1.423191361127109822e+01 -2.918822742175603935e+01
1.429832190038437867e+00 3.376296760222282245e+01
1.194929047096746721e+01 3.780214156882019694e+01
-8.444900490870749010e+00 -2.933228786826005319e+01
-1.999518724487644761e+01 -2.316692960279422664e+01
5.953040861785298121e-01 2.186062211406873956e+01
-1.462998540177505902e+01 -3.121165193330652343e+01
-8.419665878417777805e+00 -3.027958246943337883e+01
-4.008647775998382734e+00 2.821518860183307353e+01
1.124880220071645986e+01 3.743715031346486199e+01
-1.823126607782235453e+01 -2.623365907407577424e+01
2.389096966908625497e+00 2.917446963835444862e+01
9.202891379156952212e+00 3.887063202385046878e+01
-1.090966004087635000e+00 -3.153613179772134956e+01
-1.888277184533987096e+01 -2.999219792876039392e+01
-2.346738678060902217e+01 -2.530709428184536236e+01
5.020820369870800270e+00 3.425737009039291792e+01
2.003545969816256100e+00 2.735450440783256454e+01
1.925369730411003388e+01 -2.867010174872316952e+01
-1.929374125534372553e+01 -3.299002553743854094e+01
1.496568951766198197e+01 1.764647221323815529e+01
-1.224504269663418077e+00 -2.770859867587214254e+01
-2.157349640757794873e+01 -3.127521333918506130e+01
9.538531948843909092e-01 -2.826956973286296204e+01
2.289494180195201878e+01 -3.737038571398381492e+01
-1.196603173522627905e+01 4.063237627010573050e+01
-1.888632990632257247e+01 -3.616806479614806591e+01
-9.618034692860229384e+00 3.883045704772743534e+01
2.291591272595283613e+01 -3.484876866748660973e+01
2.556596062607505004e+01 -3.824048124332995258e+01
1.686603044342939839e+01 -2.192549032919038865e+01
2.396672739885584491e+01 -2.867494529157431060e+01
1.999854269389332373e+01 -2.823799214981505301e+01
-1.142710275952051191e+01 3.475768310844616593e+01
9.810213362669299997e+00 -2.968620608613002787e+01
2.323472369859825903e+01 -2.542929227732859587e+01
