-2.080452227460934367e+01 2.834225238022986915e+01
-5.401409844540134841e+00 2.721502213909763324e+00
-2.563697037172836346e+01 1.197413126118817672e+02
1.999011048687559722e+01 8.882364090051684968e+01
2.736800270446422090e+01 -9.797149787370692309e+01
-8.041335371776057173e+00 4.805527039843520498e+01
8.100196653622387544e+01 -2.281188915028443986e+01
-7.023427916313617914e+01 1.607874635054816181e+01
7.396609664809127516e+00 1.745332405975371159e+01
-3.000911688150198131e+01 4.836617347481692519e+01
2.232183613164143310e+01 5.825809360702105266e+01
4.918543224353675924e+01 -1.217878260130621157e+02
-1.073235039830433379e+01 -5.491267858240863120e+01
1.218475326268670250e-01 6.881895283199757785e+01
4.916830808780796502e+01 5.777660584253916909e+01
4.167771351974745642e+01 3.325720939952636002e+01
5.531072449662077872e+01 -9.082782249023011900e+01
1.747869842951464037e+01 3.564739542921097382e+01
-4.679952720901404462e+01 3.068474633334609436e+01
-7.101373947020501731e-01 9.502318494977744479e+01
4.650818455967456089e+01 -2.951964297724285657e+01
-4.764503608064067919e+01 -6.430061947817881673e+01
-3.207172086781858411e+01 1.853774783334938059e+00
1.282739647673224503e+01 -3.711029548690376600e+01
6.080444381577841284e+01 -6.023000665412476451e+01
-7.557516760987229532e+01 4.056241590893772297e+01
3.225152197771542717e+01 -4.798885482092212129e+01
-4.051152256275464936e+01 8.921791442411797846e+01
-1.679091182574964236e+01 -1.067962263100108515e+02
5.475508336996103509e+00 -9.273245614003856474e+01
2.941204491095705720e+01 1.742641938623768372e+00
-2.329174436049693142e+01 -2.683076977458354051e+01
-6.809097838197726560e+01 7.892411237917086453e+01
1.384009773840930357e+01 -1.260970956377798586e+02
-4.780339390723603543e+01 5.830357886667796663e+01
3.978842001811923978e+01 -6.970525725181390442e+01
4.251375089770553473e+01 1.080296844058539136e+02
-1.369420485761908424e+01 -7.307332038651615846e+01
-5.646267699561869335e+01 -1.113094531094318995e+01
1.335828453920477621e+01 -6.435975110529534504e+01
-2.749389674606502965e+01 7.050442195381791066e+01
