-1.711519230726776541e+01 5.868342927762640215e+00
9.009753934178556634e+00 -3.224538994402059444e+01
4.398138343008643147e+00 -2.021982575771371060e+01
-1.175517729657530452e+01 1.974952328585693095e+01
3.151679747511815322e+01 -8.212880062892875088e+00
-1.066929610292716468e+01 1.381815563646440204e+01
1.040159935143953085e+01 -9.380464194613834295e+00
2.441981622916258132e+01 -2.401462167242474521e+00
-2.597267681729153566e+01 1.530395241576501952e+01
2.614527489301657681e+01 -1.727149604805116212e+01
-3.926855147597920137e+01 3.600039387361754439e+00
-1.984844046069796875e+01 1.454070075071986246e+01
2.109826441138419106e+00 -1.057578279059806903e+01
6.220199848410723042e+00 -1.253491195286298598e+01
-2.236367135073739831e+01 3.157096179405625591e+01
2.816310213665034112e+01 9.529714127665105394e-01
3.837260910629317578e+01 -4.710235849569508915e+00
-1.085044262713200247e+01 1.794218484162044192e+01
-2.816184660590951694e+01 6.048019305133262691e+00
2.297329814915359236e+01 -6.130596015284219824e+00
6.363088878813788263e+00 -2.368665643007219401e+01
1.029308477013437617e+01 -2.802729615040572853e+01
2.904661458143506536e+01 -1.908167783899213532e+01
-3.892889783169700024e+01 4.450587387632657155e+00
1.934352257729042535e+01 -2.036808999604273041e+01
1.898523809214944436e+01 8.143110518221309491e+00
-3.545622258100675595e+01 8.055339859953798864e+00
1.410093900826294444e+01 -9.651548319798125775e+00
1.573937156455002473e+01 -2.081252434908495985e+01
8.583594985581430858e-01 -2.457525207246192878e+01
8.138567117909966342e+00 -2.374434594858406911e+01
-2.954906979148918111e+01 1.920451637510929999e+01
-1.475946653038852041e+01 7.993373908306671716e+00
1.892095785158702270e+01 -9.308576391231451197e+00
5.817834179362885827e+00 -1.165772422423503230e+01
-1.673346575773830125e+01 7.221726407870188602e+00
9.475345002540352946e-01 -2.183045119482620322e+01
2.679387683509542128e+01 -3.500247003995691664e+00
2.855494296615162497e+01 -9.192208542894569900e-01
1.903265982696288816e+01 -1.342833767061026151e+01
7.615374054597036313e+00 7.349013315324965490e+00
-3.212593376696980840e+01 5.542020874867577440e+00
1.181880479647313109e+01 -6.782937624829290080e+00
2.560440323417322972e+00 -5.713263329425207537e+00
-7.277675181369889224e+00 1.825601784668151950e+01
-3.968106325526979106e+01 2.738756711163009783e+00
-3.332228175011681515e+01 7.146106400680107829e-02
2.408018344853316250e+01 -1.335047595129712406e+01
9.016102972088230416e+00 -7.969203779070863192e+00
1.391780447311974100e+01 -6.318112272565883814e+00
1.394016246706665818e+01 -1.399515646719690487e+01
-2.667089033741483561e+01 7.336798705168144252e+00
-1.090372812723477480e+01 9.863996385911377729e-01
-1.768649666507712581e+01 1.301933895394152962e+01
-1.863461542341707400e+01 1.743101615097821622e+01
1.734740709496308853e+01 4.187637191897434441e+00
1.943515174879195584e+01 8.573534878483419774e+00
1.966111681909884723e+01 2.600246926396062808e+00
6.882620452333831906e+00 -2.744000126399468797e+01
-1.574451304885020519e+01 1.822252785645408935e+01
5.745296278454503636e+00 -2.460637956520873360e+01
6.888965632042928000e+00 -3.095895834516612055e+01
1.116063403636966278e+01 -2.562904099308009265e+01
-1.438445918761641806e+01 1.766928575659921918e+01
2.528088713377614383e+01 -1.101181336035563163e+01
-3.116888166861442855e+01 8.854477873260654164e+00
-2.923312985869093339e+01 3.324672957340715218e+00
-3.524423923978054773e+01 5.629107296658939497e+00
2.263213717929080104e+01 1.186626631681170885e+00
2.070360622084317015e+01 -2.860696016345698034e+00
2.337088308897107947e+00 -1.809550958125807441e+01
-6.491161700390778222e+00 1.197072312740570155e+01
-2.506582638362951343e+01 1.876101604821395696e+01
5.410644562411844660e+00 -1.592047113430692029e+01
-2.859081775056087693e+01 4.961025951861803840e+00
-2.350850822657517014e+01 9.971661838067159778e+00
1.983376664384295651e+01 -1.158560291030255307e+01
-1.823097748573376142e+00 -2.027469195542992253e+01
-2.845647199163886754e+01 1.554536421024495141e+01
2.743994213496490531e+01 4.019461636439214836e+00
3.053062240223237467e+01 5.109981731090236678e+00
3.413236613619712756e+01 5.986287783217774994e+00
-1.840844604678829910e+01 2.558331181006331789e+01
-9.111530241585064971e+00 2.109398207500040456e+01
2.863269936645489011e+01 -3.050168319573558939e+00
2.592699194613591729e+01 5.827262042343000381e+00
3.254352943634888362e+01 -1.730094756954202495e+01
3.561659396931339217e+01 -8.189464436949520643e-01
1.022970763641742664e+00 -1.408224865833322070e+01
1.282977933608383836e+01 -2.302542633421154505e+01
3.451194135990631651e+01 -1.624691258907504210e+00
-2.279299190279179754e+01 2.675628150543805361e+01
-2.434980691908184980e+01 -5.260603539764783676e+00
2.640680993143775979e+01 -5.683640380500669664e+00
-2.803890168699865981e+01 -6.309189851307008823e-01
-1.374884189809269230e+01 2.557152971715929013e+01
1.289208223315029223e+01 -1.164509884859813127e+01
1.843919686776117173e+00 -2.723760785206170354e+01
-1.730569939313213368e+01 2.040564260505065164e+01
3.662986781284165261e+01 -3.302115358814663448e+00
9.053786983751683337e+00 -2.017755911192661955e+01
-1.409178473210739391e+01 1.113792037148568070e+01
2.324927932165344657e+01 -1.694650207652104257e+01
-1.272957854136666889e+01 1.360479473389347227e+01
-2.132651102795417586e+01 1.524659721321668648e+01
-1.499450119601756626e+01 -3.135598306115016332e+00
-2.467900077795984970e+01 -9.654534268904081395e-01
-1.236264961141631780e+01 2.114243292471827473e+01
2.094380332382982957e+01 -1.083320105712955728e-01
4.794389222046943289e+00 -2.116695609575958414e+01
-1.139456131662293004e+01 1.884870525413624165e+01
1.009190963330252622e+01 -3.052332610577421779e+00
-3.131581663211787614e+01 2.110991991684653613e+01
6.941467351041850087e+00 -2.074744201560768886e+01
3.189485290874380397e+01 7.421969387121714945e+00
-1.540055517145762742e+01 2.049188210016789569e+01
-1.981366226003486020e+01 2.823401497378160485e+01
-2.046911145395396758e+01 2.002270281729932222e+01
-2.030504765670326250e+01 2.287474358526253937e+01
3.240270356109911631e+01 -2.158986969295719760e+00
2.162950114446474359e+01 4.454789100032639837e+00
-6.287940916671908909e+00 1.334305749575827527e+01
2.330361828868519325e+01 1.020466842417889808e+01
3.668296984659613180e+00 -1.853900649768332443e+01
-2.298379414611823535e+01 2.726998371457928627e+01
2.445545299831448816e+01 9.692041193265785282e+00
-2.549792881160117020e+01 2.531176926083814749e+01
-3.234161788698222750e+01 1.266643783026191450e+01
2.223555952714859885e+01 -2.397232613020022218e-01
2.987754128205749993e+01 1.998287498470716073e-01
-1.338072234205439415e+01 2.755414920302412085e+01
2.195935126345448296e+01 6.500467283571980559e+00
-9.099109537357886524e+00 2.598463944130753234e+01
-1.451047148856542890e+01 2.239887299821680244e+01
-1.565006722277897744e+01 1.324521361229218819e+01
8.882797547103299385e-01 -1.692444041047244596e+01
2.955133127434983109e+01 3.875700870758447714e+00
-3.650441112600012161e+01 3.486444129470019693e+00
-1.110407826862570424e+01 2.747210918564525173e+01
3.507371294720324073e+01 3.832635621869793230e+00
1.750994144293893484e+01 5.471468337595550402e+00
-1.421772386743706029e+01 1.748196146097845016e+01
2.492921281428354874e+01 4.347166771191107060e+00
-2.167684369252268084e+01 2.640884826886969350e+00
3.038643813887770406e+01 1.227660520197929372e+00
2.530553577214204353e+01 9.151130489470896023e+00
-1.186056199403072853e+01 2.399815223430255529e+01
-2.030359989247291885e+00 -2.406948652514297393e+01
-1.022141137549628098e+01 2.886769013580033416e+01
9.881358163554240903e+00 -1.355896369060371143e+01
-2.644458848591179390e+01 -3.273070268717965359e+00
2.415280698450310126e+01 7.923547921976262787e-01
-7.822091910056416353e+00 2.468374532022016510e+01
-1.136666383970308658e+01 1.138598516138444516e+01
2.310111365566847397e+01 -4.994503076452009083e+00
2.500278263817114066e+01 -2.188463272258380243e+01
1.799055275774012230e+01 -1.402193583215385203e-02
-3.934314324156468246e+01 5.651774968720496339e+00
-1.823587456132624496e+01 2.746868297141550030e+01
2.737153022976399441e+01 -8.909036958062772626e+00
-3.189034474973262334e+01 3.574307458920820135e+00
1.988941678491701026e+01 -2.743819030641105883e+01
-2.980207859473500775e+01 -1.903053702446701134e+00
3.257979606680888907e+01 -2.687300729171001046e-01
9.650284391610371770e+00 -1.466118854227647894e+01
3.369819288331415663e+01 5.305851698408797112e+00
-2.092474891543869830e+01 1.709729859327616452e+00
-3.115725435781433106e+01 1.393494195758045961e+01
1.949164132928007831e+01 -6.831654858005493658e+00
1.553978526230882196e+01 -1.621826007839173656e+01
3.479534250769655301e+01 -1.041489282659835247e+01
-2.893879016300343920e+01 1.992455131521303713e+01
-3.285123733131118229e+01 2.242910721150056830e+01
3.079159098895256363e+01 -8.220652055675413683e-01
1.723129186525070367e+01 -1.208655469061797127e+01
-2.701735431581395019e+01 2.209463274845679503e+00
2.205043140052198325e+01 -9.234993873347224991e+00
-2.032660715982535393e+01 4.904766280421850588e+00
-1.734887609397288699e+01 -4.061777378158284435e+00
1.986679869022448131e+01 -1.652405178612730197e+01
-1.199635908677993612e+01 8.000070429687255569e+00
4.403064032467301381e+00 -2.255124352494809159e+01
-1.116037402527559941e+01 1.360195074932769366e+01
2.435363161563473611e+01 -9.366841256220309830e+00
1.237540352746521322e+01 -1.701923517218321180e+01
2.615498212754087604e+01 -1.355048545712318031e+01
1.275642122647427001e+01 -1.480979368321325396e+01
2.010685176192981771e+01 -1.944778186569963196e+01
1.695435651075316486e+01 -2.429391248804376602e+01
1.514781415959860211e-01 -1.266065590360984494e+01
-1.080083409056188870e+01 7.927463349130770887e+00
-3.520591112550762602e+01 1.938100303958420767e+01
2.863931627218017439e+01 -1.901416901737198373e+01
-1.500833025804144683e+01 2.844003320510584132e+01
-7.982170186033525461e+00 1.442024711782276825e+01
-2.485568429112522182e+01 4.898795838790672263e+00
2.461285761429028796e+01 -1.267301565304684985e+01
-2.632398478141449871e+01 1.281697417341971068e+01
-2.764664913346017272e+01 1.431067139706228453e+01
1.237639045551695283e+01 -1.318955666511344438e+00
-1.744957116775275807e+01 2.043939994535260496e+01
-2.146439055716485456e+01 1.297188188939549569e+01
2.640336436269858211e+01 -1.176718462902597295e+01
-5.560488101123199911e+00 1.398781491647758024e+01
-3.158836924569051519e+01 4.446810647175587050e+00
8.693247352433043362e-01 2.648295484864507721e+00
-1.560071457013206775e+01 2.396848066253811638e+01
2.260543595659672533e+01 3.054535906445531968e+00
-7.797979696543735351e+00 2.271113097215421917e+01
-2.083336535690672164e+01 2.465324858662719620e+01
2.665491291050220113e+01 -8.623224119761559336e+00
1.281424708633208986e+01 -2.062007666236790371e+01
6.930183429053083266e+00 -2.685792935981042717e+01
-2.538514070195977013e+01 -2.903520861413219745e+00
1.496901481237869191e+01 -1.053598520129965799e+01
3.392509084107333450e+01 -3.660158488966919865e+00
-1.679085200888290075e+01 1.560934370210972233e+01
1.982594489226122647e+01 -3.205387372662073187e+00
-2.949498556955008510e+01 2.640383444231846610e+01
3.275279403825199864e+01 -5.315184149351596332e+00
2.232548544498176568e+01 7.497167423093678451e+00
-2.201046965568164637e+01 2.499222942124644575e+01
-1.813745902878495997e+01 2.384523594578060823e+01
3.399352182093086583e+01 -2.706309910100315186e+00
1.774831072331803128e+01 -7.513947370792251057e-01
8.220681515896819391e+00 -1.508884680754044716e+01
-3.174919741748295721e+01 1.211596079803647363e+01
-3.039466428343509108e+01 2.385801498924979835e+00
2.531061759501524122e+00 -2.414377324877767705e+01
1.082827647109673030e+01 -2.685988759431413797e+01
2.436596358915720018e+01 -2.832204457746876347e+00
-3.425242420844307389e+01 1.142430433398199163e+01
-2.951380676488976817e+01 7.227391277844487760e+00
2.905219224992059424e+01 -6.992091917805021595e+00
-4.689583984104800152e+00 5.675923272130124708e+00
-1.771983025237031129e+01 1.209145262141439403e+01
-2.353789108760089732e+01 1.319312692450470337e+01
2.145026497871624116e+01 -1.412133059514356326e+01
-3.371439532303209319e+01 2.218897021137690828e+01
2.498677202512408968e+01 -6.333684831100794277e+00
1.184924611499024039e+01 -2.315083057271921518e+01
-3.712818789615086956e+01 1.432960948838140958e+01
1.595100603735840217e+01 -1.893920809345239986e+00
1.346490329221457749e+01 -2.129964760521047040e+01
1.967401259891456533e+01 -2.182444649636609668e+01
-2.296071088953330275e+01 7.740955915386457775e+00
2.915417910451971295e+01 -1.063208810199497378e+01
-6.470816656874871509e-01 -2.120941970227617901e+01
-2.478544871390128534e+01 2.205073085118653609e+01
2.322236473357223119e+01 -8.034293913400116338e+00
1.378418495371588470e+01 1.843382536884440981e+00
-2.051359518275834759e+01 -7.807785826399830098e-01
2.131462131336531396e+00 -2.914227462995727791e+01
1.606184267587802950e+01 -7.061989024309241358e+00
9.791140013503815354e+00 -2.166771173234808856e+01
-2.066215395491501283e+01 8.956787455933765685e+00
3.157482612920486886e+01 -1.338734823061553314e+01
-2.310480549992245258e+01 3.396379914696156188e+00
5.766867005358213838e-01 -1.513043550626012745e+01
3.501292299924295470e+00 -2.503259602186219368e+01
1.893780979047730639e+01 -2.335593909257290690e+01
-2.873816193136016395e+01 1.002767285322961932e+01
-3.594232422707237617e+01 1.498086553423193479e+01
-2.689343972122503601e+01 1.005771693875496453e+01
-2.413993597773693622e+01 2.087896351033154296e+00
-2.808455479419048828e+01 2.176381682366367443e+01
-3.047299227992445125e+00 -2.607019273946748683e+01
6.037994010268116440e+00 -8.344183272110264227e+00
-1.489974104381212250e+01 6.650074451224990968e-01
-2.832413422676123460e+01 1.949399729212947818e+01
-2.132171755714697881e+01 -2.271375677209671817e+00
1.442104607574610675e+01 -6.876656938879381009e+00
1.434002357565659302e+01 -4.180542154626714080e+00
-3.058026526771863374e+01 1.556637303957426077e+01
-2.250561957663397550e+01 1.047629719982683483e+01
3.379959658755195306e+01 1.241111642515314806e+00
-1.839855379322482420e+01 1.073653340372241161e+01
2.387723856869543582e+00 -2.068867840533708957e+01
2.439063998086803053e+01 4.390628893631874696e+00
-3.780653575504747010e+01 1.374675022199721219e+01
-1.531628879605799298e+01 1.615506731478990687e+01
-1.520668407100670017e+01 -4.846658752758759015e+00
2.239871601733922191e+01 -1.118882914266185757e+01
-7.649831731095395604e+00 -9.103086298775486807e-01
-1.671073042536112396e+01 1.119585391306573641e+01
-2.675316590113625548e+00 -1.574040636539387350e+01
-1.702140966400713396e+01 2.602665664589161665e+01
-1.322356499397904983e+01 4.574046050840268052e+00
1.850006491148522159e+01 -1.541435230172540471e+01
-2.322554535652437124e+01 7.008780996737939084e+00
-2.126675816998801238e+01 1.867668718182522980e+01
1.188460841075121444e+01 -1.836833429444595112e+01
1.435303341913339104e+01 -1.905325772080887603e+01
2.722738861885686035e+01 -1.507293406139307024e+01
4.664293185611522730e-01 -2.627473533125235505e+01
2.550523658589917275e+01 1.248004934750222006e+01
3.518332268173980992e+01 -5.656989329411827860e+00
-1.403814283378685523e+01 5.724462458927100705e+00
-1.539294665012927865e+01 7.876104373869488917e+00
-1.397496354612319713e+01 1.002335314731388749e+01
1.624557116018542047e+01 -1.298943935485010215e+01
-2.908063028984884824e+01 1.275581987364828151e+01
1.779769438806886583e+01 -1.726943732847525936e+01
-3.348171596738122702e+01 1.484526507354498115e+01
-2.911948353314783589e+01 2.521382694801704716e+01
2.185518759333881889e+01 -2.325942169009301708e+01
-2.054361405070646285e+01 9.652976997998985453e-02
-2.410846421256313832e+01 1.545762583726977191e+01
1.763172958518742561e+01 -5.611715430184209374e+00
1.886863232553989178e+01 -3.059821500395978777e+00
-6.593849636909741463e+00 7.174126531655204531e+00
-3.133922587238445701e+01 1.063728605563701279e+01
1.051014138019267641e+01 -1.895106208791213120e+01
1.731168549056790695e+01 -1.004609125959598970e+01
5.184546028137068774e+00 -1.882569817037826709e+01
-2.364693222034685860e+01 1.638080860346035195e+01
-3.482496741362955817e+01 4.319302701932546285e+00
1.445914646709898932e+01 -2.415140919538423248e+01
3.062104743846525423e+00 -1.372432582265861178e+01
-1.764929662959911738e+01 1.578109184037725710e+00
7.135690729879783589e+00 -1.793973903560315719e+01
1.196497776367333365e+01 -1.580434836793098796e+01
-1.981660184837157601e+01 1.210890053596237692e+01
-1.939778882653917336e+01 7.883220607221009146e+00
1.052586441174881848e+01 -9.851833758134745267e+00
-3.328849553911065584e+01 7.532749385413620047e+00
-2.004647991074222091e+01 9.949875068065990646e+00
-2.494016281124127588e+01 9.680426729222480375e+00
2.105125704822282628e+01 -7.037016332235986660e+00
1.452181013945962995e+01 -2.763104679788000340e+01
7.032273711368967284e+00 -3.095603471349845748e+01
-3.921735158897686802e+01 1.363965838721314405e+01
-2.324343327036707763e+01 1.347454654990831457e+01
2.738336871550463414e+01 1.974789108496932233e+00
6.211509978773900542e+00 -1.042351848755593657e+01
-7.281792043259556202e+00 -6.870569868906707178e+00
-2.773745654496316604e+01 1.827839005761221713e+01
2.938795321080679912e+01 2.496043025199420118e+00
1.503143537265259866e+01 -1.929885401032661107e+01
2.490023392428769355e+00 -3.036991506830072751e+01
5.913325906862130665e+00 -2.037096661351587557e+01
2.332760673086233538e+01 -1.818865798441469295e+01
2.978851779017761459e+01 -2.717746313321513618e+00
-1.805148985157053332e+01 2.996561095518046614e+01
-1.322082144156281558e+01 4.427450390058993990e-01
8.284482640031143319e+00 -1.763864528797204301e+01
-1.932145388739972347e+01 2.229461852538241118e+01
2.883951058476033324e+01 6.845849426698046081e+00
2.006424366374004009e+01 -5.264877156324820895e+00
3.081349408268125956e+01 -8.234266980681047343e+00
3.225638553302081846e+01 2.458442612185212983e+00
-1.759000382479889169e+01 -3.395036720815988840e+00
3.869455429057418172e+01 -4.219175079144824592e-01
-1.862389868823632355e+01 2.733444573351973261e+01
1.664888769650555389e+01 -1.461762198212171704e+01
2.566904209971159645e+01 4.718213112788967600e-01
3.814260522646640084e+01 1.578830798030369076e+00
