-5.334049589841730921e+01 2.591450459031408471e+01
-2.503145352667492318e+01 -2.790028589520940727e+01
-5.528292152612873878e+01 -1.579753969212512565e+01
2.971757514447021720e+01 2.924171679400063439e+01
-4.643713428616200645e+01 -2.928737221041636118e+01
7.445568278928205075e+01 1.779021306194636054e+01
-6.147211196364943220e+01 9.704906564386071466e+00
-8.058420333679661596e+00 -2.781332116596373538e+01
-3.401407170612795028e+01 1.703907678411878512e+00
3.845151641770119255e+01 4.373495573273937786e+00
4.244613305524590174e+01 3.697836519416765100e+01
-3.374769096296976301e+01 2.943767147200783540e+01
-4.999982773580799744e+01 -3.122084653370794660e-01
-4.260739949956241901e+01 1.409689997553633489e+01
2.173226978246873742e+01 -4.156325521519008248e+00
-2.431977682786417816e+01 1.554534990748811829e+01
-3.505564956535653920e+01 -4.146585323552614710e+01
-7.052495496005883524e+01 -1.079203346330872826e+01
7.420776923014655324e+01 4.169643725063533424e+01
1.986293630553171141e+01 1.446016708268651918e+01
-1.472873301358098885e+01 -6.202198338052209436e+01
4.141219818146269915e+01 -1.086186923509077928e+01
5.468590526886087133e+01 1.318320405412377916e+01
-4.982620341447092471e+01 -5.017830752164466190e+01
5.596501549468565173e+01 -5.070651901760363955e+00
-2.151035957416184985e+01 -1.053492887619357887e+01
5.721132546129538810e+01 3.066053821532884172e+01
1.655474266649506632e+01 3.772026623777461651e+01
7.075815332641182920e+01 -4.894178073016943742e+00
-6.199185128375589215e+01 -3.536678286394223392e+01
4.059011142872326161e+01 1.826758218434515157e+01
-1.638837950087808437e+01 -4.365322399749153703e+01
4.255701015156842715e+01 5.389058375367763887e+01
-2.722502894807651508e+00 -4.896025079567051108e+01
6.397778336819641254e+01 5.259985632841534198e+01
-3.752618959843073299e+01 -1.819854962378181895e+01
