3.468832595700177990e+02 -1.695120646588696616e+02
4.411820787975115081e+02 1.431370223302985210e+02
-1.966447525120787247e+02 -3.958140980551835355e+02
-1.221563024140682785e+02 3.821701783928295413e+02
1.573645447897601741e+02 -4.419183557858262361e+02
-3.933553000363704086e+02 -1.386352833024624260e+02
-1.555016617777832266e+02 6.472169274606366685e+01
2.011185890267408070e+02 4.064511114231418674e+02
1.318838809221680606e+02 1.030882182781177363e+02
-4.237768785814288890e+02 2.135490017657606927e+02
1.300254221553103839e+01 -1.672374231338700099e+02
