4.378621894398554559e+01 4.197781102171093437e+01
-2.072350012128707775e+01 4.172935724388691625e+01
1.075925046510649707e+01 1.828453238929297342e+01
1.875434893246093893e+01 5.326300371773205455e+01
-4.336039035595883995e+00 -2.976172511281359334e+01
-1.580483483490975116e+00 3.060711637822235076e+01
1.915567625172221256e+01 -6.318071749885108801e+01
-3.590029583751659459e+01 3.719397385863635463e+01
1.958186141425788662e+01 4.144538586006061820e+01
-1.776791549730219799e+01 1.893130363029842300e+01
3.225904318600287013e+01 5.099921702300688509e+01
1.529987731229273562e+00 -5.100261034914897351e+01
-1.836615316992703839e+01 -3.629911529318005137e+01
2.941040397619922686e+01 1.914970509705377566e+01
3.795905106797366813e+01 2.872044346714526242e+01
3.121674438914267924e+01 3.881527070120548473e+01
1.783957303169200515e+01 -3.139848669710966433e+01
2.433979022665632286e+01 3.021361419847398722e+01
-1.241044834332878466e+01 3.196554290694239242e+01
1.060340153635958416e+01 3.002744080665815218e+01
-2.395616595484131750e+01 -6.546246940485588084e+01
6.468287724834147490e+00 -2.399128038082439218e+01
-4.141150906023727885e+01 4.789877279732603910e+01
2.443053525035357154e+01 -4.727672334115478492e+01
7.113719510263523560e+00 -4.129777466047961809e+01
-1.203345771050077850e+01 5.494571634395875748e+01
8.474767152411105897e+00 -7.549171533912047494e+01
3.664030071219417373e+00 5.456106209382795669e+01
-7.385240736096346126e+00 -6.401451135884573773e+01
3.769148017571595233e+00 -6.226403320844485023e+01
-3.938674418737338812e+01 2.467570278753453650e+01
-5.607443402175766423e+00 -4.094729060843285140e+01
4.401284273350666965e+00 4.224778912516907070e+01
-2.712429899980520087e+00 -7.633450090186524051e+01
-6.786524527693977404e+00 4.449570893953293194e+01
1.211609777792242681e+01 -5.107574211453633239e+01
-2.539445474072328324e+01 2.965076654251182475e+01
-1.399759215609032026e+01 -5.079494278045142863e+01
-4.679319073489885739e+01 3.577045640883935818e+01
-2.821924783419399319e+01 -5.668478358220416879e+01
-2.864384497460783496e+00 1.970872929329213008e+01
