3.220072436458259801e+00 -4.346172070867405068e+01
2.125185952692791602e+01 -2.447114620301788790e+01
-4.897672273019731648e+01 5.820614657243136492e+01
2.642808973437515263e+01 -4.535000664071925769e+01
-3.624929638661583908e+01 8.976215165951388997e+01
4.938457145358403189e+00 -9.666823877708559110e+00
-1.231064950122258495e+01 -6.178875232700224984e+01
4.053606786374320592e+01 -9.258669496712302660e+00
-5.183064193177391843e+01 3.439907795821247305e+01
6.531336622992299112e+01 -7.337320948709991342e+01
2.159147599584621346e+01 3.756393102050645361e+00
6.135298155701777034e+01 2.114821718578437260e+00
-7.466222725703595131e+01 4.160078602111391177e+01
4.118785487988044025e+01 1.598556442943668188e+01
4.479327435283598646e+01 -5.472769001017227453e+01
3.173157392759030415e+01 -7.736376179834907418e+01
-4.059482616376651087e+00 8.135317474273678329e+01
-1.333929455334478575e+01 2.997763067959815331e+01
-3.637157155276070597e+01 1.955189666514604596e+01
-3.259077595664493998e+01 4.374907554686200939e+01
6.701971013727903426e+01 -4.570823351022310277e+01
-6.337345171450200354e+01 1.595562177412526239e+01
4.539492698362385426e+01 -3.159350035530001932e+01
-2.622989145719189708e+01 6.579250148192726044e+01
-6.071198421939136125e+01 7.499385424542334988e+01
-5.154389284554554962e+01 -1.469052205776323783e+00
6.981838997018184045e+01 -2.362497907536469910e+01
-1.669324376330038362e+01 -3.188582608366989035e+01
-3.349292689818528146e+01 -4.333749768146866899e+01
3.639338542020479128e+00 6.186978270124961909e+01
1.421861410102727596e+01 -6.198760983714760187e+01
