-3.648170172040524051e+01 2.271176937897347159e+01
4.321329773876010449e+01 7.000460936871067963e-01
4.184366138715825301e+00 -4.889834320499431186e+01
3.594492328022307337e+00 -4.135038802246256040e+01
1.651098067770249500e+01 -4.360081499141878680e+01
-3.771597176955521746e+01 2.481231296261832142e+01
4.409507751024953137e+01 -4.075009264870035341e-01
1.201419754025726760e+01 -2.223785876767550107e+01
-3.468710335402663958e+01 1.184881056886141693e+01
-3.672561984373039223e+01 9.931200758353886826e+00
1.608107736389354869e+01 -3.027172465881950458e+01
-2.944960206340567410e+01 3.264096794136006707e+01
-1.389889061895409128e+01 3.069224064389171858e+01
4.541510198366891160e+01 1.032039564218180328e+00
-3.658014711702905686e+01 2.535036030093433368e+01
3.368522070172898708e+01 -2.075945373195096622e+01
-1.433531724859767920e+01 3.800262372731634741e+01
-2.326525920710016138e+01 1.356693270656124994e+01
9.030573495807841411e+00 -5.157794409521267198e+01
2.053693121419135537e+01 -3.824761842250588728e+01
-3.335965280687623391e+01 1.655416239345524687e+01
3.367920037318266679e+01 -1.073343821761341488e+01
3.202922546411946314e+01 -6.041962221821586709e+00
-3.400072016101119488e+01 1.445087161813440879e+01
-1.675016126896773372e+01 2.942471417051801552e+01
-3.138137545551257901e+01 1.371281194184798657e+01
3.265034199412261273e+01 -3.970019115669510601e+00
1.839975210532248440e+01 -3.880455646776848511e+01
5.854213609268320795e+00 -4.559857417275006242e+01
3.840297291880194308e+01 -1.100024098506954218e+01
-1.367487321535718614e+01 3.988037469356109455e+01
1.425937705746114581e+01 -3.140763293811887635e+01
4.458849943994188436e+01 -1.331482565556646946e+01
-2.109968124329072481e+01 3.563924706817814325e+01
-2.482507940793690082e+01 2.258995133465876393e+01
-4.227191100469611484e+01 2.791831494747237841e+01
-1.877338360659006611e+01 3.819982086119269127e+01
2.491753530431424934e+01 -3.649644373066905700e+01
1.400516081735847784e+01 -2.817255982413866633e+01
5.854713147495717251e+00 -5.370836227662378093e+01
2.256797824172457467e+01 -3.083130200876966498e+01
-1.591738626571762083e+01 4.526423881432488372e+01
-3.121783604302971327e+01 1.427088652944768477e+01
2.279859191423747333e+01 -2.272901493410639162e+01
3.170656935298358192e+01 -8.746977611112157547e+00
8.122607360701380230e+00 -4.527466238220069528e+01
-2.619325008894750795e+01 1.624686801131575109e+01
5.799097512210376948e+00 -4.858842802837037311e+01
4.296354792807319001e+01 1.932736484113516839e+00
4.807772476843668130e+01 -1.112448408113279186e+01
-2.378374404416533849e+01 3.831009523886900325e+01
1.822886252059547729e+01 -1.664799136370206512e+01
-1.805676747148359240e+01 3.390678326454411717e+01
-1.757280676586832868e+01 1.872026630645341783e+01
1.792460043398118685e+01 -2.641644515832754436e+01
-1.992050771213976290e+01 1.288690599105959933e+01
3.466004216967873219e+01 4.842899333016126739e+00
-1.514580168640758373e+01 3.395814401979916397e+01
3.065247164649098011e+01 -2.929693901383446786e+01
-2.773407886522526411e+01 5.102107757650391484e+00
-2.761086013600198186e+01 1.337044309664310227e+01
-2.344707002202839874e+01 3.933619913709168259e+01
6.133517490421769303e+00 -5.045744976218921352e+01
-1.706290248282710564e+01 3.327394044860618294e+01
2.128153169173318560e+01 -1.424544264341987976e+01
-1.255416758214398776e+01 4.494730735918984266e+01
3.163869698758542270e+01 -2.216152784637696627e+01
2.272924305845828741e+01 -3.566814009573622712e+01
1.956468673475985653e+01 -2.313531926452448673e+01
-1.815898249222610517e+01 3.644391627633252995e+01
3.085687364142552624e+01 -2.709867260273879097e+01
-2.601092699545180054e+01 2.621819576718895917e+01
-2.045167480286469441e+01 2.574224151751355194e+01
-3.430305079048038408e+01 2.472956628763423481e+01
4.042633026173677280e+01 -1.541816806577375054e+01
6.804559574468519223e+00 -3.228950968786353570e+01
3.954382591091079036e+01 -9.394463033776290217e+00
-2.554481847689675789e+01 1.373928042711235697e+01
-2.488403159940980203e+01 1.709179661809925221e+01
3.476838336603977808e+01 -1.843849145488003050e+00
3.676983624195131739e+01 -5.501161500364274204e+00
4.403277977645105778e+01 -8.444236579755607153e+00
3.489226853137209616e+01 -5.506999864353420371e+00
8.274443211385625219e+00 -4.371769062903672420e+01
-3.802158536504033748e+01 2.696965670755573541e+01
9.384779327121531622e+00 -3.696899156380336393e+01
1.627378154287034207e+01 -4.144552267066345053e+01
1.007991600476469607e+01 -4.813993764509780249e+01
5.208737747465182366e+01 -4.900272201170853492e+00
6.235289622869272463e+00 -3.776393732155810312e+01
-4.041307796469024538e+01 3.186911272135375128e+01
8.089122227276304145e+00 -4.813547904670348032e+01
2.072431533132759185e+01 -3.349730600981433781e+01
2.520766688938295985e+01 -4.916905510044474958e+00
-3.877437017901922189e+01 3.546511714363602863e+01
-1.863819768735890747e+01 3.590181844147411283e+01
-2.316851356352905711e+01 3.235519395359943928e+01
-1.450675849565937447e+01 3.044365694171314729e+01
5.098852165408126780e+01 -5.106962390891843562e+00
5.263697330225433291e+01 -5.283268939472183234e+00
1.985979837211159094e+01 -3.389059028067484292e+01
-3.006080267394337469e+01 1.371740805101505245e+01
-4.614129493447452290e+01 3.128449274946825653e+01
8.796360009351863241e+00 -3.340014750372116481e+01
3.303097931758681938e+01 -9.037631660089719077e+00
-1.758878231883184995e+01 2.868992345563319191e+01
-3.535484656532772618e+01 3.727748773176606534e+01
-1.210611546604569178e+01 3.498510586621782181e+01
2.576496986347913065e+01 -1.807922118911206510e+01
1.174421099737405605e+01 -4.851276148949914813e+01
-4.562987287937577463e+01 2.581214738770604455e+01
4.811538654261007508e+01 -2.828795695823434819e+00
6.996428371145669622e+00 -3.665381490831741473e+01
-1.503564507665049454e+01 4.566231110076004995e+01
5.064864401411058736e+01 6.888094379710753223e+00
2.725494229299808069e+01 -9.417755320526804752e+00
4.903742107677485507e+01 -2.275258305400956527e+00
4.083922920495194830e+01 2.821868033828109024e+00
3.147730642644584620e+01 -1.809438693134419296e+01
-5.075934549448604116e+01 2.319526915001030076e+01
-2.186945122610280734e+01 2.836693050744423417e+01
-1.723075485904764648e+01 3.502627722176305269e+01
-4.849098709586122880e+01 1.249510579339375305e+01
5.004281357975189337e+01 7.466710977489366741e+00
4.533266347192264334e+01 6.888301023847851035e+00
3.045664678243728218e+01 -1.744411637163948114e+01
-3.362239754180151863e+01 1.170399736013824032e+01
1.166419074759425101e+01 -2.335241010807987294e+01
5.163577856668043609e+01 -8.884611324015192935e+00
1.383059279037658662e+01 -3.664199735674745995e+01
6.946622761258212542e+00 -3.364319974577124839e+01
4.011553001958863973e+01 -1.051023151649625120e+00
-5.008515108993731246e+01 2.283880797026933251e+01
-2.018809106743279003e+01 1.326322246326215826e+01
5.168967272979088534e+01 3.454515406497095320e+00
4.806715942922327400e+01 7.997845737481344974e-01
-1.217957936642869576e+01 3.148178556980725418e+01
-4.562555809398813267e+01 1.036048952385420741e+01
2.181943849397012514e+01 -2.378070082368845561e+01
4.042559909107176708e+01 1.924707294479251596e+00
-2.420486216932807011e+01 1.785343558933445252e+01
1.298557573249304120e+01 -4.795683956610984922e+01
-4.902395023549686215e+01 1.881612365164843226e+01
4.536769176202236764e+01 1.712897195913751336e+00
1.177927996297055557e+01 -4.464306059872752996e+01
-3.858333797178548252e+01 2.171506718648223000e+01
2.645485454321267227e+01 -2.622479354784675110e+01
-3.616314856739773376e+01 1.309477464316603879e+01
-2.810543873309145368e+01 1.995217687039125209e+01
-3.100795711160252921e+01 8.553676008615019200e+00
-4.929234155235588588e+01 1.205407432621578501e+01
-2.069921830281882791e+01 1.556000563489095612e+01
-4.005038136110630376e+01 2.140618444362476680e+01
3.884217842337513105e+01 1.308681241047209953e+00
1.064995625477919994e+01 -2.860030321044773061e+01
1.297713621017657815e+01 -3.222395569811693861e+01
-3.842584035439731593e+01 2.286308447498957719e+01
3.930290214785279801e+01 4.075814063366992729e-02
4.056626814728885932e+01 -8.364194918638700571e+00
-2.189298268806007641e+01 2.283627375323954212e+01
-4.090617454051180601e+01 2.819329230005013898e+01
1.828718609413142815e+01 -3.444319762586023614e+01
4.200589974781591707e+01 -9.580469674108209599e-01
-4.387375385378089021e+01 1.313672208232238781e+01
-4.705292038872450888e+01 2.934893568456760349e+01
6.221329446321213652e+00 -4.602457265476265036e+01
-4.319332736228481906e+01 2.632276867662626429e+01
-5.051335207944845251e+01 1.926105749476093365e+01
4.572898288473606954e+01 -1.217615135086682843e+00
4.230778943345263343e+01 -1.430375492968473594e+01
-3.087613852670783032e+01 1.019476073101995084e+01
4.613531899394629932e+01 -3.951746339711074807e+00
1.456429799431410821e+01 -4.555986164741540279e+01
-4.323310232929480179e+01 2.576160647511431279e+01
4.803367018290284562e+01 -1.046462679355208714e+01
-3.974564944787956478e+01 2.559120202751901374e+01
-2.195516399949910280e+01 4.195260177471735119e+01
4.275267214358866141e+01 -1.253545003662750013e+01
-3.114874657330273422e+01 2.106168431867442337e+01
4.451080276983665129e+01 5.263635946707177382e+00
-4.811223597581293632e+01 1.576305210205096152e+01
4.071071775704366047e+01 -1.251611312644275564e+01
4.368351554300856776e+01 -1.150963252516021917e+01
1.881643579112444797e+01 -2.892988551739599856e+01
-4.241639811090306011e+01 1.478479019289676977e+01
-4.542151850059322982e+01 2.082112279131592558e+01
-3.835352075363125834e+01 2.028981635460908350e+01
-4.409660774409716311e+01 1.026473868246961807e+01
3.836520887738856800e+00 -5.114928451064456283e+01
4.543735227697445822e+01 -5.186465809821662276e+00
-1.212717372273773719e+01 3.308101538959179777e+01
-5.033562422379323209e+01 1.632056513512218743e+01
4.509602581390954157e+01 -5.972873969974964226e+00
-4.961362694764093817e+01 1.556534894542792458e+01
4.695871079050428420e+01 -1.606221944983329708e+00
4.377237053293334412e+01 -9.614610192347008422e+00
2.392820971373822658e+01 -3.009974191977712010e+01
-4.111199417832570902e+01 1.905236485672591940e+01
5.295985687680001774e+01 -2.304796632294443981e+00
-4.640443366271500736e+01 1.323306814129563591e+01
-4.656694868817707800e+01 1.856203427707517761e+01
4.734076849119518471e+01 2.974092584947034990e+00
-2.495841862246927434e+01 1.032857238025600033e+01
-4.412181799402318205e+01 1.141959538164444332e+01
4.473492260166299417e+01 -8.088842397983762922e+00
4.799061185903849491e+01 -4.906462056523476001e+00
-5.177865820956967013e+01 1.878513616116528340e+01
4.430920470658599619e+00 -4.616248649804445847e+01
-4.489159378353644314e+01 1.350270817990131711e+01
1.294073962597648020e+01 -3.959568607896894576e+01
-1.156749408207820373e+01 3.082351256605705103e+01
4.921010877969468567e+01 -4.660634740852216851e+00
-4.806848908112077368e+01 1.488890200088254012e+01
-2.486933502859545442e+01 9.658836521079040338e+00
5.055035785897517897e+00 -3.617735420092147791e+01
5.073449795109164739e+01 2.821902959777528697e+00
2.941663072683655145e+01 -2.476454771195368210e+01
-5.439220741889275956e+01 1.823069461571895999e+01
5.033242913417840469e+01 -8.587228856756889073e+00
-2.254035161727262704e+01 1.804686546835056404e+01
-1.432980892213990920e+01 3.693754432872663074e+01
-5.403089874801158743e+01 1.838342379801068205e+01
3.156435844841150029e+01 8.729460392911618793e-01
-2.317382539659114116e+01 3.744926083922604931e+01
2.240866946562137230e+01 -1.944368536144118309e+01
-1.796745009582589248e+01 1.752697388261475098e+01
-3.941933919757530447e+01 2.818726266588444673e+01
4.659116509843790510e+01 -2.537219759381218687e+00
1.936248628811482675e+01 -4.008805035861389143e+01
1.678349884312990525e+01 -2.776287078435671063e+01
3.124349067316166284e+01 -2.146148301502450906e+01
4.692784182348992772e+01 4.535907422628759456e+00
-2.242054434726556522e+01 1.494947661163874741e+01
-2.422176496174261473e+01 3.398499436274850893e+01
3.591231278336967847e+01 -2.424129631256280959e+01
3.357137030975383851e+01 -1.391978837652791512e+01
1.939345906872684466e+01 -4.242430174280583799e+01
5.021153598933977946e+01 -2.863451662695486011e+00
-4.287592026786829535e+01 3.112396888333459799e+01
-4.169651879921998727e+01 2.623066925422893902e+01
3.203517282322805215e+01 -2.287753436505233662e+00
-2.064716871403784282e+01 4.135012258939024576e+01
-4.172421470593409509e+01 2.309891821282877444e+01
5.060766543368882253e+01 -4.902663978995870919e-01
2.663878162514538772e+01 -3.538244069615463161e+01
5.056073548955385633e+01 4.344628161442360970e+00
-1.930437090215371043e+01 1.793766524569485554e+01
5.211706119239246959e+01 -2.985475367415408310e-01
2.303258239545240116e+01 -3.551462183036588272e+01
-4.354563240686752579e+01 8.975235499076593015e+00
2.637992819360042418e+01 -1.298924423963842933e+01
-2.358035589666697973e+01 2.313739233499391190e+01
4.409757791463501064e+01 1.383812407465228045e+00
-2.752809203077827860e+01 7.284250434725230150e+00
1.699096931305977876e+01 -1.808433541730705585e+01
-4.355897454962337889e+01 1.800245770643465448e+01
2.526289954820331474e+01 -1.167445007489406450e+01
1.091992921821368334e+01 -4.238641220129554910e+01
-3.905430808459379222e+01 1.310079719122092001e+01
3.564579456996928286e+01 -1.183801218272986411e+01
2.198787381171554856e+01 -2.576717006088152218e+01
-4.418205408020386926e+01 1.877864403386387693e+01
3.603266237832642815e+01 -8.384796060172964971e+00
1.592198879994170468e+01 -2.628359054853779497e+01
8.447810191988283535e+00 -3.632625548442432972e+01
1.452516882372568752e+01 -3.061707046312478653e+01
1.738005069573240391e+01 -1.495496189275828058e+01
1.498057259371600480e+01 -3.617491021599155943e+01
1.672328092265131971e+01 -1.020663771963814526e+01
-3.157382915409259638e+01 8.177417409497024892e+00
2.209443037747092831e+01 -9.933553132930573071e+00
1.728954319562378572e+01 -1.001477253552172542e+01
1.736360897126023417e+01 -1.155171820925049708e+01
-4.014712014736871737e+01 1.492483405746081537e+01
-2.929369789319715878e+01 3.973535820395130003e+01
3.174636186540336524e+01 -1.207171700380954249e+01
2.589615959085548269e+01 -9.259835901203825159e+00
-5.365875863946712343e+01 2.435383788095577628e+01
-3.887877567356403574e+01 1.092704981679306009e+01
5.020128826233033692e+00 -3.877037851720463379e+01
-4.139033084723519096e+01 1.786824647902550112e+01
-4.687851480921381864e+01 3.509281323366359118e+01
2.339585227292483438e+01 -7.693042831561371919e+00
-3.832634793281518171e+01 3.493017551788012298e+01
-2.918204271477709000e+01 3.320032643765746627e+01
2.493161882981795685e+01 -1.132140054962767906e+01
-4.011240349302046582e+01 3.485097665513433896e+01
-2.897419616329301917e+01 2.681986971310622536e+01
2.061388059725761224e+01 -1.146803597027208177e+01
-3.674611330897676709e+01 1.128156146534925597e+01
-2.713798251868552569e+01 3.762221778610125966e+01
-3.635523263618134138e+01 1.110058510609347238e+01
1.739827348763014925e+01 -3.187389827923498942e+01
-4.948158284390186878e+01 2.196089276250784650e+01
4.263777537901795256e+01 -7.717775332627317297e+00
-4.911294607374953358e+01 1.336352948985940436e+01
3.977651835080777687e+01 -2.111151031593655691e+00
-4.934950161376377054e+01 2.027892835978379082e+01
3.028261197916722480e+01 -1.107173592080083679e+01
1.594715829613599922e+01 -3.655960385167393412e+01
6.993752536497708228e+00 -4.661897835893852715e+01
-2.005160575617712482e+01 1.481459810191720905e+01
2.471563338709370328e+01 -2.624147888017860808e+01
3.148490880192671781e+01 -5.365726439031739403e-01
-4.792868516092859466e+01 2.058317757639162338e+01
1.414247081879435619e+01 -4.404555597786614385e+01
-4.662256985466656545e+01 2.244507870303784003e+01
3.554921207710751219e+01 -1.596154941001910643e+01
-5.222622493495781981e+01 2.564796977233519470e+01
-3.866055951123249912e+01 1.743877595009242043e+01
3.011323523488090004e+01 -2.085205726826374217e+01
4.589534243359959476e+01 -1.078718449900782872e+01
-5.341082491301904156e+01 2.455637028644199304e+01
-2.298247929507965281e+01 1.967962206228502353e+01
1.639271981973055148e+01 -1.365201712347210972e+01
-4.491226705212075387e+01 1.988387640139402990e+01
3.325986406996862854e+01 -2.862325206313261372e+00
4.800024927562936483e+01 -5.811182425332764856e-01
1.178077989528893177e+01 -3.348453669664438337e+01
-2.500499527289318280e+01 3.362389199386529270e+01
-1.743066604121393226e+01 2.846001771847636164e+01
4.899817077361316819e+01 4.053563259071029101e+00
5.990293609088690907e+00 -4.392938542627792486e+01
6.584200956967316998e+00 -3.993577904337209361e+01
-5.186656252529790123e+01 2.234115643696103604e+01
-2.345236228751777219e+01 1.444721307034885882e+01
3.568699315890577850e+01 -4.616831737143622050e+00
-1.961871103417012563e+01 4.050942264854887753e+01
-1.354495490008207526e+01 3.584527668942267553e+01
3.642634246727796210e+01 -2.164697352026591637e-01
-2.163341424665271617e+01 9.506804717309387698e+00
4.457679826408846679e+01 -2.831598884644013658e+00
-3.467179314242225985e+01 2.139852990305819347e+01
-2.795717929015372505e+01 2.039942773784496666e+01
2.080602197436353151e+01 -2.121959765075543913e+01
-4.114346093429317364e+01 2.375429793795948896e+01
-2.744205659729655267e+01 3.148703523659142789e+01
3.237144611259667215e+01 -7.542605929478545690e+00
1.682644574512908875e+01 -3.939423660103418001e+01
-2.928706205256327877e+01 3.840132534649850271e+01
3.353014801517541343e+01 -1.690416249583251584e+01
1.016868827500686123e+01 -3.889156959959710491e+01
2.630737136565456780e+01 -2.452111008392463987e+01
-3.445001067029982522e+01 3.744840336130661029e+01
2.908981179212650758e+01 -1.757471960075647743e+01
6.349416167927241617e+00 -5.257120679357463899e+01
-4.837880884369852197e+01 3.302775512194672558e+01
3.010531151972195829e+01 -9.928098322365404016e+00
2.972825792323151006e+01 -8.097226573839785502e+00
-3.223267169070397387e+01 3.048718742230598977e+01
5.232386113866978050e+00 -4.837434267884788852e+01
2.620453904027690939e+01 -2.166176107681746288e+01
2.821924215890186716e+01 -2.572068272315308590e+01
7.709309576278120524e+00 -3.308894206732252030e+01
-3.282049444674876781e+01 2.936527906567178547e+01
2.892930707020039094e+01 -5.940141938140302891e+00
-2.962433701728847169e+01 2.624594791275359285e+01
1.135426771590075745e+01 -4.469820145186847782e+01
-3.691206102335360129e+01 1.636857368104231014e+01
8.576859576925963680e+00 -3.923778532839454414e+01
2.695520549040003289e+01 -2.471197312336867924e+01
-2.682758356306850800e+01 3.709566998487899525e+01
-1.986755836585803081e+01 3.476888398123416124e+01
-2.201384708764950915e+01 3.477942724636613292e+01
3.028054270337467457e+01 -2.477927966103997193e+01
-1.780991723789433578e+01 2.155513014684596484e+01
-2.470669726062115501e+01 3.565561682959072698e+01
-2.399478152493632521e+01 3.494154103597504957e+01
-3.285717062559056956e+01 3.435844588950490675e+01
3.966958053469204604e+00 -4.367492997290004553e+01
2.820071173029743150e+01 -1.964095237490807833e+01
-2.700994600039108207e+01 1.171576922374738494e+01
-1.637150126094677205e+01 4.552762496854143848e+01
-1.842065823612752240e+01 4.019236555099161023e+01
2.614186448033734322e+01 -1.938616154003552339e+01
5.250304919943926052e+01 -3.326055866774567882e+00
1.168474369452336248e+01 -3.476698117764620832e+01
-4.405112060195217794e+01 3.154485514113789080e+01
1.688811660503070655e+01 -4.223891170437206455e+01
-3.748670193960476382e+01 3.889004034181046876e+01
3.749370306245862849e+01 -1.439920030439177445e+01
-3.160288586430012003e+01 2.465245272848981983e+01
8.880000906771464031e+00 -4.448701774201765602e+01
1.700818763285127488e+01 -1.677925054551027984e+01
-2.423366171968116589e+01 3.083895580074925746e+01
1.828993532599251282e+01 -1.025467946177695566e+01
4.817013704250252459e+01 -7.136922476621501588e+00
-2.814512353716680693e+01 3.577426444290998120e+01
-1.384502150641633911e+01 4.159323219061914756e+01
-2.956479886410927094e+01 1.480730114955926524e+01
1.832260663710782111e+01 -1.925737871527313061e+01
-3.254474194234956741e+01 2.478666381046102174e+01
-2.859707182371443324e+01 6.450831233064611148e+00
-3.331236760518094542e+01 2.253630197731251528e+01
2.517130877002827916e+01 -8.081268722079794742e+00
1.599507925637584194e+01 -3.107448535205526952e+01
4.066207347957235640e+01 -6.809510507369998855e+00
-1.165939700008585689e+01 4.513320877903344552e+01
-1.985522818511001830e+01 3.080695727494882874e+01
-3.365798594246835762e+01 2.104291855124025901e+01
-3.542055462320566761e+01 3.151831094111333442e+01
2.324531894320877257e+01 -3.296038270870695897e+01
1.630563288286590051e+01 -4.022994959956135830e+01
1.345176672515438021e+01 -2.751037636034884315e+01
-4.958246033103211658e+01 2.515588777379323915e+01
-3.814089009889325155e+01 3.394740971044308964e+01
-3.052470093440704701e+01 1.633976572496161239e+01
2.413885320332479978e+01 -2.335668020897313468e+01
1.945005917751312907e+01 -1.447711087943722497e+01
-3.641067184052504047e+01 3.882429915373387530e+01
-3.732608397462951189e+01 3.608207038050507975e+01
1.493434116394747768e+01 -3.435886801085968756e+01
-3.789746801951271493e+01 3.314365491511669148e+01
4.681448996344615310e+00 -4.168963713101896218e+01
2.307884336113109214e+01 -3.127914926796460904e+01
2.244532865029767521e+01 -9.132186466153411786e+00
6.852481148318648962e+00 -5.178682114493649635e+01
3.891515892498209439e+01 -6.874467181995359333e+00
3.301377622517635757e+01 -9.630471270362374270e+00
-3.462635218430014561e+01 3.844500963331206123e+01
-2.207187222915082714e+01 2.108787602517384840e+01
-2.927308979683962065e+01 6.815633924497960017e+00
-3.817567633743763622e+01 3.758156265230530124e+01
-3.306989373822597145e+01 1.788095743688687023e+01
-3.565379282220230550e+01 2.085624415643300722e+01
2.562679126776620819e+01 -2.095640399098467554e+01
-3.169493829827337095e+01 2.876292941192815888e+01
2.679894517090072625e+01 -2.084638206619743883e+01
1.460676690696364588e+01 -3.985840079108420753e+01
-2.454806241465746197e+01 2.632374263342786236e+01
-2.982683635567224911e+01 1.817245429286636949e+01
2.650967589000962477e+01 -2.781571041051228477e+01
2.920566713921179058e+01 -1.482749814763950980e+01
-2.002125642838863584e+01 1.849938952540458104e+01
-3.643953571825748838e+01 2.805723263513516486e+01
2.953550463821906646e+01 -1.699982261420391083e+01
4.127335235512157396e+01 -1.402036265685586791e+01
4.375322437455345437e+00 -3.048490423215065093e+01
1.732365561658843589e+01 -2.733082026290148647e+01
-3.465084207747790401e+01 1.846378018602616677e+01
-2.044737348676655841e+01 3.206295671206673603e+01
2.349742971681061476e+01 -2.054288323110997894e+01
2.139385479951292268e+01 -2.720464806098462063e+01
2.927742538036915576e+01 -2.847384001145108456e+01
-4.439933010647374800e+01 2.345280786919247973e+01
1.245398376460834022e+01 -3.024274725706041522e+01
3.421934426566383536e+01 -6.302854681413695204e+00
2.891672306992427366e+01 -7.369173552857325227e+00
1.833760272021438453e+01 -3.760598849747841399e+01
-2.702087190886604873e+01 2.573053512307174984e+01
-3.030892543905481773e+01 7.117155993320229079e+00
-1.636809171022090936e+01 3.461530212227907555e+01
1.542208172898556029e+01 -3.227303816232820566e+01
1.029657196931057328e+01 -3.002545450270897121e+01
1.158468126123242747e+01 -3.590960617580199710e+01
-2.727865204477540217e+01 1.265483725948728022e+01
1.766081799615565018e+01 -4.097044494557672323e+01
2.043467517129470679e+01 -2.583788075519264282e+01
-2.984344105121676094e+01 1.864868589359884155e+01
-1.870010710529846776e+01 3.388091191737676411e+01
1.888222875458822614e+01 -2.998420713997182574e+01
-1.547658978894457071e+01 3.282892690580236206e+01
6.312282188784235082e+00 -3.850801955747933647e+01
-3.038735270109831887e+01 2.409235400122610216e+01
-2.243455068404536590e+01 1.154338262664453119e+01
-2.053017665312265194e+01 3.270312032041842087e+01
2.400650232151393837e+01 -1.987283446187401736e+01
2.962455082429804598e+00 -4.669202126818829868e+01
9.846020360284670758e+00 -3.086357553362678985e+01
-1.731424954620154111e+01 1.974928250174042788e+01
7.871159343390646157e+00 -4.896379997082492963e+01
8.755966422982199404e+00 -4.027556408642258390e+01
-2.870205847022664969e+01 3.849757130131469296e+01
1.505196232875537277e+01 -3.905745497524959831e+01
-2.629544406089831909e+01 1.837234000453061000e+01
4.130820676714883177e+01 -2.442531463584259210e+00
7.331356185266953318e+00 -3.091341771320315246e+01
-1.768685621610070058e+01 3.185322547185957731e+01
-1.129844744285396096e+01 4.516810761699434096e+01
-4.696652166205186774e+01 3.426863586611359835e+01
4.128778328615302229e+01 3.925664096777469858e+00
2.791790384868638952e+01 -2.302728416124845978e+01
1.305256396109747286e+01 -4.258169323550384888e+01
3.905430366040214096e+00 -3.970588660920160606e+01
-4.559356988364834251e+01 3.050292058986763877e+01
3.018981939965428296e+01 -2.830856518019581713e+01
4.770592154257443696e+01 7.737264958814629168e+00
4.671617803549285952e+01 -6.039629901409179880e+00
-1.083316598799633468e+01 3.544062290265761561e+01
-4.934518514279966439e+01 2.593775826044081967e+01
-4.345921153461929975e+01 3.297364126797972261e+01
1.042136785824370016e+01 -2.394250976242519258e+01
-4.400628100105428331e+01 2.737316801769541641e+01
4.562075219717931418e+01 6.173070383628014746e+00
4.883556537462244762e+01 7.567472290890250974e+00
2.929360699641460997e+01 -3.755663594330875377e+00
4.171670156502012361e+01 -5.030710770787083952e+00
4.232714013596784675e+00 -5.063095258588980130e+01
-4.114470702304620886e+01 1.165215221579731519e+01
-2.753408219840212467e+01 9.410768667559507250e+00
4.111260785372780191e+01 -1.103131128080709189e+01
-4.245384982134689267e+01 2.185555330626095483e+01
4.442189874805445804e+00 -3.414214883602448936e+01
2.719983410154053161e+01 -3.123576432976654615e+01
3.953655118436260807e+01 -1.296198455453351528e+01
-4.575485167016758936e+01 3.249477060840841602e+01
-4.477694856961382897e+01 2.914977612206758550e+01
-4.206298290105085158e+01 2.109370911199781062e+01
4.400663007026510343e+01 -4.745177366253789941e+00
4.784212537154489553e+01 -8.062842989522422954e+00
