1.597354016778703034e+00 -3.234199178893580662e+00
3.806430412916804951e+00 -2.659366654976182964e-01
3.440272619644653584e+00 -2.364464853968873737e+00
3.488226623965132056e+00 -3.449013918935856626e+00
-3.995764680915061096e+00 1.824763215881662015e+00
3.876628944355031248e+00 -1.527525474810934369e+00
3.180200838570026001e+00 -6.697708806210990184e-01
-3.787989482202855918e+00 3.567404632169235867e+00
-3.818764659507632775e+00 2.272717508942388331e+00
4.925488652455214833e+00 8.898797767482355958e-01
2.954876769074033849e+00 -3.955792159520092888e+00
4.277618768520634163e+00 -4.961098467158974734e-01
3.921952456936359077e+00 8.469051904516007312e-01
1.865217001546187525e+00 -3.627797024666651993e+00
-4.547476661230843931e+00 2.994939301181377633e+00
-4.725368901451620474e+00 1.487248059857390725e+00
2.206997425729197548e+00 -4.127033479120549408e+00
2.814128409433972244e+00 -3.719350344686091603e+00
2.511230719616938334e+00 -4.045792953462824748e+00
-2.946843070917894547e+00 1.797826435997380123e+00
2.005712102193295099e+00 -3.738019191458877621e+00
3.885794830038787229e+00 -9.917068058666616004e-01
4.013005389410654544e+00 -2.669311724162292787e+00
-6.486911884889508428e+00 2.112117507135397254e+00
-3.352165887678653977e+00 1.504613813064821892e+00
4.858493850442053841e+00 1.125446104277946446e+00
2.105950846775817009e+00 -2.947587436354083934e+00
-4.496246815386695239e+00 3.826029876846788191e+00
-4.253806188655490317e+00 2.699321022817691595e+00
2.777124329502956623e+00 -6.639092958829119206e-01
-5.472431686740113932e+00 3.771780073916446874e+00
2.452234904584621233e+00 -1.624844418178204908e+00
-5.198543569730476932e+00 3.336739234747667204e+00
-5.242888783937907249e+00 2.734011365882857980e+00
4.942189442939646682e+00 7.153948671455737651e-01
-3.416756791899832280e+00 2.844027084023077911e+00
2.916715053031003979e+00 -1.586729752498692969e+00
-5.500273517523173616e+00 3.781759203689335269e+00
2.842278518357817862e+00 -9.694915128480714461e-01
-4.408317326978784756e+00 2.684411956707725810e+00
-5.850229709763910435e+00 1.523577870466816364e+00
3.217134291241737554e+00 -2.561546836824725393e+00
-4.550083598910587668e+00 1.443584596243019380e+00
-5.559892665715417515e+00 2.100911658376345859e+00
4.221515898190385307e+00 1.034242153456994689e-01
-5.036814738181448980e+00 2.127661189670145614e+00
4.928232529205389234e+00 9.792181908386689004e-01
-6.419271161107301893e+00 2.027809613006862577e+00
2.711647056050255244e+00 -3.210960938009908450e+00
3.863804342793309310e+00 -1.644555675656775628e+00
2.458384739024597199e+00 -3.032073196790879610e+00
