-4.996301005533569040e+00 3.764553365770420612e+01
-2.411126533923562931e+01 -2.611101734739557045e+01
-2.170375524298412984e+01 -3.011344813932038278e+01
-4.544207082014509957e+00 3.974285017962044719e+01
1.504861914129828726e+01 -3.808426237571939055e+01
-9.392390022045526976e+00 3.102824470102349252e+01
-1.146149843444738359e+01 -2.738797787581954069e+01
1.422761173447146277e+01 -2.952053188614786805e+01
-1.829847126928577872e+00 3.263781595995435225e+01
3.495470955002311531e+00 -2.897380803236644908e+01
1.783722201724123479e+01 3.189874073607805016e+01
-6.761158907175508048e+00 2.809566103085884947e+01
-1.731383688724838876e+01 -3.530318396673141024e+01
-1.920703906708281039e+01 -2.804544723856613331e+01
-6.860750328711032076e+00 3.066028013706321431e+01
6.539160417505350154e+00 -2.464077413362252855e+01
8.039916725362658667e+00 -3.251280027727546695e+01
-7.689475188076088763e+00 2.997317276166989686e+01
1.348905250482116713e+01 3.184021469303422691e+01
8.148149182814547586e+00 -3.589420784283014854e+01
-1.876793116156100893e+01 -2.897416640912339503e+01
-2.854661235068059000e+01 -2.756578954040866591e+01
1.183697995460926755e+01 -2.770630812519305763e+01
1.691610472900556061e+01 3.279856945286053360e+01
-1.683604428396128228e+01 -2.234148839208661386e+01
1.679303813032807824e+01 -2.466006864492874939e+01
1.392341470895548028e+01 3.839813208219538154e+01
-7.481000710314658519e+00 -2.652664985532307185e+01
-3.133261186000753895e+01 -3.181066807502827132e+01
-1.278345966634032216e+01 -3.144942724194249450e+01
2.696275219675742463e+00 4.799982354579623234e+01
-6.742112969357008545e+00 2.894466820285694553e+01
5.292383605406157265e+00 -3.257504584114824553e+01
-6.170992674510615394e+00 3.361986030014780624e+01
-2.653150908103996741e+01 -2.894729149294938964e+01
1.501022120194051013e+01 -3.888239530556658252e+01
1.767757274357131436e+01 -2.898959800030089085e+01
-3.697528439353185981e+00 -2.904793769165136297e+01
9.847559658305064190e+00 -1.841629784339493625e+01
1.564843929530149680e+01 3.521622566486935568e+01
-2.515188462726720697e+00 -2.273839198093847003e+01
-1.223348936254633834e+01 2.550265621638339297e+01
-4.533063058696185088e+00 2.487411555558284704e+01
1.814383639619552824e+01 3.088368448651046094e+01
1.519449649845718042e+01 3.419298049280059359e+01
-2.154686053154416747e+00 -3.229969986450930719e+01
1.303673285890303291e+01 1.478207026093069132e+01
-3.515422257927465766e-01 -2.478939334320683940e+01
-6.301096544698551405e+00 -2.928390857320694707e+01
3.097880385992689778e+00 3.413292379365035600e+01
6.657486244485275151e+00 3.508413326090623485e+01
-7.457253207325343247e+00 2.547838119220129016e+01
-5.200594089705851353e+00 3.416228438625297770e+01
1.038603220857678444e+01 -3.213858314523967863e+01
8.936574751616035428e+00 -3.184682584270183270e+01
-2.708390788711881569e+01 -2.759277005776046465e+01
-2.701416478737165949e+00 3.497150974980652904e+01
-1.847734278750690606e+01 -2.719984442846771699e+01
-2.126453901239393929e+01 -2.453820853454922002e+01
-2.129325163315112235e+00 3.945400876513891575e+01
7.275280524230563373e+00 -3.139448515605790746e+01
1.291949981143961956e+01 3.703198656685543000e+01
1.091664019505188854e+01 3.774242298724625755e+01
1.601002941408247437e+01 3.802177101414637406e+01
1.746767653585277813e+01 -3.295603858789019114e+01
1.674057650004534992e+01 -3.199154338700910571e+01
-1.465529478692140408e+01 -3.089420791870410454e+01
-1.198111912841438587e+00 4.653897032162519309e+01
-1.902305749567977955e+01 -2.502301811975810963e+01
1.235578959633721041e+01 3.089232950379985354e+01
5.413383304940508012e+00 4.024359393633255166e+01
8.693811553355876853e-01 -2.937305471789574796e+01
-2.071612182349738518e+01 -3.369354202519524222e+01
-3.800684314385152085e+00 4.482169952236872490e+01
2.067002219975367439e+01 -3.422125169341551043e+01
1.908698863100438103e+01 -3.908090103710168250e+01
-6.806962536079405268e+00 4.645432340760886802e+01
-1.385123623521313441e+01 3.975781890941697583e+01
2.367568762051690001e+01 -4.306404862375018894e+01
2.359769348879100548e+01 -4.090001533619556540e+01
2.414100559064797036e+00 -2.700571200604385425e+01
1.974092474723620327e+01 -3.332112723575958313e+01
-1.345949586959347144e+01 -2.493359455629194699e+01
-1.991413997416862003e+01 -2.181277544993188755e+01
1.421351487069059161e+01 -3.661394006023977710e+01
-6.710229765650717049e+00 4.538010248347875120e+01
-1.972728220219114093e+00 2.172817239567799064e+01
1.998641176790339813e+01 -3.699956037504517070e+01
1.831096821107906081e+01 3.647873882573450288e+01
-7.089096069568827652e+00 -2.989431242470097416e+01
-2.333928269784984266e+01 -2.724914665471670006e+01
-8.669596670588461507e+00 4.225879442738438740e+01
2.126073528288873149e+01 -3.948435450880235464e+01
-2.416164765371166467e+01 -2.901579801533554459e+01
-5.535531631139114950e+00 3.843045867929412651e+01
1.249800936138202534e+00 -2.385632021811359493e+01
-9.754001607118135908e+00 3.280072253403452009e+01
-2.301021221400097350e+00 2.971168580754147115e+01
-1.121748884655722200e+01 2.800874826750157709e+01
-1.011071026963811459e+00 2.210471194357087299e+01
-5.797551290507101385e+00 3.997860195331828237e+01
1.326522769012071024e+01 -3.551249587267311369e+01
-1.857452080222342516e+01 -2.214712738328506703e+01
1.351192844168343221e+01 -2.765209345683837583e+01
-3.648414875650731748e+00 4.171512786471168255e+01
-1.226881691369207061e+01 3.739873313118472709e+01
-2.418900358128416084e+00 4.741371862821426220e+01
-5.339539941201060458e+00 4.305761286452078451e+01
-9.400190447574050978e+00 4.358569367276555795e+01
1.859230454893911499e+01 -3.571380611577814790e+01
1.525730155144873379e+01 -2.417295839036399485e+01
1.832122877645414505e+01 -2.991724036339667947e+01
-2.436320124432300460e+01 -3.178449601990154250e+01
-5.787555630406957974e+00 4.300896078516818477e+01
-2.868905390902596775e+00 4.388232606165753680e+01
1.501353990453684872e+01 -2.548334021777928271e+01
2.542903699642656434e+01 -3.971817818203184203e+01
-1.241143929409960478e+01 4.142029506709638298e+01
1.434984157265960469e+01 -2.496468155617658979e+01
-8.683866357463084995e+00 4.026350877090507652e+01
-1.082888089876699667e+01 3.948902398032660699e+01
-2.973326354772169822e+01 -3.038881943861261448e+01
1.784612595180055905e+01 -3.152454645825212864e+01
1.855195568827458885e+01 3.623068299433774087e+01
1.856770632861411841e+01 -3.689929441973608704e+01
1.735744995073624608e+01 -2.994049667285910488e+01
2.129365480145254708e+01 -3.760458700797327225e+01
-8.953561641164389684e+00 2.406063220775805789e+01
1.907067113712973239e+01 -2.741661660288110625e+01
2.267506017641103711e+01 -3.312594359450307735e+01
-1.067303383107321402e+01 4.328332612044781769e+01
-1.219671063183453796e+01 3.877010787943594750e+01
-1.735341271062721802e+01 -3.381082147825074458e+01
1.797228725328603005e+01 3.486405271438457021e+01
-9.035642890921316450e+00 2.438628298400636041e+01
2.334624012571403995e+01 -3.682770408967652997e+01
-4.474259572828784393e+00 -2.702514435100620105e+01
-1.123857761045970349e+01 4.464363038951452012e+01
8.843780464566560084e+00 -3.751304152630812183e+01
1.081862097628326502e+01 3.284368615403392511e+01
-5.005236340942421869e+00 -3.157509822265621935e+01
3.462145984088456530e+00 2.352848631298816073e+01
1.739613122646813181e+01 -3.552108701040587135e+01
2.390179341139758407e+01 -3.994636550617533999e+01
-2.316349294743437426e+00 2.297514391818802082e+01
1.001224162712903620e+01 4.049580058197508947e+01
5.996321862074760922e+00 -3.648935671203121700e+01
-1.618246591570080994e+01 -3.080846905688944659e+01
2.073333487419252918e+01 -3.291087011443723753e+01
-1.910033627846300597e+00 4.277464502937422708e+01
2.184506183746297836e+01 -3.520325443015324396e+01
-6.979294285202889192e+00 -2.528916704365310508e+01
1.418009511290587499e+00 2.445490745880936601e+01
-4.553520394475294886e+00 -3.386719161581575577e+01
1.943729576119510583e+00 2.701732831979754224e+01
-1.188867879009526796e+01 2.430351851211426251e+01
-3.352525526279314771e+00 -3.273860676376828849e+01
-9.850708779801335524e+00 3.580179838519956093e+01
-1.106783140467359772e+01 3.525077555942119290e+01
-1.120754049448110301e+00 -2.261417942558533767e+01
-8.730678627801623293e+00 -2.843697599542673160e+01
1.016308293985684053e+01 -2.409459573827705370e+01
-1.230571185270024692e+01 -2.610950078740503955e+01
1.243292566088359408e+01 -2.048802475882122920e+01
-1.098552427028728751e+01 2.883582102696765048e+01
7.890634594720052242e+00 2.848257517142193151e+01
6.821540751879163977e+00 -2.525705426384691776e+01
6.652686223125952480e+00 3.782443762823039179e+01
1.127376290399216252e+01 -2.053534106749489041e+01
1.071828251257452624e+00 3.829736714583529533e+01
6.480080741771829800e+00 3.115739365199846134e+01
1.339582499714605568e+01 -2.243355912006035169e+01
-5.879661411356992273e-01 3.811321824090836685e+01
3.323428454719737246e+00 3.186509962910136551e+01
9.963301514010922233e+00 -1.994795478801464483e+01
-1.216874410393202055e+01 3.330029175084423798e+01
9.520378424708187737e+00 3.049516928757566703e+01
-1.224363189420018116e+01 3.365773418270607209e+01
-7.503144723979842112e+00 4.523628536615652251e+01
1.340723789635375951e+01 -3.173056522914309596e+01
-1.470720053051171483e+01 4.032343306374878722e+01
-8.910622724689043039e+00 4.465057025042050753e+01
-1.866759472318490509e+01 -3.134155857259408151e+01
-2.830004261276439692e+01 -2.931252622365173721e+01
-5.706095055392188531e-01 2.148638628391124072e+01
-6.602525817061594360e+00 -2.642257297689629780e+01
-9.179075624652371701e+00 4.656384459207518489e+01
2.148882467966269871e+01 -3.145279848207897189e+01
-1.209595360354309701e+00 3.718709945369533187e+01
-2.257285436818762814e-01 -2.653446386341924068e+01
1.424602397991372982e+01 -3.400584913897472461e+01
-7.092785913377142037e+00 4.803026798445121415e+01
9.413560439908419397e+00 -3.676720165527224538e+01
1.986391584958330014e+01 -3.587187838567958664e+01
-1.557880451513210929e+01 -2.468600307734442367e+01
1.134116208251200497e+01 4.024901495895264958e+01
1.282332879156486172e+01 3.089361410841331335e+01
-2.506106018255096757e+01 -2.865811950270582642e+01
1.193293809749467016e+01 -3.372373772530276881e+01
1.342840127720419652e+01 3.960186857654876036e+01
1.495462984579841326e+01 3.111730383632529495e+01
1.659248448242776419e+01 -3.775773699424643581e+01
-9.099930558047089946e+00 2.215885801003978628e+01
-6.139406004503243253e+00 3.651270083067832672e+01
-1.827697903731366091e+00 2.925597168463141884e+01
-6.329525586413923932e+00 -3.124919349104532884e+01
8.454666405051274036e-02 4.531142685260959269e+01
-1.746997411279559387e+01 -3.095143619064787543e+01
7.920212620221162680e+00 2.946454499040271813e+01
3.379713195111360147e+00 -2.505165694300672996e+01
-2.142281584809475348e+01 -2.563222569644734250e+01
-3.150930385669217682e+00 -2.764817314001489379e+01
5.062722527739310863e+00 4.036249648220996988e+01
3.712465303336567324e+00 -2.649660841452307380e+01
-3.021486633422091117e+01 -3.118044127151602751e+01
2.289578905847020618e+00 -3.282142742499132737e+01
3.050033225769792633e+00 -3.301796596286485652e+01
-2.726497447042068956e+01 -3.025879572700045728e+01
-2.001824994689151183e+01 -2.264077479478322275e+01
5.325114956910381281e+00 4.415915095520357880e+01
2.072529240483132362e+00 3.244360552793594366e+01
-2.538370529421981914e+01 -3.041384079061519330e+01
-2.067872992334612903e+01 -2.636733752655273122e+01
2.092198410523211205e+00 -2.444083302574271954e+01
1.199450625026441486e+01 3.613969529541814296e+01
1.124530574680939488e+01 3.408637187950828462e+01
2.855637762610460761e+00 2.678403803980696196e+01
2.317090893529292206e+00 4.437664358284411037e+01
-2.547658625947605415e+01 -2.530737193498142545e+01
9.573447670079370253e-01 -2.669209238167509923e+01
-5.829969036893002610e+00 2.370111080524035074e+01
2.487066424704861500e+00 4.795227193370831742e+01
7.178636597775038819e-01 -2.775507828022082180e+01
2.254951202727787418e+01 -3.120095427691237333e+01
7.342373356444897858e-01 4.565627273098159122e+01
5.612344769578626824e+00 3.768734734354798377e+01
4.715185489029856569e+00 -2.478084707550972254e+01
2.427045048702933983e+01 -3.609619814742774224e+01
8.758257423775939188e+00 3.138092445161252186e+01
1.675011041184240712e+00 3.293569552485974583e+01
-1.244147241596978937e+01 2.434888485991204377e+01
1.034325690056101799e+01 -2.311189461951699187e+01
1.285897960666934736e+01 1.572233784261287504e+01
3.474069305815192799e+00 4.132132771864066711e+01
-2.072372313659250409e+01 -2.952403661207547358e+01
-5.726977189649414157e+00 4.755025456836793296e+01
-4.941353593558365453e+00 2.875606023118770693e+01
-2.199697509210511104e+00 -2.997808249499650302e+01
4.848639169196192533e+00 3.895578403332508799e+01
2.019135388356611216e+00 3.850019021555362997e+01
-2.238482031961727614e+01 -2.395527494981891437e+01
1.004513296732957528e+01 -2.215139024513457855e+01
-2.919352222972714017e+01 -3.163580297979907385e+01
1.225193133457116268e+01 -2.904040995909563705e+01
2.484697011164233693e+00 3.807042653212413086e+01
-3.305306375031440425e+00 3.086760309838047789e+01
-5.492285136208847618e+00 3.603029417966331494e+01
-1.634838490449081805e+00 -2.801205401176871135e+01
6.322562727672878857e+00 4.386673095239972753e+01
-2.046502873462874206e+01 -3.217306329722140390e+01
9.489062324205185917e+00 3.961394330251285822e+01
-3.997050435860700635e+00 2.710515405983363735e+01
9.484819034681731154e+00 -2.853816368955986249e+01
1.183559153217594861e+00 2.536577102155119334e+01
-1.952645250090226270e+00 3.469513208489664180e+01
5.204730021878829049e+00 -2.684094787237634705e+01
-4.575347873025156886e+00 3.101299341922455000e+01
9.864624649787595345e+00 3.619843250112718636e+01
-1.256770806302490229e+01 -2.773354856599207352e+01
-1.956255919316319369e+00 -2.391810343741126132e+01
-1.776644135418888837e+01 -2.835774526495751147e+01
5.372683237903664200e+00 3.149353386284166234e+01
1.418269309296675651e+01 3.500346322389498255e+01
-1.131206616503038198e+01 -2.832489241238294753e+01
-2.414608624018412542e+01 -3.287581741314441075e+01
-5.307427112029402316e+00 2.406627274061249366e+01
-1.853269344479071279e+01 -2.992486260062845815e+01
-1.015215529469504219e+01 -2.804768544365524008e+01
-3.290977703741389426e+00 2.744665156010031382e+01
1.324183327101363439e+01 3.545153970740830118e+01
-1.560930424142722472e+01 -2.608447919325353581e+01
1.480637594096500198e+00 3.095247978402564115e+01
1.208107975350142738e+01 3.688285754758000934e+01
-7.648828191653973541e-01 -2.943133837386982776e+01
-1.982372116033306497e+01 -2.539775673469416617e+01
-2.789374486833228417e+01 -2.830894615163863648e+01
9.035517938336278476e+00 2.965563575217209902e+01
-1.825374402777390492e-01 2.889774846811258868e+01
1.567629235967759804e+01 -3.008654699380752362e+01
-1.814848636670995674e+01 -2.343249738516612624e+01
1.280599303303056402e+01 1.600282072469268968e+01
-2.854089398911230813e+00 -2.619632432727053128e+01
-2.296008182630625072e+01 -2.468153576547061334e+01
-2.716098727228553944e+00 -2.349432259267502587e+01
2.475423638686924122e+01 -4.086911342025864258e+01
-4.184422569432243222e+00 4.759372383963936670e+01
-1.526492995022677945e+01 -3.568960390446374475e+01
-4.175073836127242366e+00 4.317805013985105944e+01
2.265637960780192017e+01 -3.960228348083511207e+01
2.400801053017619324e+01 -4.238470139721700036e+01
1.159824267814127552e+01 -3.751002503430564161e+01
1.446295464694294175e+01 -3.099284558643934062e+01
1.583950274649004086e+01 -2.845205469899386941e+01
-1.044540631682105847e+01 4.226712120347348645e+01
1.284202361009395688e+01 -2.644503369783441471e+01
1.949402469258417625e+01 -2.936664338432193233e+01
