-3.039495503081098704e+01 3.317247689982332659e+00
2.637704647950041004e+00 -1.706653128853713852e+01
-4.715372851221499673e+01 1.557095737684652592e+00
5.802689960594963026e+01 5.754704311519751592e-01
-3.796056160436957327e+01 3.962533753527056746e+01
-4.700740215724587046e+01 1.637309211361659678e+01
3.867012529997075632e+01 5.713078901080550054e+00
-1.097237525161250993e+01 -2.127851731055443096e+01
1.011524499858047399e+01 2.200825649738354173e+01
1.957985848753024882e+01 -1.250779710359900676e+01
-2.661157939168803566e+01 -2.140546422936413506e+01
8.588910099057008196e+00 -4.335898593069531159e+01
-4.309661333425269447e+01 -1.830382088091902659e+01
-2.635221174552935963e+01 2.193965672808841560e+01
-1.470167761542213514e+00 9.152802455169485540e+00
2.231875278021401954e+01 4.012600126719009097e+01
-2.970023170360875042e+01 -1.143072260636428616e+01
-1.425447741217445241e+01 -5.070475050398711936e+00
1.403055058547296952e+01 1.058745522471859424e+01
3.331897795061797041e+01 -1.322993396746230665e+01
2.694011417970341071e+01 5.341752412602229771e-01
-1.179938911807852087e+01 3.623112556848215604e+01
3.432592786852299294e-01 2.757131710480352993e+01
-3.568164597247275083e+01 -4.010700030786208714e+01
-1.494331869954812220e+01 -3.893772769993645966e+01
-3.929254000823859450e+00 -2.951883243428016002e+01
2.630440980422040909e+01 1.847055371358397124e+01
1.149942096239725586e+01 -2.480041230332576419e+01
4.377060864486003311e+01 -1.791487855395797979e+01
-1.277992214058319975e+00 -4.550469786147218976e+00
5.321103294925563887e+00 4.696932034126746203e+01
4.456759763509817418e+01 2.647652457831854989e+01
2.919022337889067487e+01 -2.912578438543860671e+01
-1.216931911737835215e+01 1.789524738467213894e+01
-1.507158452122838455e+01 6.486334540690669392e+00
1.462304591451384006e+01 -3.002739215572898690e+00
