7.982253997858385297e+00 -7.171609516129446149e+01
-4.461678043062690335e+01 -2.021249716969543897e+01
-2.817797299751498841e+00 -4.524068907916652194e+01
1.856096510740140815e+01 -2.985899784435284943e+01
1.974270238025679802e+01 3.768730349445244343e+01
-1.991942772715469445e+01 -2.935884018516745186e+01
-2.921948268071868071e+01 -3.834154509077438888e+01
4.699529328421965602e+01 5.592346733747316279e+01
3.426885954375340759e+01 3.743523064733312111e+01
-5.781547099962894976e+01 -3.194519009258187836e+01
3.106306486774138875e+01 -3.703148713081933607e+01
-3.305225506654476675e+01 -2.371662383837087162e+01
-4.302620020101849008e+01 -4.905426109118124600e+00
4.106203182057109657e+00 -5.850680326963970401e+01
1.089141645620386356e+01 6.317076844916270773e+01
2.882580506467016690e+01 5.060558469849976149e+01
2.200489474851316629e+01 -6.587794740730529952e+01
2.193881147122605313e+01 -4.402433429779600971e+01
1.060046979065472073e+01 -4.387313900333942485e+01
1.909990975549342274e+00 4.050979239374250795e+01
2.942538430073122058e+01 -5.411710189840716367e+01
-2.482141615610578000e+01 -1.347018800328549837e+01
3.780203455452030070e+00 -1.808984499637565335e+01
3.836554301559022662e+01 8.281523279936777726e+01
1.120591688010778597e+01 2.954661985690415094e+01
-5.795438721413916738e+01 -4.387875119129929402e+01
-4.409910186738298599e+00 6.853293688024008645e+01
4.279708899268753974e+00 5.492475763499248842e+01
-2.014994786052040254e+01 -4.510358461616360870e+01
8.506942032415166111e+00 7.675730336545481691e+01
-1.421820330640844965e+01 -5.697363761430321460e+01
2.400111818122945806e+01 7.578915558435764410e+01
2.331242359547678689e+01 6.370662783469131085e+01
-6.488016771178490671e+01 -2.059694740499079657e+01
4.378549139223405717e+01 4.328946812901368446e+01
-1.030979983310735548e+01 -3.538469581060884650e+01
1.549592428856910864e+01 8.584158496322649512e+01
-2.905497937783163920e+01 -5.376199963006737903e+01
1.525314473881702781e+01 5.155734555354944604e+01
2.892719305622088566e+00 -3.260046362190981739e+01
-4.277326185538282033e+01 -3.286810593266395131e+01
3.555061270450855915e+01 6.506829130978248088e+01
-6.795705629823825689e+01 -3.408085454954623117e+01
4.769319062889940142e+01 7.995513040193424104e+01
1.584456908390098739e+01 -5.558177213386422721e+01
-1.128707916722703430e+01 -2.199903825127094947e+01
