1.274810367903820740e+01 2.555595406009873827e+01
3.502843138933317135e+01 -4.636161515673659639e-01
3.900649074498824120e+01 3.471156902978774639e+01
-2.467569261448828755e+01 -7.432543702210406167e+00
3.762238755909466192e+01 2.263435638254017590e+01
-1.102576183652583097e+01 -4.232913105212458049e+01
2.619158592197990387e+01 4.233850130355006058e+01
4.960504891522674598e+01 5.141609021949481217e+00
1.976832847121985592e+00 2.024662158693433867e+01
-3.162512533154681194e+01 -3.122996942746750193e+01
-3.786833226019759024e+01 -3.528617474929614417e+00
3.905001954522626217e+00 3.337235829176044177e+01
1.542350019695385832e+01 3.705532983531728775e+01
1.702381009024998804e+01 5.027162748699829820e+01
-1.185080166064685159e+01 -1.381265631218814960e+01
4.592681096295804899e+00 4.559385575820769532e+01
3.664508120052829554e+01 1.162953502659875049e+01
2.723789853452836596e+01 2.803497634361496083e+01
-5.862220168088357042e+01 -2.298695814154863371e+01
-1.558100342554980955e+01 -6.427312200719771385e-01
3.560695459871095636e+01 -1.536313769163614751e+01
-2.655137598273098121e+01 -4.276826940831233514e+01
-2.240359497407947487e+01 -2.444346708282117575e+01
2.324825907319813112e+01 2.222605073664982722e+00
-3.954918405736398057e+01 -4.199759678664499063e+01
2.297643998539643562e+01 1.579272620369388491e+01
-4.341510179958650895e+01 -2.486370301040534514e+01
-1.202961953693399266e+01 -2.843918204260860705e+01
-4.938517182926477744e+01 -3.656139680917164725e+01
1.323052102851584344e+01 8.223901744520889068e+00
-3.189996923177778498e+01 -1.851431111283521957e+01
4.487785022055818018e+01 -6.428937813892702913e+00
-4.519377803139747130e+01 -1.288170520053827950e+01
2.494133247102899276e+01 -1.582686362865362817e+01
-5.861971983925967322e+01 -1.196112431860996672e+01
4.840822258496302055e+01 1.965039123900053042e+01
