3.263429281710838836e+01 4.724783266848296392e+01
-1.254057846612321327e+02 -1.834743932787224594e+02
1.178788456298187270e+02 -3.184594165423010281e+02
2.611058376070585751e+01 -1.961032339110202258e+02
2.279375558095571819e+02 -1.893366514636781517e+02
1.939089755749487836e+02 2.922633916276805621e+02
-3.302382465583067273e+01 1.833151487271149449e+02
-4.275946006818139722e+01 -6.168575163573418507e+01
3.182489041768253060e+02 -5.008055895005984581e+01
-2.794286515959298072e+02 -1.980665134186229466e+02
-1.649914311682278196e+02 2.712762629039298758e+02
-3.403736137827367543e+02 -1.299442257995146122e+01
-1.206469874305655168e+02 7.608223575079060197e+01
2.988264996990837972e+02 1.384526494431823096e+02
1.843766981032731280e+02 3.209814726289943820e+01
1.151917181622166879e+02 1.646906405908710553e+02
1.124443917500729242e+02 -8.577526617260494390e+01
1.413557277833153947e+01 3.302751597497326088e+02
-7.995733261564075178e+01 -3.328618945205048476e+02
-1.913308916269046449e+02 -4.556203907841423018e+01
-2.637760606566928345e+02 1.386986728269298510e+02
