1.131786698153783135e+02 2.745691385789262284e+01
1.261051048978622369e+01 -5.851075570642657375e+00
-4.261741827614547873e+01 -1.681341063913766121e+01
8.096066827380133191e+01 3.820690765507194442e+01
-1.388421769656938807e+02 -1.006428769398333856e+01
6.989685028753766005e+01 -2.170494005215634203e+01
2.358357671950568246e+01 2.470371693687996384e+01
5.274980567682602839e+01 4.142955556079947854e+01
-8.408711359086761661e+01 -4.679541520052814008e+01
1.079644439863833441e+02 7.006545844158895875e+01
5.554752711305262380e+01 -5.030473265931161109e+01
7.083407404766987270e+01 7.274661191242525149e+01
-3.193512543784230573e+01 -7.421989264515684681e+01
9.813816863917152489e+01 -4.134355140142319129e+01
2.208799677292575936e+01 5.415254205790308362e+01
3.756462976896408179e+01 -2.309322921578055343e+01
-7.348794936187663041e+01 2.007987559431504110e+01
-1.375944583533424925e+01 -5.095680183686253173e+01
-7.072438240530361497e+01 -7.806853699645984079e+01
-5.805066255839637535e+01 -4.399940662567661320e+01
8.140981320413015965e+01 9.919468942971160885e+00
-1.203119511095390806e+02 -6.588823713680343985e+01
5.364570398805150120e+01 9.218127008194093364e+00
-7.382682871840036398e+01 -1.563925619767678477e+01
-1.052266021427816156e+02 7.030922480137125063e-01
-1.134772963483069361e+02 -3.484007427019032832e+01
1.075834829923568066e+02 -6.042227174109044086e+00
-6.411751696530724409e+00 2.655351249415691228e+01
-6.254664273842174715e+00 6.496653086689919121e+01
-8.700018294616802450e+01 4.294787721592234675e+01
3.825762989148827131e+01 8.247488452286519589e+01
