-1.539024449265429553e+02 -1.196047592211130990e+02
2.106491304162641143e+02 4.663630442986455571e-01
-3.592934675660532662e+01 -2.795760206133826387e+01
-1.858438455423621463e+02 2.421972809309192769e+02
7.541483051014336070e+01 5.836207769727462846e+01
-7.261221660350292950e+01 1.279959780347675604e+02
3.572212541167795621e+02 7.557011829743400710e+01
2.138115216773746283e+02 1.667316544582260747e+02
3.145018830546853223e+02 -1.248459711797826657e+02
-3.140401007264094915e+02 1.336065887372893144e+02
-2.808808172114269723e+02 -2.188891269283013514e+02
-1.815252460386719520e+02 3.381265885783731306e+01
1.599866354799717101e+02 3.280192230860127438e+02
1.898001873204225944e+02 -2.392800452806485509e+02
5.210853528799065515e+01 2.036793641583170142e+02
-3.260665447033422311e+02 -4.685894720493966048e+01
5.294752279936292183e+01 -3.366798369891625953e+02
-1.217440990573373050e+01 -1.842338507752243686e+02
-4.447153342552656596e+01 3.349284795081605353e+02
-1.251790235990525133e+02 -3.049512504801634805e+02
1.061840287761820605e+02 -1.020683966898629649e+02
