2.412405980453765508e+01 1.029798257330696387e+01
3.971793378353053239e+00 1.741738073361788608e+01
1.135135408716364758e+00 8.014867984834188164e+00
1.096011475817792302e+01 -5.902087432685400259e+00
-1.674532559535728637e+01 -1.580589366671101637e+01
8.213424158454008861e+00 1.576929598775429486e+00
-1.492518850447246637e+00 -3.446685440571077663e+01
1.229883205970033622e+01 3.597797209431463017e+01
1.651236892328360639e+01 3.817396299962037443e+00
1.142096258771515771e+01 1.932936593062275321e+01
2.846695175376734710e+01 2.274530035545810236e+00
-1.562434554038395973e+01 -9.970730943740262475e+00
-8.882934993215807040e+00 -1.362273997796061487e+01
2.995280549779913670e+01 1.189551387405900229e+01
2.759146512403577134e+01 2.155130000133990009e+01
2.178978693493804641e+01 -4.831364588626802181e+00
-1.552738745902273720e+01 6.067351918414096712e-01
-1.405264866407676827e+01 1.664311578372084810e+01
-3.354756640435146320e+00 1.636088569792914527e+01
-8.247445489935163465e-01 1.956035183396116039e+00
-1.697622857942833363e+01 -2.939060187806438407e+01
-3.023197177048604800e+00 -4.913015627292524279e+00
1.018085541879378830e+01 2.942291329895553176e+01
-1.940764905587654798e+00 -2.431756065277265577e+01
-2.174921523344717045e+01 -2.210433464459744357e+01
1.929093484699452432e+01 2.068932250556330388e+01
5.551657594214822744e+00 -2.379774472117269113e+01
1.587693673491566138e+01 1.168504088897400095e+01
-9.058361400772808381e+00 -3.268895500549713518e+01
-1.310096615412972021e+01 -2.303654432928114559e+01
2.230886850947833455e+00 3.350956860893325739e+01
-2.706511817083240601e+01 -5.336511482155869679e+00
7.847346539470316351e+00 1.081418644392613082e+01
-1.490793956959207911e+01 -3.861967252081579716e+01
2.257312225713511200e+00 2.491353257071133953e+01
-2.785219833556866575e+01 -1.616451136575123471e+01
-6.985382333608319172e+00 2.755250235109812351e+01
-2.741146241232701186e+01 -2.524959105320584740e+01
1.813491764109321380e+01 2.999442487231500110e+01
-2.491417112237904874e+01 -3.564811044644272187e+01
-6.318880554967774010e+00 9.565322218741481919e+00
