9.202775721105825824e+01 7.330885892027131945e+01
-4.478648924841044732e+01 5.173123454017497380e+01
-5.065097967924698708e+01 -7.411098878073462970e+01
9.715601870045426836e+01 -5.036209573307310450e+01
4.537220513456561832e+01 -6.321087249770327787e+01
6.051589750808039980e+01 -2.702145523238798219e+01
-8.857109708995248809e+01 -5.171629231057778497e+01
2.269737421163395297e+01 -2.179251740506399315e+01
3.185391833437227405e+01 3.810290763971517691e+01
8.240390544959480223e+01 -3.261912932737402571e+00
-1.246331343128823477e+02 -3.390951765745155200e+01
4.226854726083774949e+01 5.936298138838648875e+00
7.380154305437953610e+01 3.591887054891535058e+01
6.146588264498809906e+00 5.962736237659599681e+01
-2.005054526138691529e+01 -4.215037446016523859e+01
-1.318724154415516914e+01 1.143939547235178189e+01
-1.200761066217298492e+02 9.149517961795579524e+00
-4.590679038938176149e+01 9.705054289978349402e+00
-8.504612437299208239e+01 -1.338527622051609889e+01
-7.866972222752924893e+01 2.406646214380397808e+01
-1.317677050814353201e+01 -8.647439529618976906e+01
-1.030165369507253956e+02 5.700647574172270282e+01
1.206609765750258987e+02 -2.705824520087876550e+00
1.115544399985637511e+02 4.064080640565486391e+01
5.147876573203102168e+01 8.218094686504514357e+01
-5.016639922856015943e+01 -2.871266799817510673e+01
