-1.428339283783176938e+01 -1.595311173936766247e+00
8.748275189392984430e+00 6.367947352412523188e+00
-1.921264786260422497e+01 8.163568664897626448e+00
2.023861064022662859e+00 -1.497171063856259643e+00
5.389354510340400584e-01 2.167480298093391156e+00
1.417558792172631499e+01 -6.028296875145202627e+00
-1.396423998653404830e+01 -1.585655011216600485e+01
7.530622798951095653e+00 4.138957093297070067e+00
-9.156701343039818752e+00 1.078930838663361946e+01
6.975824865979892486e+00 1.150598826556765530e+01
9.260180703949025371e+00 -4.093127750653299479e+00
-3.284005553685150902e-01 1.219920755122194445e+00
-1.469469959370315770e+01 1.877210983622091156e+00
2.652768986095606518e+00 5.787804511799778950e+00
1.129550931789857238e+01 -9.044129820417614596e+00
2.138896486885344839e+00 1.247911000838035456e+01
1.848887159822724868e+01 -5.728788002503022447e+00
-1.082334425996254623e+01 -4.937061000764594532e+00
1.003569405425426275e+01 1.277614866364337587e+01
3.599124383670482707e+00 -8.001338612903257097e-01
-4.114434776628380419e+00 -1.141156780254108050e+01
2.661889704997933315e+00 2.851263787330999389e+00
-1.151110450256575746e+01 -1.792265541836096210e+00
1.665953507158208424e+01 1.072708461622158360e+01
-1.921745859499884856e+00 9.788316479910216250e-01
-1.035366642223687528e+01 9.389771019467632485e+00
5.583194234927730371e+00 -3.331213301275941507e+00
-7.382500799457702989e+00 2.185910292805889110e+00
-4.924320837259630324e+00 8.008484686506351924e-01
-9.486663655039421883e+00 -9.094727509208050620e+00
6.958644037081963774e+00 -3.603281526296709281e+00
9.504044095958581906e+00 -1.645823223782148403e+00
5.281906115449873873e+00 1.838619431967678963e+00
-2.301467830517739088e+01 -4.402741658235274080e+00
-1.179453689987061971e+01 -7.662597618571489910e+00
-7.751974850572598719e+00 -3.493271916552232792e+00
-1.880471310716977129e+01 -1.283784583099540078e-01
1.990488355278365162e+01 -2.452425301060485285e+00
1.537922929114385440e+01 -1.978671826457359950e+00
-1.652145200332055142e+00 9.824213138198556905e+00
-1.838134246043071585e+01 -6.979082407113561537e+00
4.967687013614934699e+00 -1.171170698790106712e+01
-1.937608602026134363e+01 -1.714324763158790565e+00
1.693076873656944059e+01 -3.348028866512619661e+00
1.394614735802064587e+01 1.270212407757837836e+00
3.431059700871009532e+00 7.271741438651901923e+00
-1.440695098669690388e+01 -6.466358293679093983e+00
-5.846409006350707038e+00 -4.028128976009926809e+00
3.198459225695708952e+00 -3.828151415549122305e+00
-1.002087214412354044e+00 1.062787262439568003e+01
-1.580574388514631323e+01 -8.503607471815499252e+00
2.234834392954314808e+01 2.009735944032899901e+00
1.648204675462076807e+01 4.883597897498041185e+00
-1.756070367833224211e+01 -3.543483559471446220e+00
1.090936340907075497e+01 2.279582445751623165e+00
1.948575540230791958e+01 5.934901661456359889e+00
1.421071458773120888e+01 1.051255423716361159e+00
1.678703461928131091e+01 6.572797733130609110e+00
-1.651248040236556847e+01 -1.589936544560305531e+00
-2.419128365165251537e+01 -1.322570814352536095e+00
2.273094777529796673e+01 6.125185937202512143e+00
1.493261204270804443e+00 1.387050136840048076e+01
9.935909161676223178e+00 1.180378825199939286e+01
1.856927267180599372e+01 8.302010947667011198e-01
1.859465187629824490e+00 9.083187734291957582e+00
-2.209638083447715218e+01 -7.669741870255038840e+00
-9.903047243887815654e+00 8.199788597244370703e-01
-7.956750637800465320e+00 5.181649795883678244e-01
-6.896129554596583056e+00 3.680670207075029676e+00
-1.459381419835347771e+01 -3.227141700302893934e+00
1.264013752956883074e+01 9.396207371021770172e+00
1.218181007708971997e+01 -1.102051731399701806e+00
-1.124939514412049668e+01 1.732528814183721677e-01
-1.729651670554781262e+01 -1.506387076884380249e+01
-1.715810859613252504e+01 -1.700893014779025947e+01
-1.645389654021903780e+01 1.620525957810389439e+00
2.125051187380234907e+01 1.087701296613700386e+01
-1.613080853571239981e+00 -6.145641731301887845e+00
-1.604091161583002645e+01 -1.083307355512166126e+01
-9.964271953076115906e+00 -4.224669787890565686e+00
1.651374172076704028e+01 2.397933244018926935e+00
1.484960113262176762e+01 -5.323867917833051244e+00
-1.628624212974808927e+01 -5.006828544222214461e+00
1.106818003843912734e+01 -9.748650511328914803e+00
-2.289124639626805546e+01 -1.446789574898937891e+00
2.150937821395982752e+01 2.576889567929020242e+00
-7.026941142754357550e+00 -7.855922278596445985e+00
1.307115042924953840e+01 5.218377044392478403e+00
2.322743687347644581e+01 1.280543855206603299e+00
1.308424212202326231e+01 6.143413078793603432e+00
-6.779474973638801139e+00 -1.421019466472883241e+00
1.480036911066524219e+01 -2.021585946352260521e+00
-5.040312391077579335e+00 -1.114964633743980471e+01
-1.493752208515941327e+01 1.258476708845803538e+00
4.528884708039218943e+00 -2.369962669914233988e+00
-2.637511812059134542e+00 -6.776114596162997827e+00
1.573895293677628082e+01 5.458251698579291933e+00
4.243498639607603984e+00 6.800612803758965264e+00
1.431688376705504417e+01 8.215812007617355306e+00
-9.344309722355644610e+00 -2.281322822529523453e+00
4.956056588247864880e+00 6.124072664871245131e+00
-1.674403177392002506e+00 4.985405380935008068e+00
1.922426614979330495e+01 -6.976950811266818597e+00
9.597434058450297067e-01 6.210824540814228634e+00
1.939393698409031686e+01 7.067645701444511985e+00
-1.920026458697877203e+01 7.948703426062819766e+00
1.216009868853756437e+01 -4.222579378441191800e+00
5.703131732139086196e+00 8.982800651909496281e+00
6.845748925167788990e+00 -9.507206144036743467e+00
-1.204605818328070832e+01 -3.062800338659422472e+00
3.950044024495223960e-01 -4.206156274491358538e+00
7.861531183291302405e+00 4.575525710561645920e-01
1.295837643912293302e+01 -1.960227323812621103e+00
2.229489339236409862e+01 -4.519918136271449782e+00
7.539344942489894841e+00 -6.568486651246393526e-01
-1.309237061988573636e+01 -1.026507396994068344e+01
-1.783191854566758394e+01 -1.268710980877737526e+01
9.366116082769345041e+00 3.919232869696463784e+00
-1.861563893299814154e+01 -1.092668310335081294e+01
6.142721099113900962e+00 -1.248443757783256336e+00
1.311022625082214788e+01 -1.020816425644411929e+01
-9.674179259464009917e+00 4.782762621198647146e+00
-1.538762481698216789e+01 4.536509814172480226e+00
-1.465229279298624476e+01 -1.127617642513571816e+01
9.884029811740639104e+00 2.002558931577238799e-01
-1.426706950537811913e+01 -7.120045394633494062e-01
3.384370957289890125e+00 -2.129084481449411703e-01
2.270789228564857432e+00 1.641073708533928865e+01
1.747437161999530630e+01 -8.770188853422868913e-01
-2.053782564946099498e+01 3.288656526372186750e+00
1.136707195612616950e+01 1.236187066942842749e+00
-1.356018665775933130e+01 -1.042314532276974326e+01
1.779884361540516124e+01 4.767271571214786618e+00
5.104079269736520708e+00 1.425476622449478725e+01
-8.058577771595681227e+00 -1.428821260420174610e+01
5.243261757011680402e+00 1.221835045358137961e+01
1.976001726497387878e+01 9.512011645487842060e+00
1.061792717690180865e+01 6.025439392253129967e+00
1.494551846802391726e+00 -7.935130312168073630e+00
-8.282921664740689138e+00 -1.321401355747682693e+01
5.373616251167312008e+00 -4.522033557373283941e+00
-3.932184086062422868e+00 -4.194878944817517663e+00
-4.489858036637977001e+00 -9.256195589611326824e+00
6.599376204938028678e+00 4.801834657882032786e+00
4.290469289652343754e+00 -6.993018669635819862e+00
1.670384785968191466e+01 1.357576267229574007e+01
7.414335473353535377e+00 1.400750150731492738e+01
-8.995894064421667835e+00 -5.327817514771508556e+00
-6.440838780379047890e+00 -5.629496832541176943e+00
-1.083825881464021990e+01 -7.776677805875953808e+00
-1.693895015130726733e+01 -7.318462695563648701e+00
3.656096270144717497e+00 1.058864394270061737e+01
7.822894932761922604e+00 -6.477583797746810035e+00
-2.080543779803277094e+00 -2.811603168023729449e+00
-1.968330227209306216e+01 -5.398262573230359962e+00
7.422054092402565750e+00 7.886906488408743421e+00
1.911237502395849575e+01 3.381668981632304227e+00
-1.341094386795369786e+01 -7.206532394857709356e+00
-1.730068291827997484e+01 -6.231564091248570136e+00
1.856248328759170896e+00 2.844696768848953283e+00
1.326295746123990860e+01 3.967829862495154458e+00
-1.006873490804900051e+01 4.279474775408416143e+00
-1.540433746373628843e+00 -9.770892024032312051e+00
1.128969909519905634e+01 -4.037380694892888755e+00
-4.778383179093058430e+00 -2.302399127368489840e+00
-2.077692171161612222e+01 2.734225127873454397e+00
1.052324207399042244e+01 -2.277485835362258182e-01
-2.068770857022447274e+01 -1.326672187406745174e+01
-2.104739091166476683e+01 -9.332117467992640414e+00
-2.277731662425583892e+00 8.503365017362732203e+00
1.275230279108549780e+01 1.518469222917656758e+01
-2.092094866240006823e+01 -7.946981767638276573e+00
-2.156529901124682880e+01 -9.663383952721108505e-01
7.521085431773275154e+00 7.443884628320920349e+00
-1.798486436463069182e+01 -5.348259016249604869e+00
-3.441808962603702060e+00 -1.276293106957415091e+01
-9.648546912449205593e+00 -8.106475027290963808e+00
-1.497530974159807116e+01 -1.489195631841614897e+01
1.060916748636608453e+01 -7.820799758481267183e+00
-1.135795838752953912e+01 -1.206953382379463058e+01
-1.095164460536180684e+01 8.312082754172216426e+00
6.592795514563146497e+00 1.383382586319276264e+01
1.284777281041167107e+01 1.021504208438666694e+01
6.081423378322967643e+00 -1.087479825134040645e+01
-1.022333262290109879e+01 -1.241079345350746799e+01
1.020276580932845789e+01 7.536746449396422243e+00
4.465093294012593361e+00 8.754145162074232545e+00
-1.171198199353258573e+01 8.038740802714055000e-01
-2.020845009834100381e+01 -3.119178061693062443e+00
9.157286333842815651e+00 9.937539693935166341e+00
-1.232650643247016298e+01 7.800073558468715085e+00
1.665661163725863858e+01 1.178552711809308029e+01
-4.269934511378248865e-01 1.157868896363958555e+01
6.283234286976314975e-02 8.473774404588374054e+00
-7.824506495830940267e+00 4.843401856210536316e+00
1.654621422735171521e+01 3.917534184276360021e-01
8.328040191587943397e+00 1.549456459158303012e+01
1.567028790475999678e+01 4.292300392709158530e+00
-3.148794499741284447e+00 1.037808088358334047e+01
-8.067108168546695879e+00 -2.143470332945280443e+00
2.059699941272824120e+01 5.545907167314900299e+00
1.689726087515584041e+01 9.522050163134048617e+00
-1.800525398657921983e+01 -9.630424938556316761e+00
6.050108107050137463e+00 2.300123141710909369e+00
