3.468832605771419821e+02 -1.695120666640870581e+02
4.411820809571245832e+02 1.431370212726319266e+02
-1.966447547266156164e+02 -3.958140984314335924e+02
-1.221563013040507002e+02 3.821701799608617875e+02
1.573645437903668380e+02 -4.419183584040005712e+02
-3.933553028393651516e+02 -1.386352824497731149e+02
-1.555016624662961817e+02 6.472169287907453850e+01
2.011185915315689954e+02 4.064511126522174322e+02
1.318838815789441696e+02 1.030882185556673534e+02
-4.237768793568455976e+02 2.135490044764969753e+02
1.300254225802663122e+01 -1.672374238476556343e+02
