-3.080304647950042352e+01 1.532695015053549348e+01
-1.118414065891527365e+01 -1.940658461122571055e+01
-3.672469930684106032e+01 -8.935911867652139406e+00
-2.405160386640218917e+01 -1.175521422960035256e+00
1.461920344950866557e+01 1.117757604721389164e+01
-2.352940081449605714e+01 -1.634936636624538053e+01
2.654309884408493048e+01 7.763049088371098527e+00
-3.536282911349890146e+00 -2.608645189576730417e+01
-2.697353908946851320e+01 6.335440810398269562e+00
-1.829057008914577764e+01 -2.323431904022078953e+01
-1.841194176582631670e+01 6.016657839830189758e+00
2.805947423020467468e+01 2.161206453964330620e+01
3.276678366289274891e+01 7.177794226001100730e-01
-3.590065070209879394e+01 8.407275219126271182e+00
-3.146258365059855677e+01 9.421220834166579294e-01
-3.962473782900739394e+01 8.337493723005691137e-01
1.261799895430102936e+01 2.231105273494738483e+01
-2.237616440558495867e+01 1.311058645412140145e+01
-2.284032860969162826e+01 -3.041370304449266015e+01
-2.806076308509673467e+01 -8.437557416220506923e+00
4.646254564445008839e+01 1.155290988428835952e+01
7.967243963651599259e+00 1.464499616507469959e+01
3.015880407744162106e+00 -3.067365388575622731e+01
2.636336738278351888e+01 3.193334456223724516e+01
2.153737312848156193e+01 2.332994732157766649e+01
-1.125484316651176186e+01 -1.095250377586448742e+01
3.471521975462695053e+01 2.703210093206897113e+01
-1.392932069996025923e+01 -2.967288669818620939e+00
3.793061685605711375e+01 1.788458698471097819e+01
3.130879167067838864e+01 1.434348634792034716e+01
-4.317471070200559424e+00 -3.487829615685490126e+01
2.089381957427557879e+01 2.810622286172668183e+00
-3.180749036221324033e+01 -1.584858671481763182e+01
4.190367724730715793e+01 2.513149691279189923e+01
-1.875614927214260064e+01 -9.799729225068190885e+00
2.234157574818302194e+01 1.619134393208608103e+01
-1.302013777084675006e+01 -2.877066606360055800e+01
3.677079044359491888e+01 7.969823644309966149e+00
1.952818242647980984e+00 -2.227659443375797110e+01
4.707563907861050012e+01 5.072216571200912405e+00
-2.799005267818578702e+01 -2.224444471662134148e+01
