8.512309751818241566e+00 1.981455468587667212e+01
2.837390478813526795e-01 8.428774231504700509e+00
9.163945455981826527e+00 7.972488100658425836e+00
1.489730498769069555e+01 1.884855999164829043e+00
-2.307458652092679419e+00 -1.169281399933228727e+01
3.516946962989817571e+00 1.520720058542748276e+00
-3.124536538795811419e-02 2.221368450468056466e+01
7.773865213825031928e-02 -2.079740950208514860e+01
-1.399380726615278459e+00 -1.593571534801644773e+01
-1.134965566833274586e+01 8.400295620576178734e+00
2.083875390678646156e+01 5.791525403072605549e+00
-2.203671929589319234e+00 1.675280556444592861e+01
-6.822467498111048911e+00 2.113073369577104188e+01
6.514571685811592516e+00 1.528344957896720935e+01
-8.966902182347450179e+00 -1.747958606233535050e+01
2.533541926375848519e+00 -1.151870020606538780e+01
1.494520424217976462e+01 8.229899989119802584e+00
1.062562854920600941e+01 3.443599569935400950e+00
6.413566400721229854e+00 1.113342276666694453e+01
-6.993511162539531867e+00 -1.321184765952144780e+01
1.780190568332360002e+01 1.071288375628529010e+01
3.388696209620129629e+00 1.854579904550773861e+01
8.544487081830203223e+00 3.689127834959136654e-01
-3.195828828914276443e+00 -2.431807006329666621e+01
-9.682521170002027944e+00 -8.081809867129436498e+00
-7.708872614665677858e+00 9.377612739478792037e+00
-1.659814714214230236e+01 -1.457764153779350735e+01
-1.234442347387943428e+01 -1.110467459963251891e+01
1.243369262784293161e+00 1.433354011686103036e+01
-1.261744585029393129e+01 -2.012948010375842145e+01
-2.892942210336530984e+00 5.308101983598208840e+00
-1.410212679651511358e+01 -2.634161016003731959e+01
-1.033041629471474998e+01 -2.326191803607026642e+01
-3.551245035811008144e+00 1.143237251433142809e+01
3.946929612787566377e+00 -1.815852576672212493e+01
1.356328528875893902e+01 2.037502975725191945e+01
-1.808068565346910717e+01 -2.081568677532083811e+01
1.109382420184548579e+01 1.177015634128713195e+01
-1.246173376632715879e+01 -1.526553859105896294e+01
1.250672703856024803e+01 1.641084777625430391e+01
-7.459414917668675926e+00 1.488138694515809490e+01
-5.590085603490230426e+00 -2.091706808224587277e+01
-1.116371174566581281e+01 1.303780309233463264e+01
-6.719251800964506138e+00 -2.717607925085759391e+01
1.882471383736738346e+01 1.532031563536041396e+01
5.335956303417615842e+00 6.908603355091625708e+00
