-1.638786825612873344e+01 -4.017459357703492273e+00
7.250338484072464951e+00 2.407958046326524837e+01
3.233591772254021635e+01 -2.938769569167259021e+01
2.102206424001403207e+01 -2.127575343318983769e+01
3.273011388723969617e+01 -1.165507717614630678e+01
-3.555191678922662391e+01 1.581528335060822954e+01
1.979838546633483176e+01 2.457873183767428316e+01
-5.259002222042955532e-01 1.742402617963837885e+00
-8.007951203999956746e+00 7.342464941123242994e+00
-1.016630779302281518e+01 1.134248238833867006e+01
3.267681341345325308e+01 -4.027415055088646945e+00
-4.807010580543720835e+01 9.064144542723603593e+00
-2.748356643806554445e+01 -5.621967633207698434e+00
2.682496244473694347e+01 2.897454964739106487e+01
-2.428229395078810526e+01 5.530787272319527936e+00
1.762676903274109819e+01 9.698625807276965105e+00
-2.296338197060980590e+01 -2.198654299251887423e+01
-2.043088751820879523e+01 1.182122661249028983e+00
2.392885590158195086e+01 -3.377628536393797987e+01
2.667005092784382470e+01 -1.806596783355628943e+01
-1.491541420141672702e+01 1.179759929566114707e+01
2.435948347780962564e+01 1.543983158266806832e+01
2.832597942364630583e+01 1.263059802186420910e+01
-1.787584312800283115e+01 5.172958035019802558e+00
-1.839645201693816645e+01 -8.348829364530089947e+00
-2.253503723959175531e+01 3.218745688875059408e+00
2.177199237722976122e+01 4.292794158299919616e+00
2.481255918281750894e+01 -2.500447104174197577e+01
2.960982158610542925e+01 -1.894447559606807374e+01
1.383761309698153497e+01 2.083376777909847100e+00
-2.781686838144653606e+01 -1.950332879550357035e+01
2.941620736991893281e+01 -8.549537857795195706e+00
1.771812225898624860e+01 1.443171947990518333e+01
-4.164566775953213096e+01 -1.497230169795374621e+01
-4.841270989439952643e+01 1.598955056422975041e+01
-1.992871222048376367e+01 1.533353556066995083e+01
-4.460469881072888398e+01 -3.552037574083438454e+00
2.432007979631509542e+01 -6.531760645904486573e+00
2.551673125883111837e+01 -8.892267283739901274e+00
2.731422497452271614e+00 -1.071322553878816919e+01
2.092601290345045584e+01 -1.052432863646648187e+01
-4.192393511844992560e+01 5.894625611177565894e+00
-1.967567083980771869e+01 -4.583839154970064556e+00
1.994389499371479957e+01 -2.010723780804045902e+00
2.004043369808404762e+01 1.435703999675421727e+01
3.045322370309511228e+01 -1.650676697532961512e+01
-1.884433475070458286e+01 -3.058965996413049115e+00
1.899131439310142611e+01 -1.413334566024091821e+01
2.238444904146500747e+01 1.282482645033143243e+01
2.817164802514523458e+01 1.779677304753828437e+01
-3.913643954737336372e+01 -6.257046885221104304e+00
1.197247088994188680e+01 1.527462695610572185e-01
-3.888316425466346260e+01 -1.731557409994398355e+01
-2.300285335633770600e+01 -1.577983013393509282e+01
9.277193336836505821e+00 -1.023434097605553639e+01
-2.104019107284391055e+01 -7.209724174644691175e+00
9.753257488170390843e+00 -1.152077674475554980e+00
-2.937801954327137111e+01 -2.562915375751329350e+01
3.339042309381644458e+01 3.882380036490059361e+00
-1.013466302924208229e+01 -5.000966694958937531e+00
-2.483207279998656958e+01 1.597047546978686006e+00
-1.940115651130671637e+01 -2.373646418512859313e+01
2.640792896987296956e+01 -1.980737201419829319e+01
-2.695433597216672794e+01 -9.120385499955883546e+00
2.233116381677055529e+01 7.289179879377255311e+00
-3.939218910838526710e+01 2.014907095449909313e+00
3.292819508560216946e+01 1.792195600118908105e+00
3.676523095901575289e+01 2.586500835462686609e+00
2.892750471491415709e+01 -1.371516323091815792e+01
-4.246881967137755254e+01 -2.013755761070031625e+01
4.176773520253033922e+01 5.240702681377205963e+00
-3.300261887980876452e+01 -1.804443775339310463e+01
-3.339693552954498301e+01 -1.116097900120748498e+01
-3.466558024615608957e+01 -1.190390901435437065e+01
4.118436864294893240e+01 5.916948076507292598e+00
3.406147270217545042e+01 -9.134761289433001252e+00
3.375113469846018432e+01 1.464150860734010884e+01
-4.354257860025543891e+01 1.440503557602306017e+01
-1.058087073942534850e+01 -6.555293897563070793e+00
3.322741273603282508e+01 1.370380402731590230e+01
2.311351646972527263e+01 1.288491224378777567e+01
2.251092325541250716e+01 1.906643426129963004e+01
1.599565721708549759e+01 8.363889035430513985e+00
2.481632755964985648e+01 -2.152696027197971418e+01
-3.000533548945520224e+01 3.725429884162691607e+00
2.002637158280360907e+01 -1.596166056648746157e+01
3.042349052869560566e+01 -2.123005557725532810e+01
2.618003959765099253e+01 -2.503721166107332863e+01
1.805575944980332892e+01 2.793758673124811764e+01
3.393917737906004817e+01 -1.990963090338841113e+01
-3.211460437844744575e+01 9.927439405259439908e+00
3.317897017031723550e+01 -2.213308903561697250e+01
4.001934111215719270e+01 -1.041563957872902080e+01
2.973256628389063039e+01 1.561755028002710155e+01
-3.267822840696909736e+01 6.748574510583383201e+00
-4.331118353219145689e+01 -4.692996561338401484e+00
-3.224376358766482298e+01 -1.585485410072469392e+01
-2.657940047891252888e+01 -2.533648474375358361e+01
1.831080026574737829e+01 3.312403786259454108e+01
3.079143943609913947e+01 1.118205719514038243e+01
1.766755102594642324e+01 -6.384298644785940446e+00
-1.524857908749198820e+01 6.231540539952912461e+00
-4.990857447943324132e+01 1.775464120465990003e+00
1.865447153732540642e+01 -2.165620349610635387e+01
3.238831466728203168e+01 1.815018930410534281e+01
-3.453640297057558683e+01 -5.977963441379266385e+00
-3.045179915654282610e+01 -2.025090593385207249e+00
-3.246064573451253921e+01 -9.721225411506836167e+00
3.477604047049778302e+01 -1.250559170228627281e-01
1.569023518984447563e+01 -2.842092608552238886e+01
-3.206660099949180420e+01 2.436170744963101242e+01
1.181768410936639313e+01 1.658257285777888157e+01
2.889535713112960025e+01 -2.964817040027578798e+01
-4.209920497268810635e+01 8.136565478227471004e+00
2.460394047978574150e+01 2.787116594015164139e+01
2.064956875531661140e+01 6.803451269412751579e+00
2.433949261268206499e+01 2.235777355215835982e+01
1.620547742804991387e+01 1.766336418153220578e+01
2.576968637518259797e+01 1.582368235104531617e+00
-1.894136943677944984e+01 1.694642876047179314e+01
-3.516164832609856461e+01 -1.430012230925451000e+01
-3.259714783074463895e+01 -2.239084049791485853e+01
-2.877112414384324879e+01 1.088160230550797536e+01
6.284535511816454090e+00 1.696969132003823688e+01
2.590682126611310565e+01 1.287406457293576878e+01
2.913513588781034258e+01 7.792654726713946545e+00
-1.885128436565931764e+01 2.684969073552485597e+00
1.242995935048127620e+01 -1.111539771239604590e+01
2.468855352103658518e+01 1.906582408345772706e+01
3.042818853207313268e+01 -1.158551579937502041e+01
3.602107587909727471e+01 -2.905429524951436449e+01
1.604505113951679718e+01 1.944631779651636805e+01
-2.065674260175879340e+01 6.948143035969827075e+00
-2.513725707606128879e+01 -4.590592294997574818e+00
5.813819165432412284e+00 2.237467808719250328e+01
2.843679187297079736e+01 2.333476482007874253e+01
-3.403586589213239222e+01 3.917308997277658467e+00
-1.282237070585332717e+01 7.944229650282561117e+00
4.217062415414405052e+01 -2.095819073156226153e+01
1.715823742341343916e+01 7.092519067928925836e+00
-2.328183507376795802e+01 -8.201880970609224164e+00
2.099200599764517250e+01 -1.934386811366639236e+01
-1.897120918929403643e+01 1.262043300346424068e+01
1.360032967402913684e+01 2.162085504370361733e+01
1.406069236145547841e+01 -1.605808530364321030e+01
-2.295488315484950448e+01 1.119621790094508462e+01
3.452607320298546512e+01 1.710266386265864114e+01
-2.562028994029270734e+01 2.517344773219808474e+01
-1.627824199503123026e+01 -1.430218336596493245e+01
-8.733147297094593142e+00 -4.700653008150576184e+00
-6.752690675882884186e+00 7.696768441152193496e+00
-2.480024260315315843e+01 -7.982989319359104385e+00
-4.708212463854093954e+01 9.759607153514419764e+00
1.681333759905357894e+01 2.067021280737803934e+01
2.460231607290210576e+01 -2.576465967146786884e+00
2.129395448055143802e+01 -3.106133276961949363e+01
-3.086932195333868734e+01 1.664851245763508203e+01
2.714660505157569403e+01 2.120848810297112585e+00
2.841400902759536251e+01 9.933935955422256825e+00
-2.399215806017836528e+01 9.069423204854633269e+00
-1.775499072637239095e+01 -1.482846211598695163e+01
1.685264988107848083e+01 -2.061734141414103050e+01
1.028312414315849743e+01 2.186157972715608366e+01
-2.843994369411536738e+01 2.010988525567223206e+01
-3.780335571588169330e+01 7.345877647223048257e+00
2.203590283666862604e+01 -1.636351524329087326e+01
-2.008035390785970620e+01 2.050459147559036310e+01
-3.166910643335548059e+01 1.366530125468417722e+01
1.546868292734696659e+01 2.426692301968983045e+01
8.671438094724138068e+00 1.080562337574711229e+01
-3.506800853777215288e+00 -2.664743708998511984e+00
1.043991670908320124e+01 1.163731223236507439e+01
3.305325104995768726e+01 -1.433240698029434590e+01
-3.139645123574805652e+01 2.367344678573111239e+01
2.243546740385004057e+01 1.774012424889144057e+01
-4.435873133501394960e+01 -3.003094426289170560e+00
-4.131559787978890341e+01 -8.353687223404255846e+00
2.064857420381572695e+01 2.101381897780259678e+01
-1.514630548183760261e+01 -2.094787816893785504e+01
8.465678052719669111e+00 1.901160815291318684e+01
-2.942090336723272159e+01 1.403386499039503832e+01
1.687093104621286699e+01 2.620850881826686685e+00
1.796634654892996252e+01 1.227554536755490844e+01
2.081157627582630809e+01 -2.922629205862708357e+00
-1.587370341559911147e+01 1.576213785942628931e+01
-3.845046340803095575e+01 1.344641988052618942e+01
-2.939753627954814874e+01 9.820503301452298217e+00
-2.377890709762844068e+01 1.076631888192855335e+01
2.481652053116850354e+01 -3.159071285201464008e+01
3.164602456900146521e+01 2.173870125060319580e+01
-3.255389866845867175e+01 -1.375860321707560807e+01
-4.122991349199504896e+01 9.654027538597656388e+00
2.557875815596253943e+01 2.146662471536318506e+01
-2.214325885127166416e+01 1.697797370136081341e+01
6.565848099973027097e+00 2.629804328355713849e+01
1.292259397999240100e+01 1.731118335581550483e+01
3.178707040829010921e+01 -1.897757448110038547e+00
-1.739744504918967039e+01 1.305078229150238123e+01
1.352239347582836793e+01 2.740651797496096975e+01
-1.126994267287204643e+01 1.817260202858785334e+01
-3.379314109702529834e+01 1.796651303788522469e+01
2.564984899547874164e+01 7.972564448704727802e+00
-1.060332147091346044e+01 -2.601508136522983072e+00
-2.697720853343751557e+01 1.736555500558659659e+01
8.152937533590527863e+00 4.769705867657004106e+00
1.359889408829747381e+01 8.634621821765186667e+00
-2.848426214967424031e+01 1.729476188432490602e+01
3.126683736688216442e+01 -1.363340089898706076e+01
-2.566894885556049744e+01 1.546992134523249796e+01
1.708404966149398874e+01 -1.127727712220045220e+01
-2.953214375260003166e+01 -7.178135396905907406e+00
3.258071446981884378e+01 2.596399290368662705e+01
-2.917561850519824418e+01 1.551538849465842240e+01
-1.379328102609114559e+01 -5.654702685786245908e+00
3.239791068673820718e+01 -2.521839428411353268e+01
1.327742745447772599e+01 2.013206756011904730e+01
2.102339706157612653e+01 -7.368075256791672523e+00
-2.696308016899933335e+01 1.538020308365653044e+01
1.343938765638971589e+01 2.952482248319699920e+01
-2.368942453495660772e+01 -1.096471116863799899e+01
-3.362270332285412167e+01 -2.314451668224853265e+01
-2.526007376811808669e+01 2.094517769246952454e+01
1.128666531117893435e+01 1.601460415250961722e+00
-4.664587488588447428e+01 -1.478470377410300074e+01
2.533052011577272467e+01 -1.871550090569735980e+00
-9.719320786140569268e+00 -1.412142416203891671e+01
-1.595184443313813816e+01 2.675017101351567561e+01
2.345013055454569795e+01 2.264211564886128158e+01
3.663343127953894651e+01 -1.703921497352678927e+01
3.741844515702854324e+01 -2.641986989477577552e+01
1.999546508077287754e+01 1.112450933246407736e+01
1.054241474938429768e+01 2.035705840724347482e+01
-1.690086160393220283e+01 -1.674956339723175924e+00
-4.266226277046278170e+01 -1.368265495989590441e+01
9.972843237570845787e+00 -5.456947328396813290e+00
2.904383263709258500e+01 2.012887304568664959e+01
2.146845440145284911e+01 -2.540804604581669324e+01
2.699182517845180840e+01 1.528126568824239584e+01
-3.709082202778739656e+01 1.087413592829195608e+01
-2.313262483198469965e+01 1.414222712274319882e+01
1.721606075385050971e+01 1.232301251444278201e+01
-5.015913158644873704e+01 -5.191685119428372630e+00
-2.204935530080153683e+01 2.501980419022288160e+01
2.564891131676736080e+01 2.699932120624578502e+01
1.051774755838254549e+01 -1.028090490782256872e+01
3.210794596601338924e+01 3.066082838000747657e+01
-1.382913932251407196e+01 -1.234848456491571866e+01
3.541141139061797816e+01 -4.519371838634231309e-01
3.911686780439099920e+01 -1.275318763961222679e+01
4.567177363132264745e+00 2.407280640833789320e+01
2.336382873630583035e+01 -6.717202381538883715e-01
-2.583917295955405891e+01 -1.214089097914788518e+01
2.367190135154578101e+01 1.118983145170277105e+01
-8.950785906615569942e+00 -1.698301405233004768e+00
1.430006705068609207e+01 -4.137379859131512738e+00
-3.601038851251890804e+01 -1.175944652048533534e+01
1.542658337399437052e+01 1.550287697311800983e+01
2.030588554786244160e+01 -2.632029683264881115e+01
-2.777384787105803454e+01 8.819084065206205025e+00
3.091662421114734371e+01 1.566456202520668750e+00
4.471869096627256823e+01 -4.310682124016671501e+00
-1.768596390934366269e+01 1.854300692347614188e+01
3.075036317816823939e+01 7.934479751297838668e+00
1.753269483976285770e+01 -9.939926099945498805e+00
4.156012325090394910e+01 -1.565263433912984148e+01
3.521355582220115821e+01 -2.819358820920678355e+01
2.840921637111706133e+01 3.839167746582173635e+00
3.894997973006771019e+01 -1.387182951100435524e+01
2.531599801894329538e+00 8.304591525168342869e+00
-1.791614193896651841e+01 8.787395976650110185e+00
2.930142979490631205e+01 -4.834281510928602366e+00
3.394149455610392607e+00 1.072254872164107553e+01
1.817972594545018339e+01 3.064721420458162093e+00
-1.233404259208548304e+01 1.877465703891284221e+01
-1.917737384834879322e+01 -1.391561222573326972e+01
3.387017304641953785e+01 9.335598347508964778e+00
3.350117939423407165e+01 4.658240402071534447e+00
-4.670547091411709317e+00 -1.718913722135069122e+01
-1.552141732513209504e+01 7.650556863346253067e+00
2.909247286572892577e+01 -2.418692970638927520e+01
-2.346769436456670732e+01 1.504929846032633911e+01
-3.519021538965112939e+01 5.925283625046356972e-01
3.181766663209229407e+00 1.274397102703087015e+01
-3.466388087999183654e+01 -1.647584722050844164e+01
-3.613191813586829682e+01 -6.509640653354970219e+00
4.181111183936613074e+00 7.297973749178382263e+00
-1.654676605425353486e+01 1.254899372273544600e+01
-2.606927479234119005e+01 1.675650063644890109e-01
4.360536532382660369e+01 5.530609540631004073e+00
-9.976279310617407248e+00 1.255064023927950423e+01
-4.506334963907383440e+01 -1.102059442231995590e+01
-9.416575136995118944e-01 1.763382013349092503e+01
1.569966094021867242e+01 -2.881198825164482713e+01
-2.694423924695942674e+01 2.121550283398740433e+01
2.259290676279828958e+01 1.998474808151537729e+01
-3.872525363192269765e+01 3.528636999554977560e+00
2.815305205440890646e+01 1.643344034492501748e+01
-2.438697116819539090e+01 1.944416251153145225e+01
2.568915052508619823e+01 4.880557298196124272e+00
2.291901312681353886e+01 -1.024888822958477697e+01
2.981810679896750926e+01 -2.980103571339916968e+01
-2.268892298007440900e+01 -6.890575875668733197e+00
2.036873487819597983e+01 -7.455637154604415784e+00
8.955970152417590313e+00 2.605338621739455629e+00
-3.373437416198953542e+01 1.649130937293450216e+01
9.180820084699277572e+00 -1.681336554193174138e+01
-1.835728775905004539e+01 1.775089850080140152e+01
9.633816530116330767e+00 1.313141548180447060e+01
-3.849324624598326494e+01 2.095142076775316298e+01
-2.574907018868897524e+01 1.323836783334790468e+01
4.405714853250664476e+01 2.165612051126738713e+00
7.038507772356670245e+00 1.850529846161699510e+01
-3.374975325230457912e+01 -1.418774208283875293e-01
-3.155924893471753734e+01 -1.122523560564399148e+01
1.053700342619796970e+01 -2.276786859221743953e+01
-3.804812316938526351e+01 1.192398533076701739e+01
1.981324025066274785e+01 2.870996062360423551e+01
3.093120503798510867e+01 2.146264983167872487e+01
2.774437837839893106e+01 -6.636156465068073551e+00
-4.193443423009499327e+01 -1.923225215861884863e+01
-2.907129127091673837e+01 -1.828118733362553172e+01
4.122805066094928250e+00 -1.025117537876859553e+00
2.583484435296352899e+01 -4.037809208687797025e+00
2.512694345964850839e+01 -1.612721429064320944e+01
-3.282615499205147103e+01 1.079730873756639831e+01
-1.520642884770160919e+01 -1.118720987810932099e+00
1.609180565038249000e+01 9.116898123106645713e+00
-4.632167235489163915e+01 -3.789958475173491603e+00
-2.914159985866891844e+01 -1.344781474361796292e+01
1.686080705070818553e+01 2.319458989720153497e+01
-9.394374459714700976e+00 2.733095701279632639e+00
1.447603768706851390e+01 1.230588644748210925e+01
-2.387410116752136346e+01 -1.985328698758595412e+00
-2.275036050941639942e+01 -5.828062971475509002e+00
3.742130790363336956e+01 -6.305221796656962141e+00
-4.007386369140681381e+01 -5.344870277718063001e+00
-1.357452692958213625e+01 -1.677103658082339166e+01
2.483961481198330645e+01 1.359103987093508970e+01
3.385635012164086532e+01 -1.033570082782498289e+01
-4.558237153558476962e+01 -1.349608202510483324e+01
1.275345914513273726e+01 2.725784857046843968e+01
2.535873766423310727e+01 -2.909640279204922564e+01
3.997387101522133435e+01 -2.834721796764871904e+00
-3.331747088770092802e+01 -1.552034098468983458e+01
2.681768138200577667e+01 2.623042651517258506e+01
1.678964909159995855e+01 -2.397961210100521967e+01
-2.789098791847038683e+01 4.096656055340769598e+00
1.343340007830656369e+01 -4.952435549696279637e-01
2.276733664551518288e+01 3.194709869648721501e+00
-4.873180817772212947e+01 -9.511341089971871554e+00
3.362830864697487954e+01 -2.227959310102279389e+01
3.908916511669690408e+01 1.205886356800984771e+01
2.337720053220149907e+01 9.945431869549130610e+00
2.325796744081171141e+01 -1.419782509348938682e+01
-3.916960634126813545e+01 1.471066266706750802e+01
4.096481526527014694e+01 7.143894531728760100e+00
-2.525101189322851170e+01 -2.192181498956534025e+00
2.536542651337395782e+01 -2.359538787827729323e+01
-1.979292408085409249e+01 8.464785931442374789e+00
1.570503968112535809e+01 -1.711279846755813239e+01
3.624483245691106248e+01 7.137015816137183499e+00
-4.808218529766624272e+01 -1.341635583139563259e+01
-3.743773237035795631e+01 -1.168442638605629691e+00
-4.056396203976969872e+01 -1.752821644480739138e+01
1.725551302393098041e+01 1.749640237761440176e+01
-2.772519808103880123e+01 -1.191035246366801026e+01
-4.288451230915629964e+01 -8.362312040712437167e+00
-4.672808908935696337e+01 -8.312243442177893016e+00
-4.184344479658229687e+01 -1.620295666365996423e+00
3.869822797084547972e+01 -1.852384554538887684e+01
1.150727594253224240e+01 8.866258877447227960e+00
-7.315293359089903191e+00 1.742710428357020280e+00
-4.762944560977732067e+01 1.980845617177707574e+00
-4.498689816672545305e+01 -5.637765948784156933e+00
2.356032640048191595e+01 -3.446662069748976265e+00
1.285272368979073221e+01 1.454932049851523779e+01
3.330275913265969479e+01 -2.746695973169766347e+01
-4.488143642559705171e+01 3.837225569494972621e+00
2.543797074613394571e+01 -2.195952575998508038e+01
-3.294478571140530221e+01 5.940934714377817727e+00
2.514077521301364371e+01 6.530246371643556813e+00
-2.934402548207571471e+01 3.807958874161190721e+00
3.728386296096211794e+01 -1.592632180170832079e+01
3.682565100981727824e+01 -6.691743845437470029e+00
-3.620477797616753435e+01 7.370891458386999773e+00
1.304420962652774074e+00 7.741011967975633290e+00
1.225799503354187259e+01 5.356478001254034282e+00
-4.787953416645819260e+01 -9.199788702817851771e+00
-2.145158010591286413e+01 -2.248040731496919875e+01
-2.175340426727534648e+01 -1.841270301827574229e+00
1.334745050327345162e+01 -1.206302332097673258e+01
-1.789176639653264900e+01 -2.451640408762748802e+00
-1.487552706848286732e+01 -6.723273856405973525e+00
-2.496324637788104184e+01 1.671419754957161530e+01
3.422667352565390075e+01 6.321295768268051063e+00
3.130766326304402725e+01 -1.619929154863699594e+01
6.177777124950932119e+00 7.539808869812798520e+00
-3.905721788899588631e+01 8.264673385823031460e-01
-2.718713481873205140e+01 -1.590066498465907685e+01
-2.702915174158926348e+01 2.316893220027825606e+01
-3.532316919889213835e+01 -4.227452137234139151e+00
3.069438883680506436e+01 -2.335725829248873708e+01
2.264807676478933374e+01 -1.825498547561818086e+01
1.812550449465936353e+01 -7.918025753093883568e-01
-2.780871161168905559e+01 1.165600707512613532e+01
-2.994044063081472373e+01 7.504931989789905167e+00
-1.918315220038114433e+01 3.283246168064326564e-01
1.948421242681876464e+01 3.058684413202839902e+00
2.849596223169377396e+01 2.442228619462106121e+00
-5.098134261193399652e+01 9.586243861418687118e+00
-3.838095114729161850e+01 2.005566735141627532e+01
2.684092553689351845e+01 -1.249313708676661783e+01
-3.483188803323809424e+01 -9.799839454262425420e+00
2.968780780371975325e+01 -3.340672317897789156e+01
3.218132165088081820e+01 -7.914616763082706896e+00
2.117278473421013985e+01 5.217318016499949529e+00
2.316605908268401137e+01 -1.856742761287609511e+01
4.148043044623114639e+01 1.743744480941451869e+01
1.542495610575825715e+01 4.943760362009463449e+00
-3.596610717663627810e+01 4.493424347825245135e+00
-2.534581788688874937e+01 -1.362491038473472926e+01
-6.778900581657844704e+00 -3.592193835770098431e+00
-2.972664477035905151e+01 -7.578181764217818417e-01
-2.222324215689542015e+01 2.114458307435058249e+00
-1.081362017781935947e+01 -8.822119689330042647e+00
1.101036371670126357e+01 -2.864676735240148653e-01
-3.789452607010844076e+01 -1.554461188973411367e+01
3.982095042683622665e+01 -1.175696619071995519e+00
2.294461329159478069e+01 -8.781592863981936503e+00
-4.738753757493218188e+01 -1.376361295867738699e+00
-1.554916875452088121e+01 1.922327040658464714e+00
9.608161328267588175e+00 -1.505051918710634951e+01
2.783942232830519359e+01 2.958606369541549697e+01
-2.828503636135191712e+01 -1.145228864046755390e+01
-2.311961069155266202e+01 4.648364688232002884e+00
1.949564283864692271e+01 9.508626746834108800e+00
3.637043421554010081e+01 1.923851123547113673e+01
2.014781812641635383e+01 -1.196602884616260454e+01
1.728968900283157240e+01 -3.223802225167221369e+00
-3.301998999962864900e+01 -7.483558915774319864e-01
-3.814924672789540239e+01 -9.912979066219794078e+00
4.163995458230074576e+01 -9.396896211457033132e+00
2.389328077801414096e+01 -1.382100589654638156e+01
1.296337868499903756e+01 -7.786098532100173664e+00
-1.591006506947396204e+01 -9.759020020375823279e+00
2.072162383627077986e+01 -3.135541939699193037e+01
3.815826460311329527e+01 1.147094882225102985e+01
2.037862522424778078e+01 1.305996132682520017e+00
1.771052835029449923e+01 -1.436423339523829235e+01
-2.625971591831728702e+01 -2.345634650068013194e+00
-1.282328068846890901e+01 -2.021441719787170133e+00
-2.689060647086186862e+01 -2.517569508803459044e+01
2.598630692144435628e+01 -1.189555306847010208e+01
4.527614122425582366e+01 -9.868121829135821699e+00
3.756372236272971321e+01 -2.248996574812765203e+01
-1.030723755300302180e+01 3.714067413578340027e+00
3.519188144287901565e+01 -1.178710221925455670e+01
2.051509314168612619e+01 -4.398675300985958714e+00
-1.787204510418002812e+01 -1.592191380442386084e+01
-3.781808766660392251e+01 -1.900235580075710828e+01
4.082244450318055584e+01 3.778862956577286880e+00
-2.855217298770022794e+01 -2.118072017547964592e+01
2.474437666768349686e+01 -2.994930457162059056e+01
-2.209749354416024758e+01 -1.140033442365031391e+01
-1.206706151320767617e+01 9.688571814985873498e-01
-3.908958655260457249e+01 -1.009124781058636167e+01
2.830798906412428906e+01 -1.063878144709205165e+00
3.955836408219406763e+01 -1.879717491465037327e+01
2.891918442619148522e+01 -7.172486097752131862e+00
-2.522564627367098566e+01 -1.948872746990664950e+01
2.811282886825567928e+01 -2.048483609447388787e+01
2.466561877508256373e+01 3.244372651581212352e+01
-2.840380538112493625e+01 -6.398176904649995222e+00
2.323319325190609774e+01 -2.505112963844552354e+01
-1.711885441260409735e+01 -7.187725251354381228e+00
1.449160829627288471e+01 2.650715940154068662e+01
3.272581501953153094e+01 -1.809553518955323881e+01
-2.484045447585207000e+01 -9.368378339995425463e+00
-3.641426194763707969e+01 1.833269621372684455e+00
-4.137330359078564612e+01 1.598872101357900144e+00
2.390424772631269335e+01 2.545377002546852552e+01
3.545189571139412266e+01 -8.391241270172340450e+00
1.058393028461865981e+01 -2.104016294108475549e+01
2.851225837219176640e+01 -1.486627922747072894e+01
-4.357288809174676913e+01 4.296470626765727108e-01
1.273831602545092423e+01 -7.223536715877727055e+00
5.783160016827721961e+00 2.386217617114811773e+01
1.189519342483849584e+01 1.169757874528973218e+01
-3.120869194473074870e+01 -2.143493231183906644e+01
-4.875096885678776459e+01 4.791689374312003480e+00
-3.938523343546567190e+01 -3.884034498608058605e+00
8.171419723711487171e-01 -8.083822154387132031e+00
-3.363783339249699367e+01 -5.546622977511484365e+00
1.562246081949655796e+01 1.264976411347543817e+01
9.445713649149039881e+00 1.593685468520615345e+01
4.501952566103490483e+01 1.150298954650489236e+01
1.871065938818971475e+01 2.320933943102401642e+01
2.754256901754003195e+01 -2.662525848212007773e+01
-2.129811601645676333e+01 1.134592939482088347e+01
-6.226629825757437509e+00 -1.053304110957899198e+01
8.533983241882630466e+00 6.798245047065091917e+00
-3.009792507543390627e+01 2.066641923524270652e+01
1.658408807503251836e+01 -1.977373621605791598e+01
3.317941382143745699e+01 -5.234401100725070144e+00
2.906386192559837056e+01 5.609348924843052586e+00
-4.813431481116689525e+01 1.873086344660643388e+00
-4.994822228826838995e+01 -1.464053516907825037e+00
-3.246932672295299227e+01 -2.319335505003097264e+00
1.149639825723594733e+01 1.521084401995032742e+01
1.977521039427584881e+01 1.811506539723405140e+01
