-8.285436564268017889e+00 -2.800365761461800673e+01
1.522566827670322809e+00 -3.712846200591657464e+01
3.881761404212530664e+01 4.456712749414211694e-01
3.664911549304154192e+01 2.032739945790050484e+01
-1.038768309744976825e+01 -4.367937910180182115e+01
2.167555441909370018e+01 2.188850950034300880e+01
-1.678314697450714155e+00 1.897172755394925758e+01
3.836321263941935733e+00 8.406689603347583528e+00
-1.001085335551627153e+00 -4.014703085153050743e+00
2.979253185839029783e+01 -1.552774329748613447e+01
1.906938566176792094e+01 3.674674911366236074e+01
-2.916190462862977739e+01 -1.270430580111343311e+01
1.770287268402482184e+01 8.789609000947207207e+00
-3.375790636257720223e+01 1.981434169968813919e+01
-7.489029153377293468e-01 -1.538842751763706040e+01
-1.451667690417867362e+01 2.602641673702899183e+01
1.406650040982217398e+01 -1.281279862521255275e+01
9.278162983649101747e+00 -3.054308654584198202e+00
-2.170469854419870259e+01 1.640578647518365907e+00
-7.004661761767448702e+00 5.504478452435753510e+00
-3.754815329270672919e+01 3.418846604222400831e+00
-2.416764106691250902e+01 -3.099125684642685741e+01
8.267964725681549609e+00 2.164494997309039448e+01
1.774080953746256739e+01 -2.908625623014064487e+01
-1.486239674519625176e+01 -2.057640262288907351e+01
2.284526539153211466e+00 3.427145281471599247e+01
-1.871409866120620435e+01 1.507917960308519767e+01
-1.489460168187173039e+01 4.006528596800853137e+01
-1.236530894258123681e+01 -6.477406363435468606e+00
2.268731691656594052e+01 -5.995562272015493299e-01
7.408227839493926936e+00 -2.299722201126865784e+01
