-2.251922080852379793e+01 -4.303801299909736144e+01
-3.613642539128515807e+01 6.238080101277962974e+00
-3.808913041502002983e+01 -1.806394739257195425e+01
-1.922806276094989997e+01 -2.231735016205986000e+01
3.604098690668721616e+01 1.205893199562703799e+01
-3.736470360906174193e+01 -4.883841661941912271e+00
-2.969486417497611797e+01 1.291002673615326390e+00
4.327369310969530147e+01 2.062581327180826207e+01
3.428394092086900002e+01 1.927466302738875115e+01
-5.537808131793802602e+01 2.055677937369437913e+01
-2.425940694171552536e+01 -2.817302655922881982e+01
-4.346378271182095432e+01 2.938806497918096561e+00
-3.828684225029985555e+01 2.185653164238968671e+01
-3.141193093757717847e+01 -4.316694716128033349e+01
5.005649971167249390e+01 5.577474185752498315e+00
4.607490946335870063e+01 3.153988139540858526e+01
-4.038827378520620215e+01 -4.111716073635417246e+01
-2.729406607515292649e+01 -3.529611189406789151e+01
-3.543646065694675684e+01 -3.517419736081895820e+01
3.759977688254210193e+01 -1.679714270202685267e+00
-3.168579748411061914e+01 -2.856175316153212762e+01
-2.831389356969877369e+01 9.573606340939084802e+00
-4.737132941576674483e+01 -1.751790727560683081e+01
6.875907735133932874e+01 2.817025256494677166e+01
3.109075527377232717e+01 4.236622712138780500e+00
-4.807974794822280984e+01 1.702743904569617328e+01
-1.724617842606910756e+01 -3.375726212047721475e+01
4.983935714922963456e+01 -3.246011430077950788e+00
4.279332210785442925e+01 6.523992942154889896e+00
-2.128768749843268182e+01 9.308570091856926965e-01
5.999100674152326462e+01 1.051655767463776314e+00
-1.949364859401620365e+01 -8.940976452787472439e+00
5.719503670970027542e+01 1.019211510426957901e+01
5.284393865012218328e+01 1.734501402178886309e+01
-5.398335732690257771e+01 1.175203951337896768e+01
3.508832103455986129e+01 2.655587449038593206e+01
-3.215034031412920257e+01 -1.159918665644341118e+01
6.511955461549152346e+01 5.539589227438335151e+00
-2.693212450465481567e+01 -5.885244233153239080e+00
4.658680309153639598e+01 1.212322830053830458e+01
5.659597069817146320e+01 3.547908548042513388e+01
-2.901954136987836819e+01 -1.879712304904978737e+01
6.246277810319882917e+01 1.782486134640735997e+01
5.962296914709968831e+01 2.579791085526338534e+01
-4.093517055110647362e+01 1.215693348125865114e+01
5.101146773544147806e+01 2.508832682669106973e+01
-4.905826094592578102e+01 2.437804783096535033e+01
6.662740527592443129e+01 3.451390441514276830e+01
-3.926165372691929889e+01 -2.727163486158089967e+01
-4.340905413765962351e+01 -7.855566062085241441e+00
-4.577853302982273931e+01 -3.187634594094134144e+01
