-8.179679926121497147e+01 1.133176137923752336e+01
1.500746344982997726e+01 4.540656248715501420e+01
-5.781546051033517841e+01 7.612426650217054203e+01
-3.999731012995872970e+00 -5.547961849718697636e+01
-1.722795881693508591e+01 6.769835954646667631e+01
6.004809907231732780e+01 -2.898954658100563364e+01
-5.633030002778068024e+01 4.642820106783073442e+01
-8.296604108766370445e+00 8.986927913721990535e+01
-7.248354956084769185e+01 3.127533253379948519e+01
3.456511377791782991e+01 -6.369763789254550090e+01
-5.575281110350704061e+00 -7.737042670646229681e+01
-5.866776884403069658e+01 7.494043689379264350e+00
-4.971113433814596050e+01 2.855986883567823043e+01
-7.858335168474593502e+01 5.414736219363032887e+01
2.991694708772640876e+00 -3.230202784593961240e+01
-3.612546698271250278e+01 1.291825127608129264e+01
1.314186581984089663e+01 9.162247371801116458e+01
-3.989125938878735411e+01 6.299752435796960270e+01
8.098629464570856840e+01 -6.386678982455068621e+01
-2.019040509734050914e+01 -4.257945856399000917e+01
3.569897660287350760e+01 7.312346061043029977e+01
1.467999445892238874e+01 -1.028621576240216058e+02
2.316012156485667717e+01 -4.908624723995112760e+01
-7.115138720306417142e+00 4.742476975833006492e+01
3.582450881230604267e+01 -9.114087295093140995e+01
-1.276175510232263122e+01 2.531051380826388097e+01
5.349454810230930946e+01 -7.464940004663002071e+01
3.768451426973442864e+01 -2.994441980367075118e+01
5.301539632251505196e+01 -1.017625676482734178e+02
-2.729783794096248428e+01 4.335729081291229647e+01
1.730294928720262959e+01 -7.318213505607711511e+01
8.512950209788906264e+00 6.892055264535130732e+01
5.549494375199527241e+01 -5.268945502913898338e+01
4.134308117937077753e+01 5.395563392243983714e+01
8.233020949659305643e+01 -8.282237771794260084e+01
-3.141292302427408600e+01 8.445963074596026843e+01
