6.024460428075567364e+00 2.919603354141154483e+01
-2.156404934022347675e+01 -2.145701002672262447e+01
-1.875896695675693593e+01 -2.771363282903190495e+01
5.828314315071335905e+00 3.047179421943489430e+01
1.328375996222884758e+01 -3.394502595779638909e+01
3.638920905104233050e+00 2.211199859082297436e+01
-1.285319907493658675e+01 -2.059309353239358487e+01
1.422096206848358690e+01 -2.715037307017335522e+01
-1.003723419066255218e+01 2.751580929186419411e+01
-2.479290720070300158e-01 -2.842734388779251020e+01
-1.064309753334732633e+01 3.849133894640303311e+01
-7.901476125371108550e-01 2.236869715071495790e+01
-2.622637134332582676e+01 -2.227595745317935894e+01
-1.507464371975100903e+01 -2.227007743437102860e+01
3.791227099904127762e+00 2.449033649548597324e+01
4.592349844826499883e+00 -2.885974810285884473e+01
1.046848878150347417e+01 -2.215624406816466063e+01
4.287132431192921977e+00 2.336575790728005941e+01
-7.739689652223400884e+00 3.421798869741837024e+01
8.977094765984011460e+00 -2.599471428759185443e+01
-1.640886653520501071e+01 -2.253801033752449001e+01
-2.266896120163748307e+01 -1.974009156365860918e+01
3.510211643528454051e+00 -2.879031823622193897e+01
-1.041840083972814135e+01 3.736364759742649255e+01
-1.399776310244726218e+01 -2.047058962770858415e+01
2.558482533961517813e+00 -3.255733629750787372e+01
-6.470607164953494639e+00 3.979802864761096259e+01
-1.214248608045665634e+01 -2.648206220871827554e+01
-2.625202566348846389e+01 -1.776007812718029300e+01
-8.957383029309598399e+00 -2.700954661541450363e+01
6.834220760925639127e+00 4.333778615804640566e+01
1.942189451740938266e-01 2.269445894691533283e+01
7.780135486121666943e+00 -2.429650720119408902e+01
-2.461400281953903146e+00 2.482184178509668371e+01
-2.443022072392663091e+01 -2.146622771271015750e+01
1.239496525039319685e+01 -3.124817953719014696e+01
1.420124442008723520e+01 -3.004827266943768649e+01
-7.202293997024961314e+00 -1.985622074757631239e+01
1.082504042572400316e+01 -3.969223902681297034e+01
-4.347324233105045899e+00 4.181083799522049560e+01
-5.085775377432417699e+00 -2.993783418805870156e+01
5.374741438093556534e-01 1.521737379318832417e+01
-4.189817519725740347e+00 1.775259705267745503e+01
-9.202882696795247952e+00 3.828234544065494305e+01
-2.838749287653327791e+00 4.002062621187477021e+01
-6.153441904434107101e+00 -2.193537627498059805e+01
8.899340104153587561e+00 4.524374356910460193e+01
-2.434120631223410935e+00 -2.855217185712801609e+01
-9.113472236264128057e+00 -2.167470027708045421e+01
-1.354680086009898643e+00 3.155482451576109426e+01
4.210714783361463098e+00 4.307539827431115498e+01
-1.850095489048510400e+00 2.368127487821623234e+01
-1.467644646121322838e+00 2.541285193268659981e+01
1.040579079096796811e+01 -2.648885780338664020e+01
1.125367179549355079e+01 -2.321457224127344432e+01
-2.288169898518168210e+01 -2.351410152118966224e+01
3.800327017905339666e+00 2.828759779146049880e+01
-1.284461657328590611e+01 -2.400707121943082001e+01
-1.821817080370896491e+01 -2.029841904777928008e+01
7.499536878918069860e+00 3.626733800722399081e+01
2.058559842978346932e+00 -2.230199713447015242e+01
-4.016111070387996307e+00 3.795441146557015344e+01
-4.373914293311461421e+00 3.692018041031003861e+01
-6.700933430919732814e+00 3.366768284058812810e+01
1.724771599811823464e+01 -2.846854852823495108e+01
1.587287030628611006e+01 -2.855199325026198665e+01
-9.544028706748967750e+00 -2.000422001437704367e+01
7.106030598371878781e+00 3.258922931124659783e+01
-1.809731892636942874e+01 -2.348287290885138034e+01
-8.001686743843531957e+00 3.541401784625924165e+01
9.778149800281962234e-01 3.786474161176641928e+01
-2.763107086549118296e+00 -2.075931072829244783e+01
-1.864589619302734391e+01 -1.687383673434100828e+01
8.193220394531776307e+00 3.112417490210618354e+01
1.421125875255782312e+01 -3.251487468755746590e+01
1.277491199180783354e+01 -3.238022142296241412e+01
1.540385712193080536e+01 2.893707553468063765e+01
1.315655088451675958e+01 2.214644153098064905e+01
1.882923401462102575e+01 -3.734629971854779029e+01
2.160759753864573440e+01 -3.458918302591042249e+01
-7.080076879165366766e-01 -2.404439599958293172e+01
1.090377747675740316e+01 -3.308880389831271884e+01
-1.987035678412454942e+01 -2.583602288392512847e+01
-1.916377781725619300e+01 -2.266982327847597034e+01
1.040482353816698868e+01 -3.107032030476987217e+01
1.454162457574773981e+01 2.901217046933998134e+01
-6.013404716135459793e+00 2.163602228517213533e+01
1.620825556324574279e+01 -3.628786712119382685e+01
-1.037517077184751280e+01 3.350493187880292112e+01
-1.029655638897177994e+01 -2.313177944722057688e+01
-1.824386886308909439e+01 -1.805801778215791487e+01
1.218958569858790320e+01 2.606056057350299326e+01
1.362084844274694362e+01 -3.458868394685764258e+01
-2.150307970208939423e+01 -2.593639675882805662e+01
6.696278972230057747e+00 2.820305518898629060e+01
-5.748034933010254477e+00 -2.700420421478588651e+01
6.038142864465161352e+00 2.091995613750918181e+01
7.018222870646515510e-01 2.585377106088450461e+01
2.263022759184323274e+00 1.819276998965188952e+01
-5.912617990087023934e+00 2.313986855292866807e+01
6.420137453441278730e+00 2.759501156607183603e+01
6.275252075478078950e+00 -2.699266094868547583e+01
-1.557973737256781455e+01 -1.945198389030479902e+01
1.206292492181311715e+01 -2.857362170784610811e+01
8.905116903368313075e+00 3.346178618406896987e+01
9.808505340978019404e+00 2.204841979954487385e+01
9.178073178100861540e+00 3.610142171984629300e+01
1.082231619013430546e+01 3.281034345484125225e+01
1.347821125640608564e+01 2.720913171021578236e+01
1.502661525974631829e+01 -3.303829753590770224e+01
1.831139549984466930e+00 -3.079302836764917473e+01
1.516350099846676969e+01 -3.064248243681325334e+01
-2.464853234427901185e+01 -2.511074103343441521e+01
1.127624603032121264e+01 3.241261434842907363e+01
6.817754658266976797e+00 3.113871234638905960e+01
3.604198732302745345e+00 -3.102601009110086494e+01
2.100953850188884431e+01 -3.339666218323588254e+01
1.146878416380711485e+01 2.383021132013211840e+01
4.361409078765426273e+00 -3.151660684003846669e+01
9.192175487265657807e+00 2.395097872224780033e+01
9.343354395039353832e+00 2.522278003588193940e+01
-2.639490607277024381e+01 -1.999073956635576721e+01
1.603817137534906223e+01 -2.947564702944799109e+01
-1.091290505509885556e+01 3.358993860441486845e+01
1.590986675446233889e+01 -3.360456643919407327e+01
1.321886743781581330e+01 -2.840031338098863856e+01
1.829627595464611645e+01 -3.024360787022749975e+01
-8.129972449387387057e-01 1.957652307722895557e+01
1.569777099990380620e+01 -3.447348236754550044e+01
1.669755480554856675e+01 -3.117278697860490055e+01
1.405652868184659887e+01 2.675018047429137624e+01
1.012141627815761780e+01 2.311951710035353358e+01
-1.576011032913378962e+01 -2.894378078104429974e+01
-1.182889294612233932e+01 3.379592120298799784e+01
-4.356972334483980025e-01 1.967579120028442219e+01
1.784447315858103167e+01 -3.384046998991842514e+01
-6.412884144475670567e+00 -2.478563006451915740e+01
1.481427594044741980e+01 3.218038140747461995e+01
8.240053951325558401e+00 -3.265256001398688568e+01
-6.994724232605588732e+00 3.683866042599775881e+01
-4.560453624371153758e+00 -1.951870352948796494e+01
-7.085964426997055199e+00 2.639874203267160269e+01
1.608383951488887575e+01 -3.185137024828842911e+01
1.970410716761879399e+01 -3.347786820818944875e+01
-4.659767618475416207e+00 2.256625357219522954e+01
-4.064951950709660089e+00 3.616025350612112987e+01
-6.951294233212335083e-01 -2.014872477391932648e+01
-1.464996742120994533e+01 -2.746698972795915239e+01
1.113576342228432203e+01 -3.561632124534663291e+01
1.083114337756282097e+01 3.380807964507393848e+01
1.843711674960395541e+01 -3.244833620175499078e+01
-7.861059089864868454e+00 -2.905050041066520805e+01
-6.437674051392761498e+00 2.615385769563669527e+01
-6.789794301880007765e+00 -3.412747620884449873e+01
-5.212368516088226933e+00 2.858113340983291195e+01
-3.380927697065203019e-01 1.684393239719873137e+01
-4.695167339090996705e+00 -1.834442402895317770e+01
8.365554886148530045e+00 2.768202372164051539e+01
6.363450929734196571e+00 2.245009747139254586e+01
1.363933275536872713e+00 -3.007922239183396229e+01
-7.386601171782859687e+00 -2.421169396620442171e+01
6.431043845443996432e+00 -2.640283447206616074e+01
-7.687347544714293157e+00 -2.113994292086939808e+01
3.205953685536344189e+00 -2.343941257895822616e+01
2.810329141275857978e+00 1.833452303901707126e+01
-3.139339524533725001e+00 4.512100283830061898e+01
4.550601535108969919e+00 -1.983275549076770261e+01
6.621909293866784729e+00 3.906368680189075349e+01
5.213079508958835540e+00 -2.456411008148485564e+01
4.661900451586136640e+00 3.751312778098513689e+01
-1.458808928269924587e-01 4.250601112845731677e+01
3.224133892859925687e+00 -2.552173827106736681e+01
6.052987857835192997e+00 3.700249341475696951e+01
1.474520597420077461e+00 3.089904357856355688e+01
7.626679838353132013e+00 -2.288454491176941019e+01
5.231093606036925081e+00 2.131766293601378948e+01
-2.600893622485246137e+00 4.246304250236247668e+01
4.706227785994937740e+00 2.085589365772020898e+01
1.356917865412434132e+01 2.885225164243866658e+01
1.409136199377536691e+01 -3.695874548704185258e+01
1.369972481348695759e+01 2.215658870550813830e+01
1.254678179798569282e+01 2.752677499911696657e+01
-1.713730539126716934e+01 -2.722481079043298280e+01
-2.253192428849092011e+01 -2.131040528183065419e+01
-5.759354774548702594e+00 2.259258916719631571e+01
-6.735865926971837503e+00 -2.713898546653965482e+01
1.142607555165364630e+01 2.990098025680109828e+01
8.439947793893900041e+00 -3.547648081394650887e+01
9.712462973286500656e+00 3.000083929708685915e+01
-8.943653331423865316e-01 -2.733239085250738754e+01
1.399831156617169015e+01 -3.128778680275884838e+01
1.062281710209420282e+01 2.776925950773946283e+01
9.403718749020178791e+00 -2.606427900029917311e+01
1.687911225198905996e+01 -3.298787189870668612e+01
-1.447477055874879071e+01 -1.839927479411544908e+01
-4.135051567470066303e+00 3.517958851051658087e+01
-8.164953981479030176e+00 3.535371213403220736e+01
-2.227951078390827533e+01 -2.234794557345167121e+01
1.147410508939119289e+01 -2.463210510260880781e+01
-6.430577547103689895e+00 3.912432491503991372e+01
-8.932381269166603133e+00 3.335597803369049785e+01
9.284902204151585181e+00 -3.058586023416675204e+01
-3.331268125777214539e+00 2.159641223696012702e+01
5.344572958983976996e+00 2.763587861431631865e+01
5.324811313049662154e-01 2.597474399413298940e+01
-4.675740840589470260e+00 -2.084643102644369250e+01
6.488603651146809703e+00 2.619932059162962190e+01
-1.424985971735040913e+01 -2.559987220611208159e+01
-2.705094779239407554e+00 4.421738942660945781e+01
-1.504245464544508026e+00 -2.514673328607118208e+01
-1.752137020190554040e+01 -2.114913910111681616e+01
-4.427062849015758417e+00 -2.511590663378367694e+01
1.492071689360575215e+00 3.748979549713727977e+01
-1.396859638633591860e+00 -2.288954847342552767e+01
-2.576576100490313692e+01 -1.870167886547004699e+01
5.358735675675129428e+00 -1.995612869866299732e+01
6.193815938144724420e+00 -2.037902777070309313e+01
-2.338714411158061424e+01 -2.220619562915642931e+01
-1.878420513368620703e+01 -2.291560309541958418e+01
3.918591645192027073e+00 3.324636974239300002e+01
2.335888958410666238e-01 3.100360049484361369e+01
-2.140162607660852601e+01 -2.550155672353027114e+01
-1.986799532351333397e+01 -2.070467475042154604e+01
-4.299502159375498955e+00 -2.655300936113804866e+01
-4.627891559521642328e+00 3.875695487246730409e+01
-1.715844608194862175e+00 3.870320018002826146e+01
-6.766412431008930639e+00 3.007092227398535300e+01
5.546395608716222725e+00 3.430168175047570145e+01
-2.170059163888230458e+01 -1.854617548935272708e+01
-2.969469997923057658e+00 -2.644310416309434686e+01
-2.664002589073251492e+00 1.814851147789145358e+01
7.458646990064598192e+00 4.361677207667839440e+01
-2.719161627647118440e+00 -2.208376225709131546e+01
1.015658340545219751e+01 -2.834604412776123539e+01
6.438363266286871500e+00 3.400233077659184744e+01
3.761385536746614910e+00 3.952581569103526959e+01
9.666549219379249047e-01 -2.613110387553994940e+01
1.899207823031865772e+01 -3.077144596014712974e+01
-1.255892635476493213e+00 4.352622619138693949e+01
-3.920524674292074491e-02 3.251116834627949004e+01
2.692548723906061925e-01 1.630799164914087385e+01
5.304383066692988535e+00 -2.582606810708006151e+01
9.535835768373116750e+00 4.594385331222418500e+01
3.175670884185179954e+00 3.562558501304228997e+01
-1.566699116779848566e+01 -2.544354379124845522e+01
1.341884829156056114e+01 3.000778969357218529e+01
1.232970313729870870e-01 2.987329718267037748e+01
-4.086695950212543949e+00 -2.344505636670183435e+01
2.051209235546743503e+00 3.899699306027530810e+01
3.577598823026915564e+00 3.748322658605233215e+01
-2.015938418278367195e+01 -1.998464997492827422e+01
5.733293326049390792e+00 -2.412113375002852678e+01
-2.568445870957835453e+01 -2.035612678280126886e+01
3.685722708920447399e+00 -2.743537396863507993e+01
3.937677320786998170e+00 3.852203019820091612e+01
2.236759878775318455e+00 2.458184654883619302e+01
4.532776504449487653e+00 2.726222998301550149e+01
-2.729729342470516240e+00 -2.432925220903534225e+01
1.844417248188302327e+00 3.360821157159065109e+01
-1.547192044137363531e+01 -2.733270666433340068e+01
-3.490849732171445563e+00 3.431151672523440510e+01
9.456191942269632777e-01 2.784126128277500811e+01
1.337958245211596875e+01 -2.622988538884321841e+01
-5.698660464507146806e+00 2.714303700184916934e+01
4.079317545267247880e+00 2.990525756698598059e+01
2.659519549235846991e+00 -2.965594618654051473e+01
2.292258466819998564e+00 2.293652363496183000e+01
-9.537382302387524824e-01 3.795420634579119223e+01
-8.110976309781865012e+00 -2.327040314907196006e+01
-4.368416381466885490e+00 -2.789437743416339899e+01
-1.410158568849568894e+01 -2.389956752551925590e+01
-2.013614312147563368e+00 2.920137292161116349e+01
-3.801913027265545697e+00 3.962863059408532251e+01
-1.487996168005747144e+01 -2.400119822916447987e+01
-2.494364990829399176e+01 -2.439394520637054598e+01
-3.305071445842569400e+00 1.807012259483847316e+01
-1.604602870354707633e+01 -2.410441791156958402e+01
-8.594870445386270319e+00 -2.447602228071374952e+01
1.029282729016691045e+00 2.781710948974839681e+01
-2.268008083993283908e+00 3.927574037675886132e+01
-1.714372940697947101e+01 -2.536470767670877180e+01
-7.115139603410988167e-01 3.529714813800433149e+01
-3.087611352720324831e+00 3.781368139776810011e+01
-3.421023408165291713e+00 -2.198895373239075823e+01
-1.299590359644661675e+01 -2.246754373139304306e+01
-2.407276360191359288e+01 -2.001892917968924834e+01
-3.111325171272619095e+00 4.356925820791532544e+01
-9.022320886851681321e-01 2.885966614392727436e+01
1.268438695958535689e+01 -3.014255081851647944e+01
-1.733154315325218064e+01 -2.231166651297731818e+01
9.702483888483531160e+00 4.613129179415334136e+01
-5.459189150055164141e+00 -2.461319105132480800e+01
-2.095332215737156289e+01 -2.287359568880945559e+01
-5.250966600900174086e+00 -2.934701379979851410e+01
1.861161312181114980e+01 -3.565158512495692378e+01
1.319263803877515606e+01 3.102440841643591085e+01
-1.094265444081091765e+01 -3.001853773352256383e+01
9.191615640764617012e+00 3.237131664548019927e+01
2.033739616195226674e+01 -3.457593971293209023e+01
2.028238699104955600e+01 -3.635045301397639861e+01
8.322153090795179509e+00 -2.843408477061454320e+01
1.647880749986152082e+01 -2.575056264475160006e+01
1.157831961204872684e+01 -2.984690152006122688e+01
1.165145840793507404e+01 3.156272695450678256e+01
6.141276685980771255e+00 -3.003334377840615232e+01
1.999081029124053899e+01 -3.090224031972925545e+01
