-3.761803527484187839e+02 2.905061074082346906e+01
-5.406762069044499412e+02 -1.722829882712225356e+02
2.888829519464807731e+02 -8.752542562652067204e+01
-8.503073293608620631e+00 -1.947355417311327415e+02
-5.098256049858812275e+02 2.445008064842916156e+02
5.022885541926709720e+02 2.922001638739243958e+02
-3.074374390947899087e+02 4.753833368508098260e+02
2.766119061566280379e+02 1.719022680231055062e+02
-8.431389619869619878e+01 -4.488515456099923995e+02
1.718356309038649954e+02 -5.663749262880635342e+02
1.924887636198679957e+02 -3.114038239560704824e+02
3.829380642072413821e+01 2.674214469499784173e+02
8.560690348066512456e+01 2.795177204677436578e+01
-2.567844582479315818e+01 5.255351674040767875e+02
2.488200984495855437e+02 4.561775960998406845e+02
4.644312492674914665e+02 -3.120124077166642564e+02
5.357344243624154387e+02 -6.804259063077013003e+00
-2.028682641001711318e+02 2.436526800541347200e+02
-3.619845392032252676e+02 -4.449954342085559347e+02
-2.514271117202497976e+02 -2.067055495042864663e+02
-1.360993547261102776e+02 1.791605344782626474e+01
