8.706574188211522625e+00 3.960277172443077642e+00
-8.369145806611742344e+00 -1.095122704845298145e+01
5.447179673430254887e+00 9.107734307973991861e+00
4.568022985898585908e+00 5.815283467480040214e-01
-5.828014959163495767e+00 8.293687081653787985e+00
-4.404393744376172926e+00 -7.941335441539523643e+00
8.335287112423948486e+00 2.657778355545784010e-01
9.289078204436391317e+00 7.632943222663896243e+00
1.118215663224509937e+00 6.374195576869844615e+00
-3.172118887254279151e+00 1.362673999786815138e+01
1.426148158639135133e+00 6.316725343160900508e+00
-6.498134576990677314e-01 1.118351719671386313e+01
7.141966077280933689e+00 6.935098340451856913e+00
-4.638915197800384860e+00 4.872837404844855946e+00
8.045439426076404388e+00 9.755184665318344273e+00
1.914576122509375145e+00 9.297904428937125987e-01
-4.731951041971177219e+00 -5.623391916632595411e+00
3.968137370570541833e+00 1.116932503159923407e+01
-2.428832660953929246e+00 5.681859131835381049e+00
7.379699292830181889e+00 -4.379899061613625300e+00
-2.052010135564914073e+00 -1.220033738209496121e+01
2.834245922565073794e+00 1.220426942344255528e+00
-6.415715213626461022e+00 9.247335487737443627e-01
-2.906668678251852711e+00 8.811991073665174312e+00
2.352272691583334296e+00 2.154400574333968255e+00
6.891418560417363004e+00 1.231379313662744579e+01
-9.995186149712605328e+00 -5.195437550529924842e+00
-8.651410944298715933e+00 -2.687030519749912472e+00
-3.481350659619246724e+00 -6.187301899622396739e+00
-3.944257379608667069e+00 7.075222312955851578e+00
1.247269252028854858e+01 4.714294670970383905e+00
-1.054310494082346672e+01 -4.915656532802458401e+00
-2.333749335416156256e+00 7.382740499653811739e+00
-2.078582788323121822e+00 4.255303292172722074e+00
9.164294157536213348e+00 4.107969451823390017e+00
-2.981586257796811967e+00 -1.364640767785993170e+01
2.645836733771246507e+00 4.877445116210063603e+00
2.486791217415327271e+00 -2.118860935301645210e+00
-7.476708058147295333e+00 -8.966721403433544069e+00
2.771851151069220087e+00 1.123036580543801222e+01
3.135332597336679683e+00 8.950890780102488620e+00
-1.342557210852816929e-01 1.394205650496964388e+01
1.854485285204260370e+00 1.532685975625843788e+01
5.980697744840493435e+00 -1.967210695481395266e+00
5.098917782022791556e+00 -2.811409776332340016e+00
-9.864255819167754069e+00 -8.683853183033901857e+00
9.009804358955102899e+00 2.496216221054422313e+00
7.341185429753957159e+00 3.061079968291513520e+00
-8.538418529511877964e+00 -1.191969546145503678e+01
-1.981924773529630368e+00 -4.992589878761769739e+00
-4.633866878326805328e+00 -4.627994588528660636e+00
3.035137861802335912e+00 -7.928082888734715006e+00
-6.646023478881466495e+00 -1.187461347445777626e+01
8.514560482919822704e+00 5.362882015476718500e+00
1.140921621181334888e+00 3.922315725979873324e+00
-8.465520734457472329e+00 -8.278001009246667152e+00
-7.005778552274200877e+00 -5.177920472977662669e+00
5.393542347705793993e+00 9.454127372995941414e+00
-9.990692994158811846e-01 5.604849315845485513e+00
-1.076840854542682457e+01 -8.076817730325780431e+00
-1.066266475426751548e+01 -9.696032011323055144e+00
5.351712363694709484e-01 1.180377635953044013e+01
-6.095803528868382060e-01 7.278249633067434665e+00
-7.793744036673318831e+00 -1.532333033543330814e+01
1.510080265967657764e+00 1.151416976260309610e+01
1.165388765258781767e+00 -1.289134421938719299e+01
-1.517221089587968086e+00 8.144540344814386046e+00
-6.975472460428947530e-01 -4.026071616013867427e+00
1.362123623098583813e+00 9.396258218761845527e+00
-1.223697042508338129e+01 -7.418645164875833586e+00
-1.049569075405934093e+01 -1.430497584103974162e+01
1.005727496337798321e+01 5.922718328537896149e+00
3.721132077090536505e-01 -4.446771725545472620e+00
3.251756964975307529e+00 8.868020679501858794e+00
-3.088072250403474772e+00 1.141672514914026237e+01
1.038587024077001608e+01 -5.657709293037568310e-01
-1.507072187750517100e+00 -1.608254729922700932e+01
4.594478606886895911e+00 6.903789951717023143e+00
-6.625326111663804030e-01 2.033430829888891012e+00
2.758013965926618294e+00 7.026256397721887481e+00
-5.967710742000642554e+00 -1.482614300516917716e+01
6.055602132423273609e+00 1.038190469925083237e+00
5.551639616280506395e+00 3.973827657077622533e+00
3.638139493613878450e+00 3.518954458381569506e+00
-1.355116431546399047e+00 9.530589589156713615e+00
-5.419493882010463892e+00 -6.444138535017452263e+00
3.159962387621643165e-01 3.392280893241895967e+00
4.471867973132885865e+00 5.075819331924493305e+00
-2.266612013041417129e+00 -1.134981074438373660e+01
-1.910855799454436621e+00 -1.560751332893305587e+00
-2.447693632914510697e+00 7.413541197063374888e+00
-9.493953463619252631e+00 -7.236569898834281922e+00
9.835639310710707406e+00 4.428484773158115395e+00
1.242068462366934334e+01 4.727978489886328184e+00
-3.701341974560930392e+00 -2.103225389806204326e+00
-2.625269533657230703e+00 3.543393077195756913e+00
-9.502650619332591475e+00 -8.370223775499757934e+00
-5.897041380121104126e-02 8.649890923154179845e+00
5.132254360762066980e+00 2.406156640088579213e+00
1.799609102077544542e-01 -1.113294148816930651e+01
1.063924041391143227e+01 1.814034605363312957e+00
2.600922577799254842e+00 1.357083472882044184e+01
-6.231084963823862566e+00 -5.975575274879173726e+00
-2.380586925335721027e+00 -7.537975408315392478e+00
4.391173694896261637e+00 3.686929319928341275e+00
-1.245550638131360799e+01 -1.015896370908934010e+01
-4.674728316661047600e+00 -1.460309706360622251e+01
7.180421618575903331e+00 7.324326451875722732e+00
3.312039351925597508e+00 5.279914447571187885e+00
1.317690143855863205e+01 6.504533897322575697e+00
-5.914779085152384930e+00 -1.066780947633371390e+01
-2.570589797470126836e+00 -1.032118078312047338e+01
-5.786464502756010653e+00 -2.311844005901897425e+00
1.413470884051872112e+01 4.154369953176867192e+00
-3.771530613285321021e+00 1.133027355060448471e+01
7.972768890546099163e-01 -4.528547178536183604e-01
-3.234753831246295785e+00 -9.867779837118364483e+00
1.922680680529360808e+00 2.565309900789129571e+00
-8.884290331845283717e+00 -1.007497715746528755e+01
-5.756115437980508176e+00 -9.095953092514630356e+00
1.482185882719156522e+00 8.171345166011386496e+00
-2.466432172851522053e-01 9.119542172197583341e+00
-4.402772656500775206e+00 -1.475204282274021850e+01
-1.058023111161546304e+01 -1.197109278398955645e+01
5.562368097276972456e+00 5.719253967313765230e+00
-7.395983969390605317e+00 -1.030905681589420908e+01
1.220136425768356148e+01 2.185612872730419376e+00
-7.001271378586780614e+00 -7.392956260402578472e+00
-1.272092954966734801e+01 -7.000233655930962584e+00
-1.364369523504446180e+00 -1.047036760415284284e+01
-1.786574497673665052e+00 -7.325155431765845826e+00
2.315085232444844543e+00 -7.914397291034374504e+00
-5.141892765585903469e+00 -7.156116013517860530e+00
1.188852927787828584e+00 8.245478106770413262e+00
1.146714104436686033e-01 -5.635371183064298961e+00
2.047363101892766546e-01 -1.191307992190983178e+01
-8.471927484665874530e+00 -1.296247193715395341e+01
7.780269864741761410e+00 4.273894602323847991e+00
8.729411672757798613e+00 -3.340359840134298763e-01
-3.366560086982882893e+00 -6.703092878723953874e+00
-4.090835838989187678e+00 -1.189108123187232025e+01
4.296348987367247574e+00 4.904004032181614181e-01
5.048060855420636095e+00 7.506887974924098650e+00
1.130206678852306013e+01 8.309113139194741038e+00
1.157367306381251382e+01 3.802517251396391185e+00
-4.075259204593762341e+00 -1.592238432712317575e+01
3.544650880187776854e-01 5.357944499274461592e+00
6.670401891316924292e+00 2.702827414671010064e+00
7.377935803760150846e-02 1.323512283771103704e+01
7.855302490960614392e+00 1.510388204070096219e+00
-7.962695841615813563e+00 -6.038008755527735971e+00
4.580980102172424573e+00 1.357576171665781928e+01
-2.137578872762763371e+00 1.336919974191405736e+01
