3.468832592511666348e+02 -1.695120641986847545e+02
4.411820782256800157e+02 1.431370224996219349e+02
-1.966447520031115062e+02 -3.958140978675789370e+02
-1.221563026054030701e+02 3.821701779664628020e+02
1.573645449426992116e+02 -4.419183551104505909e+02
-3.933552993271251808e+02 -1.386352834304678368e+02
-1.555016615817567356e+02 6.472169271709054783e+01
2.011185884515084012e+02 4.064511110380623791e+02
1.318838807544762517e+02 1.030882181804742856e+02
-4.237768782951775961e+02 2.135490011425730756e+02
1.300254218704369968e+01 -1.672374229371028775e+02
