3.216573614406748050e+01 1.249818172083883816e+01
-5.954087960538363866e+00 3.438006482892135551e+01
1.613390871285318440e+01 1.958072596005940369e+01
-1.896557684531406274e+00 1.204193904052883290e+00
2.961003328079039321e+00 -3.243938558649363557e+01
-1.492557437042413060e+00 2.739331334822258412e+01
7.155201536202047130e+00 2.335959010478969944e+01
-2.652706400583106472e+01 -1.931979468550276025e+01
1.932700101044994678e+00 -2.295678270791338349e+01
-2.719819233558011007e+01 2.307547866375423595e+01
1.363876712338643138e+01 2.791181222639728077e+01
-1.244004245019227106e+01 2.930085021617768959e+01
-1.232722894102253797e+01 1.388249473459496031e+01
2.712780492427138057e+01 2.085725869575171032e+01
5.139745645525390927e+00 -3.855696857810752931e+01
1.260042163418787453e+01 -3.564249299337662791e+01
2.606960383267309567e+01 1.084791618182695494e+01
1.619339550166496977e+01 8.974127588676246603e+00
3.031379866972816828e+01 3.342953519905848481e+01
1.573607201398339761e+01 -1.552891592664010112e+01
3.466368833996921950e+01 7.057974544818212959e-01
4.387499722350383102e-01 3.925979968347561311e+01
6.023665988279732098e+00 7.994979492675711619e+00
-1.434297756108100153e+01 -3.401757929981859974e+01
8.030519366113489710e+00 -1.605508468206017447e+00
-2.083865794774194313e+01 2.048066478163022097e+01
2.109048878708534502e+01 8.383414387690685254e-01
-3.121877195451868658e+01 -2.879475309524118742e+01
-5.119158144716119629e+00 -2.827764489575550400e+01
-8.064545835527674456e+00 2.010872978450624160e+01
-3.465618070767422410e+01 -3.597174998673625623e+01
3.917226262569054041e-02 1.905025132101008722e+01
-1.979542414414475715e+01 -2.439592499268688996e+01
-7.776258679995424750e+00 -3.795356482214764071e+01
-2.557615341602924275e+01 1.190424635643349305e+01
-1.662583623506676034e+01 -1.400190217254798952e+01
1.428643100601632554e+01 3.710858099460293857e+01
-2.257329425638658904e+01 -3.559261625042234556e+01
-3.031153160232157973e+00 1.131519425671236689e+01
-1.977599009022242615e+00 -1.682960422560417157e+01
1.204447226891128686e+01 -2.821314112893440296e+01
2.247890184547231485e+01 3.112685632456519613e+01
-1.068410569315806358e+00 -4.955776208209521627e+01
1.091009105597005835e+01 -4.618279563218032990e+01
-1.416355323106861697e+01 4.992080589456747042e+00
-9.870071281634951177e+00 -2.395851699660657275e+01
-2.162720652365076646e+01 2.985722177780542808e+01
-1.652741476755852901e+01 -4.532661310536242638e+01
9.031336101960039997e+00 1.432017795660807380e+01
5.339794424587566368e+00 3.339294696567090170e+01
1.114292765321008716e+01 4.597260508085330599e+01
