-6.265908217481590015e+01 -7.611105233297864459e+01
2.437159787525220622e+02 5.370113496254799657e+01
-1.705112927780549725e+01 9.842844162548550457e+01
9.892033561159892940e+01 -4.597018759782499728e+02
2.611620153608538999e+02 -1.575965674289676883e+02
8.644947321602778345e+01 5.044857294801681178e+02
-8.787262271926454815e+00 2.404931551717965590e+02
4.327319430712873327e+01 -3.357841662176143132e+02
-8.429445541983484702e+01 -3.026078959590273030e+02
-2.103799432354140606e+02 -3.626167702778129183e+02
-3.665925873194231031e+02 -1.981893964911284911e+01
-6.434437988641541040e+01 -4.478072069575437126e+02
2.362990665408743212e+02 -3.237406722057315278e+02
7.031369491907810243e+00 -1.885437321689241799e+02
-2.881178543373540606e+02 2.480063277339816352e+02
1.243369077005447707e+02 -1.645790903235639391e+01
-5.563036271892668339e+01 3.751943028985309638e+02
9.930732137421554739e+01 2.992580747974365067e+02
2.459808139778296550e+02 2.096572385291954959e+02
1.096620105891965409e+02 1.564925625853465476e+02
2.267096310752747002e+02 3.580768761849233215e+02
-1.436210299694567993e+02 1.908439655253259559e+02
1.319984584756356867e+02 -2.160501060560229973e+02
-1.809591201677621655e+02 -1.754128931523140409e+02
-1.987602546418067959e+02 -2.372465027242592228e+01
-2.336491150526687193e+02 3.713366281943439731e+02
