-2.931440885306955479e+01 1.017421382595260937e+01
-2.602218420709933966e+01 -5.525875829012742102e+00
-1.180533026089284832e+01 1.758389978176335333e+01
-1.200937541869608971e+01 5.976979677237769017e+00
1.275606541759611900e+01 -2.506624339429129655e+00
-1.229640336988853333e+00 1.721900493553484779e+01
2.683023613503011973e+01 -1.689903953790146218e+01
-1.686264825191680217e+01 -1.956335138460405787e+01
-3.781907656684629160e+01 1.099187773366005416e+01
-1.368392974227960934e+01 -1.895665330024772777e+00
-2.244449114268915224e+01 8.068517640075960173e+00
2.681491510248426735e+01 4.872266512506393532e+00
1.006287646574230976e+01 -9.453679687654894082e+00
-2.007014200721611275e+01 2.269240487156738695e+01
-4.536763701721240771e+00 4.739266416077177801e+00
-1.689798636818983724e+01 1.256318576630838635e+01
1.949656556490650772e+01 1.188697629672046840e+00
-2.384545373740191820e+01 1.718249036452487744e+01
-2.975188320821744270e+01 1.591163867863981451e+00
-1.953944728454003466e-01 8.922547635964034995e+00
1.858754177219619663e+01 -1.439133486015224506e+01
1.814202135002306449e+01 8.692003701918322278e+00
-1.384757233456150338e+01 -1.402598890686032540e+01
3.514922962431516140e+01 6.164963170580586294e+00
2.693521943924478634e+01 -2.547085603865907544e+00
-2.071551781603675835e+01 4.419176024600514618e-01
3.015765072627828403e+01 -1.007442598473200057e+01
-2.525857350818078828e+01 -1.295822571079084540e+01
4.195087368487386215e+01 -2.719785210037496181e+00
3.549178429857672512e+01 -7.330754959986856001e+00
-1.762659748816306760e+01 -8.115430563618382109e+00
2.603492504682067121e+01 -2.391687664993127171e+01
-3.091936691567435247e+01 1.883853258403138042e+01
3.800022974575894352e+01 -1.555555079872179114e+01
-9.977120461026522946e+00 2.397923625469607956e+01
3.262698131477409902e+01 -3.474014088201483608e-01
-3.276053721720395373e+01 -7.674967020768784565e+00
2.102688887260161721e+01 -8.360114036710070806e+00
-8.356372554281950471e+00 -1.040075285607767519e+01
1.485832031945416176e+01 -2.007068419463020348e+01
-8.971958309477511051e+00 1.245044490193578035e+01
