9.992385234183458920e+00 1.658355100872424259e+01
-2.533631021273752637e+01 -8.190610753068005678e+00
2.223555197174807674e+01 1.467141779911039112e+00
1.304795542294622379e+01 1.472367902961619279e+01
1.789559481025261434e+01 -1.990502858146983023e-01
-2.329072929636418365e+01 -9.592322685502747248e+00
1.628763134920075828e+01 5.902463704306589065e+00
1.156624543145584916e+01 1.555502101863262787e+01
1.428649416799983562e+01 2.545879688910430261e+00
1.912086358943054520e+01 4.892589092781565618e+00
2.030622175079351877e+01 4.709395054245376855e+00
1.556754018727067823e+01 1.735016532710398574e+00
1.455100844405703242e+01 1.611926486900326339e+01
1.848624753046416558e+01 -2.897506191088363270e+00
1.445755022362468623e+01 1.168908312760761881e+01
1.314823810455003184e+01 1.302629216216834607e+01
-2.023061327386125541e+01 -6.522680349354460283e+00
1.863226546632165181e+01 5.458628044527630507e+00
1.924569915510598861e+01 -1.555931474282195026e+00
9.959492466906665342e+00 5.100573759996214207e+00
-2.057173482398217956e+01 -1.683756055874450652e+01
1.330664014202522161e+01 7.212504636999524266e+00
-1.940337799255408768e+01 -1.480445511111740231e+01
1.349036816036547748e+01 8.830606188406251889e+00
1.450384957050470192e+01 5.877294650725088943e+00
1.557426937139788059e+01 1.110501450036270477e+01
-2.188012701605908816e+01 -1.217015131041216947e+01
-1.999618292092997152e+01 -1.166959767791936642e+01
-1.771192351070933668e+01 -8.037965177271368944e+00
2.007899494786950356e+01 2.501490861916551456e+00
1.002491278692435372e+01 1.892208251031036070e+01
-2.538157795564406882e+01 -9.364595213848472710e+00
2.048425440535894637e+01 2.836085928660081468e-01
1.950001543714830632e+01 -6.801988137800218936e-02
1.206765061560482621e+01 1.316939494388114262e+01
-2.141354165854920666e+01 -1.439187014252405561e+01
1.682882055349969264e+01 8.008491482545565532e+00
8.109462062043022001e+00 1.702531523891757814e+01
-2.842558311769779067e+01 -6.625187076942606446e+00
2.265493329446810478e+01 -7.561771727978386926e-01
2.138815778735227369e+01 -2.717742296191673290e+00
2.631600855138550443e+01 -2.575218873217886451e+00
2.560988245675332919e+01 -3.333943460805310011e+00
2.326821493157698484e+01 -1.903660074518038758e-01
2.180239340971710504e+01 2.138735772444932071e+00
-2.797035968023778096e+01 -5.471904846316234305e+00
1.034516730767732717e+01 1.749643274166319173e+01
1.190643267363496172e+01 1.804112086668401815e+01
-2.452196691634450687e+01 -7.155239096830388945e+00
-1.983299946466979335e+01 -7.780760103578900022e+00
-1.641455430621427780e+01 -7.212523667679215933e+00
-1.701685151239494331e+01 -1.012739081501705130e+01
-2.583253761857054442e+01 -7.678949001637560556e+00
1.388224187674422616e+01 1.709535644245798025e+01
1.599690481696251965e+01 8.052987820003613129e-01
-2.682442879684952786e+01 -8.810819330803434823e+00
-2.657810564179678892e+01 -4.778894876764610444e+00
2.132729656854393951e+01 -1.014495379826529042e+00
1.970460262638074767e+01 -1.534212139759233207e+00
-2.703561339707510314e+01 -7.482892531014667448e+00
-2.792856523442608818e+01 -7.615690913917060989e+00
2.529655337183879382e+01 -4.291581173238148139e+00
1.600607770128430118e+01 2.420219776936008316e+00
-2.497393530720344756e+01 -5.211671705927692244e+00
2.012328323499499305e+01 -3.702655449580883329e-01
-2.026739587700672018e+01 -1.772446279168176630e+01
2.223718445772776420e+01 -2.660133358984134500e+00
-1.784717672969090785e+01 -7.050831883576141657e+00
2.335234292060172123e+01 -1.906007029383120610e+00
-2.636665506423851824e+01 -4.188750544706787871e+00
-2.483235392428774446e+01 -4.142912379346626039e+00
1.030349752127125740e+01 1.337849140311657514e+01
-1.802851652876314503e+01 -6.811271444617837290e+00
2.317899584445853023e+01 -3.317157546574292848e+00
2.154889284999439525e+01 4.438065808090549957e+00
1.706786758160899709e+01 9.974513702335089604e+00
-1.899070522085326473e+01 -1.627001346200913900e+01
1.995078847770460939e+01 7.490341176588535710e+00
1.156715907336100635e+01 1.420144460809748210e+01
2.248413609604315511e+01 -1.517981860008977835e-01
-2.816519303003480701e+01 -8.484569241531678685e+00
1.360243367140734705e+01 1.174969599877286619e+01
1.298197385213869559e+01 9.292089923908646298e+00
1.362548388625412166e+01 6.092201455080905603e+00
1.809463650855456507e+01 2.035743724484068817e+00
-2.449971677773705991e+01 -1.059029508814031395e+01
1.696813054336863757e+01 3.197908258341407350e+00
1.071878003393100087e+01 5.340895709113278045e+00
-2.175345819025100269e+01 -1.621606929548654463e+01
-2.127597782967320938e+01 -4.833302510190423895e+00
1.693966410973266079e+01 -1.633208938965929002e+00
-2.643020296928735036e+01 -5.212310732138589309e+00
1.050550287358261770e+01 1.533341403763480137e+01
1.079807341752183980e+01 1.958506292682893601e+01
-2.380314745143949651e+01 -8.077618206061588424e+00
1.868153093502093398e+01 1.656534011414755536e+00
-2.872381905365812571e+01 -4.710465075321858208e+00
2.205268327036471376e+01 -1.528023281023783264e+00
1.336513155027297195e+01 1.773928437574165073e+01
-2.029606022763803708e+01 -1.413610784376182039e+01
1.114920972655733777e+01 1.812884496733125417e+01
2.309180260660151518e+01 2.182112217910092689e+00
-2.288883424741136352e+01 -6.618298015622067432e+00
-1.989335862958601808e+01 -8.276252026898664127e+00
1.682666437969649209e+01 1.076916340339163369e+01
-2.827621659971713797e+01 -1.014566329059880800e+01
-2.305517191865842008e+01 -1.659827950372254790e+01
1.478896344603964330e+01 1.004552784671841792e+01
1.774902799964067768e+01 9.077134461384012809e+00
1.326844833568305049e+01 1.688683369260298051e+01
-2.708625066943663029e+01 -1.221338003805632688e+01
-2.186910688900122679e+01 -1.137058572596394868e+01
-2.774504386507931031e+01 -1.124776575004852575e+01
9.164514259462373857e+00 1.873311769877293997e+01
1.552112292037715591e+01 6.641101725005650991e+00
-1.683126653145587426e+01 -8.196882639251953151e+00
-2.908417335942945314e+01 -1.165723080258781508e+01
1.588050685322552091e+01 7.479835966606010800e+00
-2.837963916533024644e+01 -1.072767704830135216e+01
-2.454662523045694655e+01 -1.272518109817742094e+01
1.419025443462050440e+01 2.877379171879719255e+00
2.271715830906088129e+01 -3.955992651900505308e+00
-2.219318866138242541e+01 -1.575560960543659128e+01
-2.613780809258329541e+01 -1.095171920301681112e+01
1.559187110160907430e+01 9.343344106552558870e+00
-2.512216673385721677e+01 -1.265296958424482021e+01
1.054065175412811861e+01 2.068660347517937481e+01
-2.443560882676370127e+01 -1.163523920168403691e+01
-2.318639887292867385e+01 -6.569279893135385073e+00
-2.118576142691096464e+01 -1.316815907504403071e+01
-2.108492281837592586e+01 -8.468108028900388717e+00
-1.801560881160193262e+01 -9.406683239393988316e+00
-2.972800120960079084e+01 -8.589590143796296928e+00
1.502467185534566418e+01 3.901685254321052732e+00
-1.946572155549968741e+01 -6.031233521257864716e+00
-2.362937075172504819e+01 -1.396864761401227817e+01
-2.254533863412566674e+01 -1.152403236823056965e+01
9.108356917723346768e+00 1.519920143628653975e+01
1.098947528313443023e+01 1.589523846335688440e+01
-2.119614181518442564e+01 -8.669994258017645450e+00
-2.304780582802913713e+01 -1.445981914133300172e+01
1.280930994032116743e+01 1.574353248165319918e+01
1.616121310017427248e+01 8.754668692362228555e+00
1.212332794291472737e+01 1.649765403642900097e+01
1.001155682159956406e+01 1.958047988876382917e+01
-2.251688500168163998e+01 -1.676761424123138866e+01
1.871361722635809599e+01 -5.268272257041319850e-01
1.342780574970038820e+01 7.101218919475359215e+00
2.554247412743213630e+01 -3.660853641038146034e+00
1.512170776791350768e+01 1.428882680911982739e+01
-2.712597875176153295e+01 -6.679612656246340485e+00
1.741225926033927962e+01 -8.806878146280061603e-01
1.478915786405617361e+01 1.022682017075796201e+00
