9.837005922398858182e-01 -1.127451058006031959e+00
-1.660888575680378842e+00 -7.725550825555447254e-01
-8.698984597155381415e-01 2.745117118242781373e+00
-1.662418298193957256e-01 1.521892869433991491e+00
-2.393400129783719965e+00 1.903903868034561020e+00
4.449900447292473582e-01 -3.474971760598428716e+00
8.762267292592470502e-01 -2.350115717157363893e+00
2.691755599560436973e+00 4.092052027159229777e-01
1.568675650175707537e+00 2.983896158459533599e-01
-3.162847362888412395e+00 2.272983071624450624e-01
-1.376324324581956082e+00 1.422412088742192715e+00
-2.022466104684263577e+00 6.796324985933521745e-01
1.467531380280685305e+00 -3.207310618457927531e-01
6.753626507951517866e-01 1.400531895659608450e+00
5.491447260341516395e-02 9.651784211835994221e-01
1.414997238097155163e+00 -1.600765493518323757e+00
-1.403747258522375363e+00 -2.024155314686384877e+00
2.218635825625444369e+00 -9.573349791656929897e-01
2.520586247444712047e+00 -2.001018968615313920e+00
-3.924532772210858611e-01 -1.026218293373998947e+00
-1.747400787665497335e+00 -2.395981552105617585e+00
1.477232895366153986e+00 -1.506697033936152508e+00
1.097661636388944428e+00 -8.972405395172669551e-02
6.637661852218814662e-01 8.766701489916064460e-01
-6.581034022720169685e-02 4.157417727927887330e-01
-1.001190819557308709e+00 -1.407013370437420197e-01
3.925202934981992242e-01 2.017240630640289911e+00
1.717362040683752422e+00 1.899749372644405687e+00
8.282182037906086203e-01 1.458672721048037468e+00
-2.387391524889009575e-01 -2.967986382798824430e+00
-2.602297220738451156e+00 -7.158604235852731312e-01
-2.152847945467438961e+00 2.878536591555523882e-01
-1.048052591711086556e+00 2.975164866818087450e+00
-1.128774248377665823e-01 -1.990879680511451921e+00
4.484292730475026301e-01 -1.805776067779386596e+00
-1.981309818794311450e+00 -8.891517429901309999e-01
1.980027904411904460e+00 -2.564274947886810985e+00
-7.628217402629708377e-02 5.699953252658943592e-01
-9.899892421563205591e-01 -1.357602576845407416e+00
2.457809671568303322e+00 1.222157078444388034e+00
-1.269165330423421834e+00 3.433823336906480783e-01
3.848448508705257787e-01 -8.836236962651212723e-01
4.638690446708921833e-01 3.455696192786659182e+00
-1.480616331204779312e+00 1.495302539663947439e+00
8.426886402050052238e-01 2.986070374065271427e+00
-8.492618522019060867e-01 2.685010429675791510e-01
1.596618181853295395e-03 -3.336137588530343479e-01
4.339590701998145006e-01 -6.171338937194129626e-01
-1.119903491089363046e+00 2.918152615895521773e+00
-5.616612741736060586e-03 -1.952060162883882288e+00
2.082265699312485285e+00 1.102472480193766202e+00
