-4.673562391788984769e+02 -4.638402731544738344e+02
-2.380940749004901988e+02 2.477956829194392014e+02
3.377466037058193260e-01 -9.692125538334325441e+00
4.363593098098862129e+02 -5.434468071767884112e+02
-3.334032737821985393e+02 -8.391386972919232790e+01
1.292361935834410147e+01 -6.759725634969428256e+02
-1.127055556459654895e+02 -3.499467828929286952e+02
2.596196182846395573e+02 6.343864329504463058e+02
3.381009586557067905e+02 6.701767189330983854e+01
6.345105505212519574e+02 -1.440809837073130666e+02
1.027868098124999676e+02 3.230127836830735077e+02
2.280414160016248957e+02 -2.666896632803031935e+02
-5.712476370117979059e+02 3.634067578563719962e+02
-6.764173591126960901e+02 -5.028376391346662189e+01
5.691798172916363683e+02 3.345520736425215773e+02
-1.826357067072490281e+02 6.176954299445811785e+02
