-3.462509902998095157e+01 4.709098089171761536e+00
1.800150617812220588e+01 -2.843382682844281817e+01
1.278656672535812611e+01 -2.916065183684988682e+01
-3.864171325685564540e+01 1.367320974504711728e+01
3.592488879412557878e+01 8.188412719208518098e+00
-3.141564414338187561e+01 1.680720280311588821e+00
2.543975335802972282e+01 -2.108941854705646790e+01
3.962633670017736875e+01 -2.226829415793370792e+00
-4.755357793485269013e+01 1.598907437358854722e+01
2.285455886236506018e+01 -4.825615864323264503e+00
-1.888003457965793075e+01 2.591647698370724484e+01
-2.775747345803414845e+01 6.070500274734868640e+00
1.002594555830528300e+01 -2.832797425134907243e+01
2.075465732129715946e+01 -2.396132522117184038e+01
-2.975795727693374815e+01 4.138508189293866657e+00
3.150930809666993682e+01 -6.078052556456729150e+00
4.094524012466538210e+01 -8.234910480541259403e+00
-2.662628806287333560e+01 4.265425055766271178e+00
-2.467831076070968876e+01 1.765380740359663747e+01
3.336076088250705141e+01 -3.461374924997210556e+00
1.855922065789993525e+01 -2.396841565131966334e+01
1.533823168020210659e+01 -3.003184471745836248e+01
2.660316812351830507e+01 -1.724653243504742361e+00
-1.991826284483566312e+01 2.633348869040823814e+01
2.090704479229669843e+01 -2.113272822215760982e+01
3.640146944949107422e+01 -6.872279455493434774e+00
-2.687815380035024759e+01 2.357959337641979403e+01
2.312627593626861611e+01 -1.693305404690257276e+01
2.707652561403485691e+01 -2.650035782238686366e+01
1.534051960334386422e+01 -3.753257962692870109e+01
2.349706822917943683e+01 -1.414481832468149136e+01
-3.923063426748998950e+01 2.121908805036757784e+01
-2.616313562550939054e+01 6.643747848338013462e+00
3.165394577745729876e+01 -4.917501414002423132e+00
2.106968209234789313e+01 -2.637002231757771753e+01
-3.122772138937827791e+01 8.359396127395902099e+00
1.561076771300773913e+01 -3.210355238878037198e+01
3.731794194447326163e+01 7.889069458613166219e+00
3.692272372472917397e+01 -6.087260434772984397e+00
2.951413863203583787e+01 -1.208633766989149727e+01
-1.810874286746946993e+01 6.662900453806671841e+00
-2.316959216619385131e+01 2.466343353619916456e+01
2.351799513721957169e+01 -1.115871037894369344e+01
-2.166128815981031863e+01 -3.766791822941954748e-02
-2.632027042780381976e+01 7.169097821140240079e+00
-1.953407300152079529e+01 1.761257234370733116e+01
-2.213195254074952700e+01 2.232609532061416502e+01
3.049272314965990915e+01 -1.730654719024493460e+01
-3.936901916197132323e+01 2.443054984229693005e+01
2.948180958231644411e+01 -9.243008110891905105e+00
1.895100837653362547e+01 -1.184641553966608107e+01
-2.844283453054831767e+01 1.616979038866392671e+01
-3.204418761711865216e+01 1.785751897157092927e+01
-2.329826773923467087e+01 5.959485678821777377e+00
-3.191050970780467466e+01 6.439548163847750750e+00
3.340536026979636830e+01 4.800910053885900197e+00
2.875964786097178560e+01 3.530719395163346430e+00
3.971277159448706584e+01 -9.227738248914333141e+00
1.313489531011472700e+01 -3.350980521853566074e+01
-3.192129599426365516e+01 1.498232395029763708e+01
2.287584987738850018e+01 -1.829286857893212570e+01
1.148097844509794996e+01 -3.020742061636965303e+01
1.941626110475595723e+01 -2.645408878773532990e+01
-4.509358311000487163e+01 9.074717359261157412e+00
3.915770960135388634e+01 -9.910953688369266601e+00
-2.956030074892538906e+01 2.331664513702926911e+01
-3.111534993801616977e+01 2.160690522976389971e+01
-2.574705524632740250e+01 2.333359979218717584e+01
4.287193719825810234e+01 3.535955333806667156e+00
4.187746340065999817e+01 6.784575513169231797e+00
2.452796477293647115e+01 -1.854054064155807069e+01
-2.529276884906484213e+01 9.435563597308030737e+00
-4.351669706777605739e+01 1.349514384331925498e+01
2.251758616766472798e+01 -2.320026589199094147e+01
-2.628538774910948206e+01 1.912515395540820506e+01
-2.926623531727042149e+01 1.902533248052161952e+01
2.257289691840912127e+01 -5.945101817099965658e+00
1.061978474313446164e+01 -2.516187490233705404e+01
-4.043901812183083422e+01 8.179587623726643386e+00
3.942890982389729970e+01 4.733332843800753587e+00
3.603722212009658676e+01 1.160102274934034128e+01
3.769149922144823250e+01 -8.455363020722258538e-01
-4.099488909101743417e+01 5.330432688244626682e+00
-4.387511802304271669e+01 -1.288287090760195985e+00
3.655790631630747356e+01 1.391245927052964504e+01
3.879124854051148219e+01 1.171623867094540294e+01
2.919211992103291919e+01 -3.559492390222742664e+00
3.920977287138921241e+01 5.612460356991568311e+00
2.896323046860457850e+01 -2.327968328106360474e+01
1.891469867111917580e+01 -2.283784693529879917e+01
3.524955016123172413e+01 7.137730342567598640e+00
-4.047561235876313646e+01 6.044202650014347533e+00
-2.183537921710219365e+01 9.851712858045893029e+00
4.226922267859478666e+01 8.781599122845973326e+00
-1.955694698038056600e+01 2.231851754141307609e+01
-3.830532551395631913e+01 -1.643021981432769341e+00
2.931668128483499913e+01 -1.337079119740105781e+01
1.377753917352733382e+01 -2.739685832302827606e+01
-3.854832050926502518e+01 8.393850939628927366e-01
3.731942475402540538e+01 3.242838120102911059e-01
1.646332306757098962e+01 -2.513353413746088449e+01
-3.770556897879011871e+01 8.459927988061949122e+00
2.583403880506907413e+01 -1.257282145346384539e+01
-2.799949826967701227e+01 1.450446563406941891e+00
-2.865679902107562071e+01 5.978765907895791543e+00
-2.339173379268173747e+01 2.114129709530134349e+00
-2.056332157175597786e+01 1.145598225600057773e+01
-4.319242941360025156e+01 1.093856390200953044e+01
2.903849903107488828e+01 2.239801693954420525e+00
1.927469456642025847e+01 -2.724802602598887447e+01
-3.488057483671482117e+01 9.169873760863849199e+00
3.306882579859456683e+01 1.681334038494937400e-01
-3.967325033469681017e+01 6.842379965835969635e+00
2.410556075673775211e+01 -2.372707332370609024e+01
3.031641750577941252e+01 7.886207228041524075e+00
-3.669284005571049079e+01 4.813219038665740579e-02
-4.247141669556367560e+01 1.168909374524010580e+01
-4.009674148954747608e+01 9.881855433539550759e+00
-4.246882003805124128e+01 2.921973538804255810e+00
3.828488900461008626e+01 7.123030759112031873e+00
3.206282161731530067e+01 -1.039551432479779614e+01
-2.571363134927920768e+01 1.863851088848858251e-01
4.467480430625568033e+01 5.673943101199159678e+00
1.890117237615429957e+01 -3.348526859726496241e+01
-4.214482585009017868e+01 9.392451273289422531e+00
4.088769628233747966e+01 5.036532319609906772e+00
-3.763409573322516621e+01 1.058674748638460983e+01
-4.165071854994097578e+01 1.895018336680452720e+01
3.173716126925391379e+01 -1.872568550384795971e+00
3.400307806104682840e+01 1.062269574248296067e+01
-4.073641756428252592e+01 2.441805031456883157e-01
3.374489484509162196e+01 -5.580941358934217167e-01
-3.425368505106809636e+01 -2.766649712352052815e-01
-3.978664456674905381e+01 3.690628846192182344e+00
-3.526117900179427522e+01 3.333372948888986720e+00
1.691293976564547918e+01 -3.369839609984484952e+01
3.511698598322301024e+01 -4.304398714008605409e-01
-1.989000940590854682e+01 2.183332541025112405e+01
-4.168272450686603037e+01 -2.213453361973854339e+00
3.298110904961426115e+01 7.282282971891064882e+00
4.489780707509302005e+01 3.590932330653092031e+00
-3.799387429427572727e+01 3.873356641843221482e+00
3.976178376439815310e+01 8.397915360036924071e+00
-2.171734650802173405e+01 5.166304572331582357e+00
3.063774970494614891e+01 4.919247103985629366e+00
4.127353016242962269e+01 8.025618213893647379e+00
-3.640312155056113852e+01 2.735523097450116126e+00
1.497840460807191398e+01 -2.860614460248099533e+01
-3.947139388279487804e+01 -9.037873791643079580e-01
1.418072611949485129e+01 -2.546856317104250778e+01
-1.901982506987080512e+01 2.330431650838571045e+01
3.847889561585485296e+01 1.158467921931109146e+00
-4.046298437883390164e+01 -9.122467969191667692e-01
-2.172952440988513700e+01 4.925609582882874982e+00
4.354458847104565677e+01 -6.335677690170792298e-01
2.611990895390885825e+01 -7.973815453949476328e+00
3.919653584434009730e+01 2.269314630275195643e+00
-2.059224162081973830e+01 2.637818675231219601e+01
-4.427136040088556257e+01 5.973873988527211409e+00
3.538798462686052915e+01 5.795446553595052563e+00
-3.105380100892293882e+01 2.671053780558927926e+01
1.891644383579863131e+01 -1.122087654892689912e+01
-1.980708101023564538e+01 1.589744398112475565e+01
3.779973260800501578e+01 6.144802773950008401e+00
2.002806532823877461e+01 -2.153950243639739170e+01
3.877945304596587306e+01 1.307296012989944778e+01
-2.068340778498960120e+01 9.839721924269490216e+00
-3.140465156293506865e+01 2.403640139348834381e+01
2.666831212548417440e+01 -1.483098254642867708e+01
1.808003442094513602e+01 -1.931689696589514682e+01
3.882510456345297456e+01 3.516557385886893261e+00
-4.286405913232357534e+01 1.698323405502659256e+01
-4.015919188765570880e+01 1.132105940863790927e+01
4.186383682789696081e+01 -1.190726720434881258e+00
2.514712304787985175e+01 -1.408610683803176045e+01
-2.289936789989853949e+01 1.273348581182362338e+01
3.221196042233333401e+01 -2.011580010099934412e+01
-2.384879525790869081e+01 1.390771953857083432e+01
-2.080823136354712233e+01 3.643185794459636195e+00
3.052710006550210053e+01 -2.107306715086415494e+01
-3.218372983067919080e+01 -1.597855228629226909e+00
1.669453761064145070e+01 -2.757662615633021019e+01
-3.313345608783401985e+01 3.802383594379284137e-02
2.493602504590039359e+01 -3.579872433353812777e+00
2.038646106791447465e+01 -1.402083964589195908e+01
2.865350525212549115e+01 2.536483989558802499e+00
2.633822583487607005e+01 -2.364288954069552062e+01
3.007715632527103722e+01 -2.157642558416109679e+01
2.541397710636345408e+01 -2.359920508539800821e+01
2.316807311601450081e+01 1.787682697481311145e+00
-2.458833530507400766e+01 4.244972953707454977e+00
-2.867461646653168472e+01 2.680019728353063613e+01
3.068154658975330307e+01 -7.237976148597569548e+00
-4.192782098833361459e+01 8.991371215194119415e-01
-3.216129298222115551e+01 -4.198282975504930570e-01
-3.479384041158149898e+01 2.204475673693599447e+01
2.379389452672310412e+01 -4.002267789429663769e-01
-3.530731411364472194e+01 1.404982354097877995e+01
-3.279404892908162594e+01 2.549560293931157062e+01
2.597849559934851271e+01 -1.233992753785952745e+00
-4.610974177427340948e+01 8.781640051103641653e+00
-2.962414244141767128e+01 1.516351181272611726e+01
1.979698212395780388e+01 -1.464752048666905004e+00
-2.819470536161049878e+01 2.631247128274850078e-01
-3.073522773467275826e+01 2.755287869471586149e+01
-3.011363448549845145e+01 1.895618270162627295e-01
-3.954210186344206335e+01 5.765553249310055861e+00
2.907202299830593617e+01 5.933371526315859512e+00
-4.335008178924945099e+01 -1.480926035551820119e+00
-4.237517670647093126e+01 6.227751739977849255e+00
3.089272278304319386e+01 -3.764696923408437979e+00
2.088481811721382186e+01 -3.017631635636957554e+01
1.557693318896481394e+01 -3.289453052973064473e+01
-1.985509990665076430e+01 1.062688529134638848e+01
1.889718199079513994e+01 -1.575201282328669627e+01
3.552798343222963950e+01 2.084897115265589296e+00
-3.412668502153518091e+01 1.094712094213254439e+00
3.971728104701379181e+01 4.993814733722798938e-01
-3.687566884637455189e+01 6.994976680970895089e+00
2.737849777604848001e+01 -6.308262811948720739e+00
3.146033136623775661e+01 3.855222924078897773e+00
-3.825959876662246018e+01 8.095243287385107678e+00
-3.994787725881165130e+01 2.645922569188650986e+00
3.632595558602783825e+01 3.705494005556886350e+00
4.304191297724801046e+01 7.222934733921015038e+00
2.073205806099756998e+01 -2.924638274760260614e+01
-2.501674467198774821e+01 2.773800821308845599e+01
-2.723903446113726545e+01 1.898921346324473802e+01
1.649337682980918984e+01 -3.004013796335598840e+01
1.184624625144379451e+01 -2.841298598470860171e+01
3.319359469096522730e+01 5.887578645133507038e+00
-2.558830672835581055e+01 2.598310574110712423e+01
-2.592906801179143983e+01 2.126448676965549822e+01
3.628604883476621268e+01 4.440525805551552629e+00
-2.142942158431539568e+01 -3.687474119826993357e-01
-3.460964936792822044e+01 5.443702027100022711e+00
-2.703974771436404723e+01 1.121073975332696016e+01
2.067118355551368580e+01 -1.287202191310031374e+01
-4.196738411035722294e+01 1.668603022214307430e+01
3.307077702853577961e+01 -5.196519489824965810e+00
1.607082874326541244e+01 -2.326892002483046795e+01
-3.321777720116473631e+01 2.786172574379285649e+01
2.489137341816901028e+01 -9.384225381346841033e+00
2.412820982965708083e+01 -2.606920853650744618e+01
3.241899973190427175e+01 -1.141788075119100121e+01
-2.951446031261807335e+01 1.917003201304930471e+01
3.405867969743434998e+01 -8.415966251011608890e+00
1.595659629802793233e+01 -3.620795353636411562e+01
-3.829940929424668639e+01 1.684548422463617356e+01
2.869468937059582103e+01 -6.028087419873527253e+00
2.921999567629746153e+01 -5.833682936531202401e+00
-1.862016941873175924e+01 1.469734331817889306e+01
1.779716912843874965e+01 -3.173335354802982877e+01
2.367210109857134981e+01 -1.290982524364477513e+01
1.500021072393579580e+01 -2.299123142534593001e+01
-3.427269604118514224e+01 1.678972925025225393e+01
2.615280600256079069e+01 -1.144082255285365157e+01
-2.920411814786628213e+01 1.411019490119651643e+01
1.333726227066586389e+01 -3.131789294543908042e+01
2.456697683242715513e+01 -2.679547600508709593e+01
2.610856950124930620e+01 -5.802249746032094535e+00
-3.160261511647991028e+01 2.463510922156402927e+01
-2.790116086340848867e+01 2.225012694581787187e+01
-2.857548268857456364e+01 2.540847692896799259e+01
-2.373223753914128054e+01 1.730991811860695861e+01
-4.080360823296415163e+01 1.592134445805646514e+01
2.378060133280527921e+01 -2.979859267982193671e+01
2.730358621405492414e+01 -7.261363758996170148e+00
-1.936526557105243995e+01 6.631047842799719483e+00
-3.947100641945170452e+01 2.205936382724499367e+01
-2.507466754391984765e+01 2.719038044275231769e+01
2.366690152732864050e+01 -6.572818835845772867e+00
4.028817407368477888e+01 1.791298854807617413e+00
-4.130777745144819590e+01 1.783587932169588086e+01
-3.689104860486070692e+01 2.239276205732302216e+01
3.625032032727975206e+01 -3.218380219120777763e+00
-3.078117811646491475e+01 1.391107254335441112e+01
1.289232251315804589e+01 -3.224136578355847860e+01
4.261906031252634364e+01 1.647604938743763459e+00
-3.225956735019273935e+01 2.770422748648199018e+01
-3.183352828138323787e+01 9.615117819136788313e+00
-2.005964409509645563e+01 2.758138955528586678e+00
2.685346327454739068e+01 1.553594707075110382e+00
-3.935904437928302713e+01 2.495151247360804803e+01
-3.715287889389166054e+01 1.960381611218460307e+01
1.964813787291913272e+01 -1.861360278470696628e+01
-4.338611400614823310e+01 7.897465577676295645e+00
-3.035672662980655190e+01 1.229447405241607250e+01
2.238127949733073052e+01 -1.125911920471407335e+01
-3.648620950001776464e+01 2.195201611209844827e+01
-3.523482998181091830e+01 1.419792039788159776e+01
1.828474635508275625e+01 -2.661445916541944356e+01
1.698593094748935783e+01 -2.072710201226174576e+01
2.445857481798384825e+01 5.128198515805528768e-01
1.551018375144651706e+01 -3.643611933481505361e+01
3.054168439562223725e+01 -1.194000921356634271e+00
2.747303299694231882e+01 -4.495565330601105636e+00
-4.761037809829484502e+01 8.859986383230344487e+00
-2.988799440734764445e+01 4.609514082259820178e+00
-3.278218479350152137e+01 7.041512860879651114e+00
2.394462500214696021e+01 -7.435648294757488230e+00
-3.412668464178096883e+01 1.819378736039796252e+01
1.194708582478585512e+01 -2.639347050060915123e+01
-3.191045598088309276e+01 2.053448482601797309e+01
-2.847918142415910836e+01 8.643101191069012756e+00
3.942526795848778676e+01 -3.179218335100283177e+00
-2.570745622773352679e+01 1.497588580990883855e+01
-4.057464948592794940e+01 1.223318449119021345e+01
1.836675948089934707e+01 -1.009894153753242207e+01
3.232952884246896730e+01 -8.742658300826809281e+00
-3.096877286449656452e+01 2.657510996433660733e+00
-3.034177751653934152e+01 1.676542615299235806e+01
1.800502203007056323e+01 -1.862128565033229677e+01
2.950601085157131465e+01 -1.072119555534112223e+01
2.085344914488985424e+01 -2.470062372352431979e+01
-3.459703079150360594e+01 1.120086563856689921e+01
-2.345888490277319249e+01 2.222134499658344708e+01
2.345104003948673110e+01 -2.166458082950269670e+01
2.156171290643428762e+01 -3.188273013528345956e+01
-2.504514284512253752e+01 7.735008369631396263e+00
1.535097835053648474e+01 -2.736379863254622435e+01
2.169107995624676377e+01 -1.866960236542124463e+01
-2.871882732255605575e+01 1.030063102371381056e+01
-2.384312328758510446e+01 2.100560834686021749e+01
2.356493679116183060e+01 -2.223451045192070907e+01
-2.364715027637822331e+01 2.210017869452149597e+01
-2.791744811917886437e+01 1.343986129771618465e+01
-2.750951551246007298e+01 2.157552019916665742e+01
1.939243018367570315e+01 -5.720282343652361767e+00
2.331067219963695436e+01 -2.473853051144366333e+01
1.517532004631880405e+01 -3.100956703216513688e+01
-3.070722742376343106e+01 2.853643009126527730e+01
-2.632241382786130046e+01 1.122602780667072864e+01
3.727822735136354027e+01 -2.754427743655062599e+00
1.929427389555915795e+01 -2.841265753321494714e+01
-3.897973153004306823e+01 2.601143188982685572e+01
-3.920510773790901027e+01 1.762067978099459964e+01
3.579478660080732055e+01 9.872971593954739333e+00
2.161845841560899117e+01 -8.623957859606331766e+00
2.198059580262821555e+01 -2.799422139593554348e+01
1.853886008986357936e+01 -3.020200889480224760e+01
2.736597799237728168e+01 -9.437289580990201543e+00
3.745343294700221293e+01 1.121509617366500500e+01
-4.522103041773835486e+01 1.237155003762674710e+01
-3.421184474207075965e+01 1.758149194181711295e+01
1.255867134203118418e+01 -2.146117581093228921e+01
-3.659896117763033629e+01 9.059655695974310419e+00
3.948225886007276131e+01 1.045026067486055332e+01
3.756526783951439086e+01 1.273171374195740491e+01
3.442552760484375796e+01 2.877202831421340257e+00
3.056744636623202638e+01 -2.086406673254145167e-02
-2.214313828042537580e+01 3.507169590554664040e+00
4.538069229483973999e+01 3.195433857380808540e+00
-4.393986984841303212e+01 1.046993194231305324e+01
1.729457586673017389e+01 -1.689195092018580979e+01
3.842138449937685607e+01 -3.386724047021054673e+00
4.175143013160372618e+01 5.112103471993379777e+00
