7.474099660107933119e+01 3.585034835102921420e+02
3.245539330155654625e+02 1.038077816600750936e+02
-6.622525884841272159e+01 2.067123984780224362e+02
3.223951234737657501e+01 -1.012200658210608140e+02
-7.718569296094166532e+01 -2.214592747256078269e+02
-3.241834265911402326e+02 -1.050853978571671519e+02
1.626445644199011156e+02 2.598354550980134192e+01
-2.506271400458332153e+02 -2.781498602744101163e+02
2.856852791771767670e+02 -2.910620897747851359e+02
-1.474658118691820334e+02 -7.392059481919996244e+01
-1.532860786376068418e+01 4.806019149744435737e+01
-1.875543943590461424e+02 8.168314064556045651e+01
1.051545128253382586e+02 1.761433551150862513e+02
-1.221247259514834553e+02 3.781464957183644628e+02
9.439189873599694636e+01 -2.927749287414723085e+02
-3.726885821619289914e+02 7.566873643402789185e+01
3.654552273672077263e+02 -7.964273714742888899e+01
-2.698945179605231601e+02 2.473404918221976345e+02
2.588901017325711109e+02 2.790989401213333849e+02
-6.184391715383636523e+01 -4.030283094671117965e+02
1.913660495438753344e+02 -1.348053018839616755e+02
