-1.077073842300449691e+01 1.775580815953273373e+01
-1.456111323539000502e+01 -1.647611849684713192e+01
-1.083906875414068871e+01 -1.362035143233986290e+01
-3.591190257967284527e+00 2.347323105868428783e+01
4.755824599183522849e+00 -2.674936165579082115e+01
-8.762066111889890152e+00 2.659957993752354355e+01
-9.408956743765381603e+00 -2.357507561663606310e+01
1.278922100606601298e+01 -1.474508446531280192e+01
-1.389428637555922208e+01 2.257663947763017376e+01
6.939481593942401716e+00 -1.596570471388689150e+01
1.192096747416581515e+01 1.240877772173746152e+01
-6.628490760420243433e+00 1.427442176512373706e+01
-7.267301365428291859e+00 -6.649918987866059616e+00
-1.520917080954506062e+01 -1.875574756726543058e+01
-1.604080349259445981e+01 2.001078695784546468e+01
8.929495099738845809e+00 -2.549586756213684779e+01
1.701065512801235968e+01 -1.354407916345022578e+01
-6.809092420318474836e+00 2.835386316004892748e+01
4.517558185369531465e+00 1.628350008466190957e+01
5.469125275414659981e+00 -2.347348541553256140e+01
-1.002132473418765457e+01 -8.708655634845259286e+00
-2.048942722084210999e+01 -1.347085944808856084e+01
6.508916124181006069e+00 -9.824377034102900197e+00
1.127341319781825923e+01 1.389893318280070567e+01
-5.200327130825693089e+00 -1.841509225218928236e+01
1.717188272182816888e+01 -1.854319674779351601e+01
9.481946219241306650e+00 1.711866586905819076e+01
-7.228061346518916963e+00 -2.635819185340448101e+01
-1.727693437194757919e+01 -1.145465563517977436e+01
-3.032747593415868970e+00 -1.232720972387204661e+01
7.834830375716987483e+00 2.192706292498040810e+01
-1.049988233317721864e+01 2.033169989574382797e+01
-1.091284911081653375e+00 -9.555859838008123219e+00
-9.371593155899269334e+00 1.830220810511147533e+01
-1.431748058095998921e+01 -7.891222213144994946e+00
1.685571333879252975e+01 -2.875161152137954090e+01
1.230482101470935952e+01 -2.877203420438969772e+01
-1.271028808816373967e+01 -2.632811180028759068e+01
-2.338706140530186772e+00 3.953506611420524308e+01
1.329078110230658361e+01 1.863327936577492494e+01
-3.656091432280548226e+00 -2.382991148995157005e+01
3.140535165878361124e+00 -6.844635382720087868e+00
-5.365223253642897205e+00 1.326933351692488650e+01
1.207756038608919980e+01 1.211157244994109661e+01
-1.297802269452094137e+01 1.472570580598103795e+01
4.513591956997411003e+00 -1.924118212335697464e+01
-2.875206771352273982e+00 -2.939890873446444175e+00
-2.287164582527086321e+00 -2.470041043101165457e+01
-5.994266027097771010e-01 -1.777089026454318699e+01
3.182274236022153424e+00 1.704488368944724641e+01
4.101745873901813333e+00 2.877229514271095567e+01
-1.025344114160233389e+01 8.017389602133309978e+00
-5.766440024609240211e+00 2.015889406655269767e+01
8.548356879778900463e+00 -1.998941631195926760e+01
7.905224291563325956e+00 -2.295191929812769871e+01
-1.754800870936633217e+01 -1.726319723939214512e+01
-3.355363591706236104e+00 2.689468185652459908e+01
-1.169591152522784583e+01 -9.100368549962123410e+00
-1.075307882600775145e+01 -1.765516054824661651e+01
-4.219231888383160545e+00 2.576372385482696359e+01
4.438730349149986765e+00 -2.252246898814570386e+01
6.573020499248703352e+00 1.560255571171884803e+01
6.360252916043993565e+00 1.949559122519225340e+01
8.347797798368354449e+00 1.603801033286791622e+01
1.159186514688606451e+01 -2.308967008693728573e+01
8.158486617052843615e-01 -2.301359275852033903e+01
-1.163411475201151113e+01 -1.380047141082354401e+01
-1.286073516364559310e+01 2.743896057966025737e+01
-1.774194527719371806e+01 -8.108130521349384168e+00
5.644693420901144343e+00 1.782777348597026545e+01
4.250994237010445431e+00 2.437156682542227060e+01
4.902555731399973915e+00 -1.249799689668758518e+01
-1.538978992307995775e+01 -1.141540291094326065e+01
1.456624743556554469e+00 3.083138952885164485e+01
8.155861692056367573e+00 -2.646942232993569988e+01
1.249184481543796643e+01 -3.222598345979908174e+01
-6.007320677644167883e-01 3.293003090833349944e+01
-2.468585753931239246e+00 2.395331195536027380e+01
1.580567612031527069e+01 -3.039004053341178135e+01
1.574296812681663837e+01 -2.506913916386026742e+01
4.214578371555501413e+00 -1.081795154912633805e+01
9.450700762764070006e+00 -3.345683276725108612e+01
-7.245931109902689293e+00 -9.150961069730380260e+00
-7.619425947054905279e+00 -1.558245897623154974e+01
9.915112349681033166e+00 -3.205509747732199344e+01
-7.149928446401395687e-01 3.742404758271500498e+01
-1.129788661895196178e+01 1.157699347782794597e+01
1.217452483128910323e+01 -2.116092135382270101e+01
1.964568730443673195e+00 1.437593666173033746e+01
-6.642658102557746247e+00 -2.241818461769391746e+01
-1.974847342580351039e+01 -1.071368764143195129e+01
-4.150699224596005266e+00 2.940059347671846979e+01
6.992271813846492989e+00 -3.280192713908866153e+01
-1.220780738239817786e+01 -1.835000740880335712e+01
-1.010402423731607335e+01 3.200243532312087780e+01
2.610749579609586757e+00 -1.417919714948173038e+01
-7.752815725862872709e-01 2.060511470321926097e+01
-1.474997413433031923e+01 2.085533418819723295e+01
-5.009780573260476544e+00 9.044050301084167742e+00
8.082469013279247605e-01 1.231242906786909685e+01
-5.178776261429137939e+00 2.223080494228000958e+01
1.578749591158312704e+01 -1.362955643797436167e+01
-8.894582971364814128e+00 -9.717263695432134085e+00
2.239856262945846499e+00 -2.453846330482467408e+01
6.957335279969285580e+00 2.851662617330851646e+01
-4.965574433068018045e+00 2.882653155133339240e+01
3.058362251627552819e+00 3.315644251143513799e+01
-5.237428784890008515e+00 3.203877895333430814e+01
-8.807164412449071111e-01 3.012712835988171634e+01
9.963471571020631856e+00 -2.896228210404297698e+01
1.012738570695501927e+01 -1.796437493176735245e+01
1.559262680599013784e+01 -1.726108877455596868e+01
-1.209567620688214085e+01 -1.244879732906166403e+01
1.428029034699965782e-01 3.701415544083525333e+01
-8.610640081990368344e+00 3.383353525569216913e+01
9.144787569251755510e-02 -1.208315909213587958e+01
1.248871066313393996e+01 -2.759618879188148455e+01
-3.407002171589625483e+00 3.425210095522325560e+01
1.158205761186455440e+01 -1.929723787745282237e+01
1.678787857112047810e+00 3.911905918941115345e+01
2.102102663931495474e+00 3.646170783332508591e+01
-1.396974652963470653e+01 -1.398351519402955567e+01
1.195277599549421055e+01 -2.632802096224101618e+01
8.979415988209135335e+00 1.418060817638594173e+01
1.178712455618448374e+01 -3.438137329151606991e+01
1.635644841560195673e+01 -2.020027989240426081e+01
1.299391114865097485e+01 -2.336493381607207453e+01
-3.029151137843404396e+00 1.415404236731052734e+01
1.065503859341601611e+01 -2.760556790598029053e+01
1.224117471098736409e+01 -1.603245861231826552e+01
-6.315642955481937548e+00 3.385314346531912122e+01
-8.757690500053620042e+00 2.981462814169086784e+01
-5.132930153658753269e+00 -1.659626544348670407e+01
-1.031586992785948098e+01 1.517375770418955305e+01
-2.659253556029952836e+00 1.631162519685358347e+01
1.460553452816204434e+01 -3.349909688895622395e+01
8.530238077749304537e+00 -1.367157264688453999e+01
1.948557405839141499e+00 3.366095312094374492e+01
5.708591156322744276e+00 -2.934370477654487530e+01
1.168716647741361214e+01 2.028388705773179623e+01
-3.016301130218300486e+00 -2.847087724322809521e+01
2.007416343868586583e+00 9.129963813672466344e+00
9.223327223100332262e+00 -3.106530329069932250e+01
1.360296942178479540e+01 -3.120659901917791146e+01
-1.379820899127172540e+00 1.454323186085927233e+01
1.038589214622886558e+01 2.565775252803402751e+01
4.102517834809732200e+00 -1.625440370145392421e+01
-7.158089284651455664e+00 -1.901301828688720263e+01
3.945869565512072352e+00 -3.324395821689995500e+01
6.511442129320324845e+00 3.319855482753985854e+01
1.346645223411535852e+01 -2.865548523086633637e+01
-4.421815081109150558e-01 -1.569804100621852250e+01
-4.039732397937121910e-01 1.570642430528027411e+01
1.010136084659292388e+00 -2.681121666742143361e+01
2.227413698529856045e+00 2.817414343572756508e+01
-5.995824414430231286e+00 8.657198686267815191e+00
-3.322402484036156789e+00 -1.574996466167159248e+01
-7.083589733694447332e+00 2.391152261048870997e+01
-8.683674424656770086e+00 2.673129374092426147e+01
3.016562798236479104e+00 -2.324074802166450837e+01
-6.595993065339108341e+00 -2.097241334886894748e+01
6.538903711642437777e+00 -1.917516422666851739e+01
-4.024111535718607691e+00 -2.082087296949408284e+01
-4.262701546354395354e+00 -8.896185572678664499e+00
-1.038113099037444531e+00 1.957277383980380847e+01
1.342234421347151851e+01 2.920486078083069259e+01
5.695185172314388922e+00 -9.439012421311945289e+00
3.104306822027688817e+00 1.980137057698076219e+01
6.468421772577507944e+00 -1.967725456790187621e+01
-1.130759581715109086e+01 2.088661749199940942e+01
-1.551545701716471881e-01 2.894700882712734469e+01
8.196909983052318438e+00 -1.150483722579486034e+01
-3.640336336614272472e+00 2.902179006897389257e+01
-7.748194601732084408e+00 1.831236893691386669e+01
7.166028092712435793e+00 -2.179464853186543749e+01
-4.742055717559622963e+00 1.607818828316487370e+01
1.130354998931952615e+01 1.926955558671884461e+01
-5.542472900290722038e+00 2.566374560631241408e+01
-2.235973784854577762e+00 3.281267727908213772e+01
1.040301279437041160e+01 -2.280353913587529036e+01
-1.901693991804034090e+00 2.204138131792895194e+01
-2.012616717531095389e+00 3.149003970744573166e+01
-7.368482388811380623e+00 -1.457228556906414063e+01
-1.711105880415490432e+01 -1.636085642506297688e+01
-8.621632202528083155e+00 1.403835842589361071e+01
-1.631787451307505243e+00 -1.234873964454636486e+01
-2.690654869503122382e-01 2.634416078913492854e+01
2.204203070525623698e+00 -1.537752918220610709e+01
-3.974265524995426180e+00 1.852704947144417602e+01
5.058733754073410083e+00 -2.078165128744149470e+01
1.400168570867538520e+01 -1.859856410687327255e+01
-1.592620112516236475e+00 3.805270575887933404e+01
1.055241155878103854e+01 -3.106096420459927643e+01
1.103485201049265818e+01 -2.018577246406053405e+01
-1.006822035369490465e+01 -1.530402644590810901e+01
9.103715496573478561e+00 2.509804555205037246e+01
7.514347236368816851e+00 1.844812857541816342e+01
-2.059213601767419277e+01 -1.456030339117308969e+01
1.321150026292016300e+01 -1.390603171487799017e+01
9.646939822219772864e+00 2.397319445445313235e+01
6.613347132051120347e+00 1.671289167438633072e+01
3.223372996213879738e+00 -3.008131765413135028e+01
-1.041690377839477399e+01 7.449230590671625407e+00
-6.776609592740761023e-01 2.468683514092043296e+01
-7.871852064879889532e+00 2.103401248106250776e+01
2.029880297877669104e+00 -1.945691660153131863e+01
7.120158377070830547e+00 3.393004393817166431e+01
-1.200440991354131626e+01 -1.594583177180059508e+01
1.014564442169563208e+01 3.088444744714037782e+01
2.093883221978666054e+00 -1.799573224691734197e+01
-6.132404824105859298e+00 -1.491761809211605971e+01
-4.021404290577975438e+00 -1.858630952586031171e+01
1.388262307569216425e+00 2.256591618920515785e+01
7.206367007312546313e+00 -2.667557110538841769e+01
-1.437541048917394626e+01 -1.109524909812393467e+01
4.373580690461394305e+00 -2.373936991794451146e+01
-1.284651560350942967e+00 -2.127500822959401106e+01
-2.058935195829460341e+01 -1.018554993288845090e+01
-1.338250757436069627e+01 -1.969454042593100240e+01
2.264588692998504182e+00 2.487566002454256875e+01
5.523482041260307618e+00 2.109526827588657483e+01
-6.515831225830742923e+00 -9.389537639969235627e+00
-1.240527488876909423e+01 -7.414570727759111080e+00
-2.653245521315849231e+00 -1.858532398090573423e+01
1.224973006407977572e+01 2.148869175991986680e+01
4.787062905741629848e+00 2.347397174188466806e+01
4.403625765692583904e+00 1.327230542409264302e+01
1.054025560489693625e+01 2.737523408545980885e+01
-1.733431200290176477e+01 -2.165512139859818674e+01
-6.947430974512919910e+00 -2.851724436276844798e+01
5.769029533888025973e+00 8.224261810362961000e+00
6.122492200289519459e+00 2.180835644281914298e+01
-1.891124191935037890e+00 -2.494772587653142182e+01
2.886581738542225439e-01 -2.780852212045004634e+01
1.229469422807126655e+01 2.557779087815126928e+01
1.256227514725525851e-01 2.199814918568062083e+01
1.643758097381207151e+01 -2.265086080438838323e+01
1.374731903339374384e+01 -2.360264878015896173e+01
1.071202791845419888e+01 3.112776347226482798e+01
-1.476044348051898103e+00 2.590269488329911596e+01
-4.407758457759850756e+00 7.792643119632599813e+00
2.901185572343855767e+00 -2.159010346605214892e+01
-2.304589487347344257e+00 -5.265603871376891565e-01
5.977938855619486347e+00 3.680607857509890835e+01
-1.399570715243098640e+01 -2.250751685775689026e+01
-6.091978907785378095e-01 3.526591935879467599e+01
-7.199161429922842359e+00 3.787589995161604861e+01
8.765623770688578675e-01 -2.098156231211667588e+01
2.280328674923992605e+00 2.208130064013143112e+01
-6.285020466062953837e+00 3.168771876862900072e+01
-9.439803918024463059e+00 -1.888964303264586775e+01
7.836558168678265268e+00 -1.704971077006027969e+01
-1.933600832486353127e+01 -1.157588023128552024e+01
1.200090267425870799e-01 -2.104495506859612064e+01
-6.748237788849976937e+00 3.724692785465934719e+01
-9.102168902573028575e+00 1.985269575155989585e+01
-9.990023983633157911e+00 3.363259729357088901e+01
-4.902437676199254690e-02 -1.645821720040686387e+01
7.720124885793333114e+00 2.602858673488046648e+01
-1.677681026759754701e+01 -1.444987051729293270e+01
9.256396919744851459e+00 2.129791164584585061e+01
-5.044140507998889689e+00 1.730205729529187764e+01
-6.240952532361189187e-01 -3.249595632074939289e+01
-1.106080949447213246e+00 1.399519034023344410e+01
-1.175866556410050201e+01 2.363634031700278015e+01
1.567011685045525660e+01 -2.075417753573517032e+01
-8.814997322200337493e+00 2.270545890079431217e+01
7.830762850404434872e+00 2.436834079911154305e+01
-1.087556141755198524e+01 -2.018814289147318064e+01
-1.519597364965182829e+00 -1.113905315139356134e+01
-9.572954710241935672e+00 -1.233336955901300414e+01
-1.134663900971002626e+01 3.118532427134952201e+01
1.181734331078772549e+01 1.615583907181023804e+01
-9.749071638269240836e+00 -2.225345895344392133e+01
-1.298362854871536065e+01 -9.961173676069083882e+00
-3.605447288507284576e+00 1.202635759175975316e+01
-7.495789758684631821e+00 -1.249861989758653635e+01
-5.981440708442390175e+00 -2.066097866837644403e+01
-6.997783291911447989e+00 1.754344090079995766e+01
1.368251565928995994e+01 2.362567793880870681e+01
-9.264945875780142615e+00 -2.444321346210254475e+01
1.577647814776882873e+00 2.465594615144869906e+01
5.542918988200910668e+00 2.556327247184345097e+01
5.223916459543633373e+00 -1.620546038763043128e+01
-1.469540737416478926e+01 -5.781609822286169376e+00
-1.393964347165313633e+01 -1.754998361226188308e+01
1.169090747114442763e+01 3.219701491700639195e+01
-7.185775570704314497e+00 2.088516465903086328e+01
9.777230129210824572e+00 -2.508645065807509766e+01
-7.205873295912213372e+00 -2.739415780243054499e+01
1.370617787574926805e+00 4.513959031363315333e+00
-5.164323015136649708e+00 -1.457089857953548417e+01
-9.609374939163163987e+00 -1.183911746870559689e+01
2.544754927353040319e+00 -1.317572391645834884e+01
1.707850967825308430e+01 -3.084531396739420117e+01
4.027595158749193716e-01 3.229298492721182612e+01
-9.359114326270502104e+00 -1.704379731516040763e+01
1.055817770760900887e+00 2.850985330642285476e+01
1.375960360866316634e+01 -2.624352744766410694e+01
1.473193106472502656e+01 -3.083094605621456807e+01
4.427042584827233895e+00 -2.746978593014752690e+01
8.351003721656029555e+00 -3.061344145769890090e+01
1.887151657288863404e+01 -2.485976361962535819e+01
1.245144736488658976e+00 3.360569199768930559e+01
1.927294516550727588e+00 -8.647959349244954907e+00
1.954428392848532781e+01 -2.718692976404597061e+01
