2.101458309242698519e+01 1.069484133760574274e+01
-2.029653963196992450e+01 5.456860102392151468e+00
1.295211591178932231e+01 -1.458090933914577825e+01
1.940962940858755559e+01 4.781629801869472729e+00
1.314570573009587129e+01 -4.011921800628258872e+00
2.604018505298245501e+01 -8.620755402674145529e+00
2.749644434938611326e+01 5.732866691408513127e+00
1.800992767593559662e+01 -3.933812376361360386e+00
2.701290562957780494e+01 1.377675980948907419e+00
2.284944218403048666e+01 3.048868366865769897e+00
-3.242969975123519077e+01 1.166339652420503192e+01
-1.388427570613860595e+01 1.457630439231425079e+01
1.448097106011920943e+01 2.161045418332588675e+00
2.170392696451350645e+01 -4.892717122409844244e+00
2.650291899199257983e+01 -1.374115524250862475e+00
-2.592400446489230248e+01 1.383730222314469316e+01
-3.660004489108569459e+01 1.287237744533978834e+01
1.186855524142226059e+01 -1.909267952805767266e+01
2.330840068514138608e+01 1.537731190215810884e+01
-1.818917040572410571e+01 -2.767135019820790465e+00
1.434743462902656752e+01 -1.205090495099613612e+01
9.641097160119009857e+00 -1.796447198607116036e+01
1.728062903252655147e+01 8.059427693180687413e+00
1.269785043361818033e+01 7.684180394462051034e+00
1.591257200272888817e+01 -1.574863439211325300e+01
4.560667344855119154e+00 -1.090073396424389074e+01
1.914614961255075087e+01 -1.590729584674977737e+01
-2.204471380303379391e+01 2.758320316055703714e+00
-2.482876759282429902e+01 3.054778127776440311e+00
-3.218092789595078074e+01 9.434456996551908503e+00
-2.539101380020931487e+01 2.013272677623216822e-01
-2.298625451217763782e+01 -1.004441131166670553e+00
1.656775196051678734e+01 -2.124620666571465222e+01
1.227719063054962767e+01 -1.032545081683363009e+01
-3.081919140076363917e+01 -6.144000615229298745e+00
2.221784826296402571e+01 -2.130689712671247449e+01
1.500590077117951004e+01 -4.878724711512170131e+00
-3.844137526369531344e+01 8.694045585178054480e+00
1.883119207069487189e+01 -1.831340341253605786e+01
-3.867239203749265641e+01 1.383725063741142769e+01
9.080809655231186994e+00 -1.279921048633083913e+01
-2.182006183238019048e+01 -3.497208865361680186e+00
-2.355153685933026253e+01 -6.750770904170497744e+00
3.168427452210156758e+01 1.039683379411192199e+01
1.452659789268503943e+01 -1.812997149916376927e+01
1.682877811892006648e+01 -1.389820470128158725e+01
2.587440691830752471e+01 3.176947047592532769e+00
2.937618557704457345e+01 -4.667325560464958834e+00
2.219538180884609702e+01 -8.080471660610159645e+00
1.959219120449886020e+01 -1.094080251095956058e+01
-1.809948542336185540e+01 1.379094328143005921e+00
2.372516852656996633e+01 -1.152429984336728808e+01
-3.825289487975800284e+01 -1.268802189353427368e-01
-2.693710996163028781e+01 -3.391580419985175343e+00
1.740646573273988906e+01 -8.219099209099173464e+00
2.478712083955752021e+01 1.020410840854353474e+01
2.793758801676758452e+01 1.355132820471078148e+01
2.180656424741416899e+01 -1.525944989788855288e+01
-2.350937723878144325e+01 5.495595980156628535e+00
7.941938371338987501e+00 -1.467083838234279014e+01
2.658487229347058900e+01 9.511779567478582109e+00
-2.812278959618085139e+01 2.924557545653753809e+00
-3.532858897179427515e+01 6.541301368199648358e+00
3.111108065790886457e+01 -1.142883287518341007e+01
-2.216066283107860002e+01 8.296782785419463124e+00
-3.727877528938555685e+01 -1.820480431032345248e+00
2.217415854039004586e+01 -2.486772098610795512e-01
2.878245519585825818e+01 -1.278303805497573542e+01
3.219633921112621522e+01 4.382913776907695791e+00
-2.013715827255271762e+01 1.241956508457224473e+01
-3.408233673291447019e+01 7.749294237926191542e+00
3.187381244117753809e+01 -7.555939036026471101e-01
2.413783568872196739e+01 -5.007685294295552758e+00
-3.467170834587972195e+01 1.533406926737680465e+01
-1.675314512903042541e+01 8.692709823662001511e+00
2.724208328563740622e+01 -5.832504940595124587e+00
-2.020569228991850608e+01 1.011446317964526997e+01
1.180740629410247067e+01 -6.670638426373996843e+00
-4.287617092509439232e+01 5.885608896233865295e+00
3.256772373980616209e+01 -8.222673749645203145e+00
-1.664059395746635772e+01 4.620500745211392868e+00
-1.505991147419910803e+01 9.152905408479088400e-01
-2.696869336344202139e+01 4.788472644283563007e+00
-2.228038229606669773e+01 1.449793712438607152e+01
-3.123711656787377322e+01 1.532046615762488884e+01
-3.066855735073106004e+01 6.642142710742387379e+00
-3.280404080752028051e+01 2.926119297114380124e+00
1.652680187487281316e+01 -1.168940939538634982e+00
-2.926950622591790818e+01 -5.965658149204805527e-01
-2.588380076671862184e+01 1.192780588652903084e+01
-3.271842784646373303e+01 4.243596767283377980e-02
2.263611368536773938e+01 6.797388909970821125e+00
1.907035793155522896e+01 1.175850195487753425e+01
-3.005633010262887339e+01 1.762507266585896204e+01
-2.816809987900811763e+01 9.562675117507163591e+00
2.859626998918512797e+01 8.022771371797080775e+00
2.268787078100949728e+01 1.304442810886712500e+01
-3.708641924898652320e+01 2.847509747005621872e+00
9.393421870257810724e+00 -7.819903776242413507e+00
1.637969634400245411e+01 1.890610167664338981e+00
1.644937293381014243e+01 -1.008647152837670014e+01
8.054605543673403645e+00 -5.128016781426104842e+00
