-2.357661976234307133e+01 7.939628516049390683e+00
1.286536187339058657e+01 -2.566511292251167475e+01
7.171348013419536649e+00 -2.636393843223456557e+01
-3.496449534544605342e+01 1.923340501358345733e+01
2.039628049494540463e+01 6.523175793513394716e+00
-1.132346409248685504e+01 1.997478650881335227e+01
1.757795506544933062e+01 -1.581214567187620368e+01
2.984121776756623845e+01 4.130570306932966673e+00
-2.128431575460872338e+01 9.522943131184209875e+00
2.267024436695249179e+01 -8.053222353512587972e+00
-4.076689061757023325e+01 1.430204625584394762e+00
-1.821398750009809220e+01 5.105119671375573986e+00
5.376232519569921209e+00 -1.413979784814415375e+01
7.412423309821025263e+00 -1.915398258239923734e+01
-1.766539962938892927e+01 2.371183359207855279e+00
2.625716399288917557e+01 -1.974139740144321920e+00
2.605651670591154101e+01 7.154131397701904760e+00
-1.729057857118469244e+01 7.419315110158010818e+00
-3.644278340616075695e+01 6.073523556090014708e-01
1.635077496840038336e+01 8.789747464212146477e-01
1.612338963567958672e+01 -2.110180979867229922e+01
8.375121310335398306e+00 -2.354436415205078958e+01
2.908967724382268827e+01 -6.639702200979234803e+00
-4.059347256170916296e+01 -1.420538472244191830e+00
2.294581249572445358e+01 -2.235766766254702631e+01
2.794069139768962629e+01 1.121580709493745687e+01
-3.930412431111962945e+01 1.864369716041768044e+00
1.065873559681071292e+01 -7.538018688112797960e+00
2.247290952164209443e+01 -1.324753576368358132e+01
7.595410886398506811e+00 -2.870550262558780830e+01
1.950319437921419308e+01 -2.958877501459450610e+00
-3.498679729945641981e+01 1.514964747315885951e+01
-1.560839473737623706e+01 3.225723882095883344e+00
2.262073522051403174e+01 -9.388747756661825150e+00
5.256514874836080153e+00 -2.574564047922013188e+01
-1.941886019999510893e+01 9.230795046713133445e+00
8.304307150486184952e+00 -2.308833709641548637e+01
2.258789613467932256e+01 6.723319165736752367e+00
2.454400029607187506e+01 1.414108937892779139e+01
2.781542684762087703e+01 -1.249882145607012873e+01
-3.645483880811512023e+01 1.621172631705994860e+01
-3.727325596368099525e+01 -1.562624594340745521e+00
1.224543720631806565e+01 -2.459220763235058005e+00
-1.011476993845268701e+01 -1.805895928972514941e+00
-2.988035303579814794e+01 1.704032367322178132e+01
-4.179219293769850196e+01 3.207166434741925976e-01
-3.763972473810050445e+01 9.662596671419615424e-02
2.738218091744490579e+01 -5.493557009224197429e+00
1.728921231672768122e-01 -1.949528266588506398e+01
2.725410018522265077e+01 -1.089845942559090020e+01
1.532524981971373279e+01 -1.295885970270980714e+01
-4.057333463502272508e+01 7.708259634737065547e+00
-2.819989528042130189e+01 -4.564580186779670257e+00
-2.480485920818922452e+01 -2.746208193278155907e+00
-2.011684580146265588e+01 1.035444259287397806e+01
2.480676568375333702e+01 8.388399018205928925e+00
2.680974330970960295e+01 3.846149157216973702e+00
2.936623163936631187e+01 4.347020934585104968e+00
1.403961828211985363e+01 -2.070964235705838874e+01
-2.786773187940407226e+01 6.984061804808053608e+00
1.229386859585914138e+01 -1.078239599926564907e+01
1.900888153717484030e+01 -2.729466597541856743e+01
1.215170635023148549e+01 -2.853917750093194883e+01
-2.671231929580314102e+01 1.460102892495731020e+01
1.988123086005034423e+01 -2.052730348519908432e+00
-3.576837839722657719e+01 4.449053778851590479e+00
-3.729705468415264846e+01 6.150775504525825887e+00
-3.997337118703008940e+01 -4.230262602969830255e+00
2.439405442563515791e+01 4.751899921781875591e+00
3.089326023546073685e+01 5.685233024037690264e+00
1.467519623006159613e+01 -1.601716179053676115e+01
-1.937338472131644096e+01 -2.455626825064611829e+00
-3.124372723929067774e+01 2.093863880476148154e+01
1.298324754205209963e+01 -1.816342704097825234e+01
-3.389335029293327750e+01 7.302724056923417528e+00
-3.420232577543625752e+01 3.254370852704302042e+00
1.909794681911071734e+01 -6.799840098307415204e+00
1.958849983006999551e+01 -2.675229823894822090e+01
-2.753234630955937945e+01 2.324504914933332245e+01
2.559349385530162024e+01 7.798049777359888246e+00
3.312155347345306922e+01 1.167434026795696234e+01
3.472494344065842142e+01 8.612647211281409199e+00
-1.257907705533466114e+01 1.421464488865646381e+01
-1.425604680997365215e+01 1.723178689395412277e+01
3.529214050544076997e+01 1.154663635472072336e+01
3.811886601993261081e+01 1.352448806116506752e+01
2.556369988529885617e+01 2.018550589625827119e+00
2.678149237382859837e+01 1.928725723409598913e+00
1.561541261512885015e+01 -2.427504855233830128e+01
8.065894810172316909e+00 -1.338550676456515909e+01
2.952663309176013939e+01 7.679926285434746980e+00
-2.400408872667873084e+01 2.339495087219417968e+01
-2.513322110732588754e+01 6.177816440596420877e-01
3.825373934951925747e+01 6.888581551801548741e+00
-3.623095352672010705e+01 -2.778596505578597498e+00
-1.547177465421265197e+01 2.338217633088521907e+01
8.054361018183877619e+00 -8.105278472962577752e+00
1.045696400094386469e+01 -2.424606132210103127e+01
-2.151091574500143722e+01 2.065782887170044546e+01
3.514673788995818171e+01 9.285689845950708232e+00
1.230608868374147669e+01 -1.448896024925136494e+01
-2.313769221609286575e+01 6.913155666355797813e+00
2.698163692902689448e+01 -1.422758079730614078e+01
-1.748724620629148774e+01 1.350827297141575478e+01
-1.618980045309778859e+01 4.667642764804425526e-01
-1.053422807710925291e+01 -1.941234885269097044e+00
-2.455996319296075825e+01 -2.703089923693196894e+00
-1.792234554519279044e+01 1.065627804827963487e+01
2.713517613675193374e+01 6.360708355436212713e+00
1.043921637176480388e+01 -3.079250943574712451e+01
-2.064827169849969124e+01 1.275087469044502519e+01
2.615473891689763164e+01 5.183291844321861186e-01
-2.037089821158430425e+01 1.127592166320285472e+01
1.179376074107866934e+01 -1.899899992286302819e+01
3.897630228633381932e+01 8.373429625568240553e+00
-1.324974464266834318e+01 2.093562012276962037e+01
-2.542535202526162763e+01 1.716429129302594347e+01
-2.705915817020063585e+01 1.767418056827220596e+01
-2.146542509932886844e+01 1.906642796923588534e+01
3.578860874841758033e+01 6.649809277107192607e+00
2.568419943847355924e+01 1.117299648999126482e+01
-1.218275449458066362e+01 4.051808439339921186e+00
1.959896471928814066e+01 4.551019367905365876e+00
1.560039373228490511e+01 -1.938302846408294755e+01
-2.371847612664574001e+01 1.759376885109477229e+01
3.227620753316156055e+01 7.596508376665421558e+00
-2.527842173884906174e+01 1.011648731932825207e+01
-3.975277423082615513e+01 4.099131287374416566e+00
2.943321418260514477e+01 1.257242179301962004e+01
3.858928017071134065e+01 1.059405577688724698e+01
-1.801922964615328127e+01 2.178131766080365139e+01
2.250288876421538475e+01 2.549585564279941430e+00
-1.756538836731207809e+01 1.738536030488860362e+01
-2.437031451895649070e+01 2.127909074949251433e+01
-1.542869997138035210e+01 1.985317006003895202e+01
1.490074237714193295e+01 -2.912982549094998674e+01
3.305827583660068569e+01 3.606814557111343245e+00
-3.525762623269154261e+01 -1.470587761180055963e+00
-1.481351410058222129e+01 2.118989285177374882e+01
3.487140568453517631e+01 5.124903166198545357e+00
3.027581725975096560e+01 9.855204464569088385e-01
-2.504303097788851318e+01 2.103492050554459780e+01
3.428855534632442215e+01 6.196601693285733958e+00
-1.444797435824381182e+01 3.085483789034924484e+00
3.069828745087678712e+01 1.035228065794923502e+01
3.224420879720315014e+01 1.601561663109614564e+00
-1.709618353726404294e+01 1.942250943861077417e+01
1.184037067327190407e+01 -2.380288197615745815e+01
-1.838152124646865460e+01 1.811585078799773996e+01
1.222606427240623539e+01 -1.687413477533803174e+01
-3.595426420581161864e+01 -4.420874295241358887e+00
3.363334444703419024e+01 1.230082542122424183e+00
-1.530744122748630787e+01 2.177484875881733828e+01
-1.562097238684862077e+01 5.361931401137291608e+00
3.926518548854665625e+01 1.147101502534156481e+01
2.152190353113513410e+01 -1.826827624740988654e+01
3.054778088549084814e+01 2.752530858122826718e+00
-3.883808514048688920e+01 2.349212682705217048e-01
-2.237521991554836731e+01 1.861535065979007086e+01
2.956266893315738642e+01 7.943736229742842880e+00
-3.255019379138860103e+01 5.001324570529160241e+00
2.018605803441460722e+01 -9.598781053049222578e+00
-1.550817146789983347e+01 -2.359608334406009700e+00
2.759852702940935743e+01 2.024583634945023469e+00
1.932586522459779843e+01 -1.221581328767119068e+01
3.581869263717675267e+01 3.093151796882993576e+00
-2.035192014108766756e+01 -2.553861880910079485e+00
-3.009894570824092241e+01 1.510721450238235342e+00
8.490950347825409139e+00 -8.035251090564015541e+00
1.056577843585233367e+01 -1.243470938324519892e+01
4.025955043262117528e+01 8.212316093071136081e+00
-3.607427829468750957e+01 1.218141987298615447e+01
-2.448617068102443639e+01 1.554554636448098037e+01
2.692165231017140314e+01 1.511559659135342315e+01
1.223387075209534736e+01 -7.396313276759868494e+00
-2.636808646877317486e+01 6.168898581327365571e-01
2.633962443852189850e+01 -1.956880272553011579e+01
-3.013671350989330477e+01 3.035714385634147860e-01
-9.184548557003752833e+00 2.030060879377650895e+00
2.334859584344329875e+01 -1.120974529618762716e+01
-2.253908852612528335e+01 6.363483568749426666e+00
1.412738333676164260e+01 -2.316368442085216728e+01
-1.927855650817494748e+01 1.757151646601148798e+01
2.609492777226456894e+01 -3.741292237594853187e+00
1.542524334233590366e+01 -9.995118762138861968e+00
2.698838641567027352e+01 1.351018640026360629e+01
1.828625475444102477e+01 -2.164309401201032301e+01
2.430532564953275099e+01 -1.159226793713321868e+01
8.368061362489966015e+00 -1.768910590234700209e+01
1.605067158968553187e+01 5.060022854582824081e+00
-1.371969865859834847e+01 9.466291718480636774e+00
-3.149529810447659983e+01 -5.712051814943965411e+00
2.641697620206672070e+01 -7.729205887333755243e+00
-1.562380352536994188e+01 1.564201931299550807e+01
-1.356108430204095683e+01 1.278667798590950078e+01
-3.257802861889318535e+01 1.268860269610840596e+01
3.126035437510032367e+01 -7.024233710401537323e+00
-2.698433007248972615e+01 1.413563121497613295e+01
-2.956652727098586553e+01 4.538597352520922890e+00
1.762227764640583061e+01 4.985170632276419767e+00
-2.516161783980384925e+01 1.263367930372838721e+01
-2.658388316056327838e+01 4.005058605228685842e+00
2.923255366146432976e+01 -9.079493571918572314e+00
-1.164683703754518440e+01 1.147937152178682574e+01
-3.104299718884115578e+01 4.443445721300308016e+00
-1.411346845018892715e+01 9.890871942382039705e+00
-1.286697057804376421e+01 6.500910823877018352e+00
3.655472537081153206e+01 -5.946384027644483483e-01
-1.338572277550101397e+01 1.669262482981459428e+01
-2.129023346384877868e+01 1.677833045843158999e+01
2.759575597812568049e+01 -1.410648208106442647e+00
8.488710503502796101e+00 -1.970674640040122227e+01
9.766264661270335878e+00 -2.609834159812541898e+01
-2.561695293138335217e+01 -5.119947647268524804e+00
1.426757250697883883e+01 -8.174041889125659210e+00
2.358128763088903312e+01 -2.763109944973650034e+00
-1.677633036276050760e+01 1.637643676300213613e+01
3.277149042095085463e+01 -6.828174553786666712e-01
-2.311978465137586625e+01 1.240907955791121253e+01
1.694945579164203764e+01 -8.400486117172022205e+00
2.063258214478838681e+01 5.185444757558368423e+00
-2.217999301056082828e+01 2.391978881153283254e+01
-1.917527270385701144e+01 1.486243318637969857e+01
2.797604398570125284e+01 1.007632974134868142e+01
3.231344506696533614e+01 2.941905726181973435e+00
1.770650833615452768e+01 -2.463880395883538910e+01
-3.720117646377063636e+01 7.349029567266100571e+00
-4.314852095037789326e+01 4.031271864189296394e+00
1.217697035924429017e+01 -2.183646819643657366e+01
8.654024023553205325e+00 -2.677094862782029594e+01
1.993378273224983133e+01 7.606646989492008570e-01
-3.886069148522754091e+01 1.054885441429013504e+01
-3.849364025670649880e+01 -3.368075772177282268e+00
3.815720544135232473e+01 4.921095703160782708e-01
-1.045723331075463136e+01 2.086270578806209475e+00
-1.579788542076145497e+01 1.014914457389285118e+01
-1.952463008389803534e+01 5.694884853580704842e+00
1.896119973179837004e+01 -1.116498369103357824e+01
-3.543005040628404601e+01 1.371942687584600407e+01
1.971727907509903233e+01 -1.386077728587983504e+00
2.256498778968770225e+01 -1.394496218495672579e+01
-3.303885578990558258e+01 9.573345555668293372e+00
1.852561597547899908e+01 -5.368774058563963614e+00
9.997991144416037201e+00 -2.283494298635624631e+01
1.324074657295869351e+01 -1.031248785200477691e+01
-2.864889803486743247e+01 8.920410805278317312e+00
3.222596659938829333e+01 4.731153117193184071e-02
5.735320771163146425e+00 -1.867326787663110466e+01
-2.286424403108688352e+01 2.410008350373490771e+01
1.765597541544120830e+01 -1.397118850640971388e+01
2.138251470219162798e+01 -5.938834924585169261e+00
-2.169763945249907522e+01 1.964885528633562251e+00
6.161689484276305251e+00 -2.350576447534860236e+01
1.365591708126494375e+01 -6.176317840777389989e+00
1.062054307684869769e+01 -2.876908242754225498e+01
-2.656605249721327411e+01 9.183209685594837524e+00
1.625829699600676648e+01 7.182267625088298857e-01
-2.646200897108540673e+01 5.288824226987635768e+00
1.648656290459114970e+01 -2.373455091530031069e+01
9.092086478283853523e+00 -1.298621148712044970e+01
1.809972259996403565e+01 -1.033724565810960883e+01
-3.313775425227839833e+01 9.725417584078872579e-01
-3.626843341848778834e+01 2.332397699384048728e+00
-3.241992107358751696e+01 3.287889764102809309e+00
-2.883604276410079947e+01 -1.791699624200484786e+00
-3.640753114886629049e+01 8.867205470091418462e+00
8.430854312213289958e+00 -2.494991933321325916e+01
2.356962320779174647e+01 -3.656406158625270297e+00
-1.329515232823286652e+01 6.016527112771795638e-01
-3.452893726298105292e+01 1.551632044506133212e+01
-3.930485628356696992e+01 2.527225580837756613e+00
1.660963367767386956e+01 -6.707958019087196355e+00
3.129085857374921176e+01 -1.558907389406241739e+00
-3.240001502737593597e+01 1.475877049760725868e+01
-3.146181635729238124e+01 1.141107526518669069e+01
3.110005581647216033e+01 -3.795963674297632373e+00
-2.668835067145461082e+01 6.436104132450692461e+00
1.558950611192620350e+01 -1.765125810600149592e+01
3.427726920331070204e+01 -1.714207871988022491e+00
-3.125818102938345078e+01 5.548033319177251954e+00
-2.864861215726753940e+01 1.711194143021092273e+01
1.469782906544197232e+01 5.234163088767620486e+00
2.137833477226228496e+01 4.332225340082465515e+00
-1.885195025482851339e+00 -1.848622684513265213e+01
-3.305426737171909224e+01 1.785791402817761053e+01
1.046904688204266876e+01 -1.864007459883452711e+01
-2.056299729490632444e+01 2.302739807376989845e+01
-1.962987796335410096e+01 3.349161716679361689e+00
2.277060850906257272e+01 -4.983229687206823244e-01
-2.971331634449421344e+01 9.444917937838480881e+00
-2.677692840212698400e+01 1.198256844800690857e+01
1.171255077659251320e+01 -2.231308252535699665e+01
1.251289788617821586e+01 -1.532088304134775569e+01
2.919400838181023872e+01 -7.187391443598937890e+00
1.596554485769074105e+01 -2.756718613499229420e+01
2.315092209531568557e+01 3.003208760835330615e+00
2.046943368782888228e+01 1.039747911458816354e+01
-2.826838996605149035e+01 1.158525633799048471e+01
-2.064441393530938385e+01 7.295424267716149380e+00
-2.446534835937371000e+01 5.430086787364366785e+00
1.490840302101213410e+01 -8.853735510390352559e+00
-3.417079007646929512e+01 5.162616540407600318e+00
1.326176405174589590e+01 -2.533573405308581883e+01
-2.957672107965612085e+01 1.731536565614543610e+00
-2.020174433772714906e+01 3.220671412173417458e+00
2.236663425988652776e+01 7.566072302666195348e+00
-2.653193584517478243e+01 -4.086544637742881569e+00
-1.840482628164840406e+01 2.542046764503285772e+01
2.550109435027104965e+01 -8.000926723392245421e+00
1.776765494986391403e+01 -2.567698132254216059e+00
-1.701755495481691227e+01 1.284551429895952168e+01
-3.427953611755265229e+01 2.314709709281027816e+00
1.028048106115486782e+01 -1.549851462357465159e+01
2.517569502138223925e+01 -4.099790048950873178e+00
1.711172186634298953e+01 -2.134895721351858455e+01
-3.266997279473096683e+01 6.386311240868780992e+00
-3.306680884228460826e+01 -2.739859049274057767e+00
1.868294897308715719e+01 -1.480931868515519056e+01
1.440158551535693832e+01 -2.041164501663194741e+01
-2.049990493364905220e+01 -1.967048598326003761e+00
1.136797331832320523e+01 -2.021261377946056470e+01
1.535836930104251508e+01 -1.444298654365125856e+01
-2.100694999871415547e+01 5.316830492076091375e+00
-3.217496106587476845e+01 9.047622199243228636e+00
8.284199980150336984e+00 -1.516031583987519582e+01
-3.288835529226832932e+01 -2.243947471181589215e+00
-1.818185269094225376e+01 2.121563479518133288e+00
-3.497988522371609577e+01 2.128616991119191282e-01
1.807341970424558397e+01 -4.560177210519737123e+00
2.163229312776735469e+01 -2.209936969107446458e+01
1.052700641358347156e+01 -2.668898199079750100e+01
-3.001677073216983516e+01 7.219825720164699590e+00
-2.168447636719505311e+01 -1.109636132063335889e+00
2.859044332217222362e+01 -8.514586353491886417e-01
1.894004514799197025e+01 -1.865347174833594224e+01
-2.487645719335226158e+00 -1.816491851200603591e+01
-3.024427386671128559e+01 1.309793494004966874e+01
3.811285192594843352e+01 5.115971248265130278e+00
1.557723806504222530e+01 -4.206615141524458146e+00
1.505955132716338518e+01 -2.524495871257255786e+01
6.266754790928364294e+00 -2.066321045966043712e+01
2.549366537122417498e+01 -5.181347323642338409e+00
3.740266332771218316e+01 4.480570305339233173e+00
-2.646172438870481969e+01 2.227688223278499180e+01
-2.846188280113346636e+01 2.046931816573215812e+01
2.397673181110733509e+01 -1.655941570268546670e+01
-2.556557979022210603e+01 1.994553515345376482e+01
3.702949498548629492e+01 6.763710628497440425e+00
3.709480889322065877e+01 1.048074802098552816e+01
2.142618865683032681e+01 9.596763680932962615e+00
1.771663822411962386e+01 7.104745562394415792e+00
-1.411961284856542598e+01 2.684072450361752793e+00
2.339350465879866903e+01 1.714174221227159567e+00
-1.899648999259558835e+01 1.927907990041232722e+01
1.950322034522661596e+01 -1.552663851223981695e+01
2.814648814355090423e+01 -3.425940639329757342e+00
3.195896049435469166e+01 5.759251614545634723e+00
