-1.256758522752260276e+01 2.880027748429802870e+01
-6.504713198187809020e+00 -1.967304514969792706e+01
-5.586651718708384173e+00 -3.630168686101463038e+01
-9.868028679935527236e+00 -3.798463101005256704e+01
-1.407766155436341826e+01 3.329349839509525566e+01
2.547509496459871414e+01 -4.413104193849937573e+00
9.363217834176813525e+00 -3.236946204381969494e+01
6.407307935584069192e+00 5.075274736022528543e+00
8.489861138205068158e+00 2.102106552633575021e+01
-5.862551250242515444e+00 -1.227565236640333346e+01
-2.139098644612015221e+01 2.135098341104904307e+01
1.707355545042284461e+01 -1.239587233475835326e+01
-1.153726661607229076e+01 2.424366628685019265e+01
1.257048350808340764e+01 -2.753297631467088635e+01
-2.439974009611267647e+01 1.143687267264362006e+01
2.433384213059741619e+00 1.271325133532952556e+01
-1.310379705118680249e+01 -1.273551726107748294e+01
-1.088306619694381183e+01 -2.802541152292844373e+01
1.512142928530730179e+00 1.438690171220073388e+01
2.614839257254464755e+01 -2.690817287407210490e+00
2.359786951409360256e+01 -2.223222919823139421e+01
-1.521674489673510822e+00 2.255901822224822695e+01
-1.899927427223158816e+01 2.019353199867945747e+01
1.446316821881574066e+00 2.130641849002085308e+01
1.483722161049832344e+01 -2.052471243066199591e+01
-1.167399459616833468e+01 -3.225428352477788962e+01
-3.073601801834328295e+00 -2.358340686362431526e+01
1.080770213718692574e+01 -6.200997582278716003e+00
-3.031641836653316702e+01 1.444521791154648405e+01
-7.795567513176473007e+00 -2.981721814595353948e+01
1.856087897491254424e+01 -2.016679191574602115e+01
-9.556010088335325392e+00 3.544770511016363912e+01
-3.210668565322261259e+01 1.904727474845228841e+01
1.405199857177491962e+00 -2.216468596227521459e+01
-5.618462244993353671e+00 -2.185940818649135409e+01
-9.380851532748197386e+00 -3.545434871513675645e+00
4.534143469286284756e+00 -1.963661611951285124e+01
-1.703176642119979789e+01 2.728805743506145376e+01
5.591969952675123201e-01 2.030998954434539883e+01
2.641538598173561425e+01 -1.968565377046721210e+01
-1.186294228901300407e+01 -2.904370462498907202e+01
-1.216319390703193193e+01 5.930440308483896139e+00
-3.220556507187947393e+00 -8.707930998076626850e+00
1.752366858620642986e+01 -1.085040494723780391e+01
1.921594402495578535e+01 -1.928814601460170053e+01
2.284988076942984225e+00 -1.771684326285642896e+01
-9.583849420649880102e+00 -3.287214513534003402e+00
1.106275219538600973e+00 -2.503853654778771087e+01
-1.731623709375165632e+01 8.715168397017192703e+00
-2.742740026688756672e+01 1.933903328727771864e+01
5.217930647269382938e+00 -1.724075530264924083e+01
-1.302102710310213185e+00 8.405281576609183958e+00
-3.076732185130175878e+00 1.540501049248546117e+01
-1.458233388659352237e+01 -1.102592053840057140e+01
-1.259851777972906461e+01 -2.223956940783652669e+01
-2.961786621830301769e+01 1.817861183236796307e+01
2.168491666776510485e+01 -2.004690701259748309e+01
-4.569400162751271033e+00 1.844415794733987113e+01
2.374371871014320945e+01 -2.572688902960359414e+01
5.806010239471372181e+00 -2.383709981749451856e+01
6.219621245740412974e+00 -3.446388861657641911e+01
1.188905143142458698e+01 -2.510387929880161195e+01
-1.741975712782657482e+01 1.148566728656794567e+01
-2.032126690118123591e+01 2.479242258460894988e+01
-1.697517916568259722e+01 2.135325371020894991e+01
2.627842790731074984e+01 -6.916186840722054363e+00
-6.504076587439480583e+00 -3.712933273267430678e+01
1.356612216300813500e+01 -1.258445608891097756e+01
4.574621197927908334e+00 2.078539950812793791e+01
-9.228931563313620856e+00 1.829038766968044172e+01
1.501979231979903595e+01 -2.291028443909667089e+01
2.331005547405984046e+01 2.169712411348120540e+00
3.045208208769419400e+01 -2.437939040490314468e+01
1.782540333980007574e+01 -2.055685311559641448e+01
-2.572704978877154769e+00 -3.364343263566669151e+01
-1.641339114465477778e+01 2.060413489508361451e+01
-2.437052934396962911e+00 -3.009495694986832603e+01
-7.564812796320223853e+00 -3.160467465167964818e+01
-4.755520809769135937e+00 -1.793874833036741023e+01
2.244661205561676454e+01 -1.943360058438100779e+01
-5.957685703478418304e+00 -2.262518695562856053e+01
-7.054388213955334663e+00 2.846004342417722555e+01
-9.120179296438056582e+00 -2.205839787493118465e+01
7.083467580692309973e+00 -3.844645045733352617e+01
1.798844211144691485e+01 -2.542490104831168196e+01
3.806145118271882843e+00 2.629632677872764646e+01
-2.929161663613157529e+01 2.632036684901040147e+01
-2.267939870821159776e+00 2.586997226452289667e+01
-3.253524092881414020e+01 1.376945129259303080e+01
2.813489171879727024e+01 -4.053608730998527143e+00
2.190098730540976746e+01 -1.248516129237525618e+01
-3.957961554204090793e-01 -1.870405458578102653e+01
-5.971182593248021142e+00 5.816600536318179415e+00
-1.164139267501630570e+01 3.467873695700590986e+01
-9.446895436746345354e+00 -3.613789258571605956e+01
-2.210580191266971539e+01 1.969642218638550801e+01
-2.282803510142750270e+01 2.444939082090447613e+01
-3.166483323055662069e+01 1.405438482455991256e+01
2.887422141005440324e+01 -6.073521952105624955e-01
-4.137865713147639291e+00 -1.705398813939867964e+01
-1.145750936505093343e+01 3.725024437978819947e+01
1.717799721028836046e+01 -4.058853700286804589e+00
-1.303884381348091104e+01 3.908947820767063064e+01
2.768618316865265072e+01 -1.752521745301023870e+01
1.670140864235710865e+01 -1.899929276190009730e+01
2.851833961034432718e+01 -1.368638188280662860e+01
2.074972247533746383e+01 -1.285672637416660180e+01
3.382727033511299553e+00 -2.291375358870063650e+01
-3.554743844067997482e+00 4.228081987161458954e+01
-1.564613056027987881e+01 1.537645473317473055e+01
-3.079876701215653867e+01 1.910513728927577048e+01
-5.771715494878448816e+00 -1.349158474198519864e+00
2.420982793322587057e+01 -8.441112556033253611e+00
3.099579962562838986e+01 -1.477700316918067003e+01
1.048962957976167409e+01 -1.678388833811109748e+01
2.690736450878683517e+00 2.114574120596500251e+01
6.153998319821593732e+00 -2.740136130669334946e+01
2.107474570708872008e+01 -1.591059413491762342e+01
3.549760580881245464e-01 -3.467401612881175055e+01
-1.158132937571959786e+01 -3.139672796085726603e+01
2.203218106726782111e+01 -4.387653627228719877e+00
-9.189862908601625691e+00 3.999320520875946272e+01
-1.195154944565402921e+01 1.367751115839072540e+01
3.413897858646666350e+01 -1.858649014144279121e+01
-1.681926691034413679e+01 9.841273850497536557e+00
-5.673178971715315377e+00 3.917909198310658780e+01
2.210129235274550297e+00 -5.331319557305733703e+00
-1.642368337881194762e+01 -2.595777901980032354e+01
3.089975824597475995e+00 2.959067458301776909e+01
3.395957568930579384e+01 -1.418402741427421532e+01
-3.617883063824848922e+00 -3.699918736500783467e+01
-6.241683523034801340e+00 2.780357667260101096e+01
2.376736611556427192e+01 1.230648436294683901e+00
-1.020978602223248188e+01 2.604633142782938293e+01
-1.159985963467503645e+01 1.555279757913503147e+01
1.627459889571098106e+00 2.256994819576619449e+01
-1.258698510562453876e+01 1.308722894074649723e+01
-1.404988257053659773e+01 2.264525020710963332e+01
2.696664643215655488e+01 -2.147837131010297895e+01
-8.562036129388916450e+00 -1.713110450125276074e+01
-6.078452303127848122e-01 2.623264017166785678e+01
2.183536925596482092e+01 -2.291659825761190650e+00
2.426754872765486226e+01 -2.516041273395259026e+01
-6.706463755031095708e+00 1.338392935624073132e+01
-3.939914075088043255e+00 4.366570627534152749e+01
-6.244728014147485240e+00 -1.473429811470490236e+01
2.515682138360484288e+01 -2.461749638645107652e+01
8.499222609008453944e+00 3.270537445647360641e+01
-1.564071090244993911e+01 3.170769122565094023e+01
-1.361712617363366107e+01 -1.647939787770348019e+01
-7.147512691164706666e+00 3.721132448474309484e+01
-9.610533077687474446e+00 3.046318433169929207e+01
2.289270133570177279e+01 -9.646311759151410925e+00
8.133610255598155092e+00 2.805968544477148718e+00
2.228769244958745954e+00 1.774529726318131750e+01
2.307777277421338269e+01 -1.771913778105826509e+01
-8.554061185517506161e+00 -2.041703467518415493e+01
-9.472326821561130927e+00 3.733437631743807117e+01
2.256796769835303706e+01 -1.358603194003072012e+01
-1.009605825912664656e+01 3.324833540891248163e+01
-2.403703807782297019e+01 2.903139342383170529e+01
2.966865405018318924e+01 -8.175982498211535443e+00
1.016328455823482813e+01 1.380338739355025268e+00
-1.951683174858106273e+00 4.178764710489789280e+01
1.164346173273990104e+01 -1.147016019516901331e+01
2.554297050924927426e+00 -2.994454431464978583e+01
4.719500544296091782e+00 2.842679100593204211e+01
-3.768024516811380176e-01 2.936799327631301892e+01
-1.565396708429768857e+01 3.565454328202035583e+01
3.799750456215575056e+00 3.912763227102539076e+01
-1.352911746370820367e+01 -2.319299388246438198e+01
1.850952441266328563e+01 -1.380388919715270113e+01
-2.733678689178313803e+01 1.002737412431271302e+01
1.382028321390220242e-02 4.070803392340857840e+01
2.308338824505672449e+01 -1.779041116818721679e+00
7.384166507346572317e+00 3.393294761643524993e+01
2.669835539828698145e+01 -1.387871529503720502e+01
1.971312125764482914e+01 -1.270735482381462411e+01
-1.618526100041883353e+00 -4.082466302594121998e+01
2.005798862897445467e+00 3.594152754289815732e+01
1.480962931610838496e+01 -1.671173444088614346e+01
7.876354407119400491e+00 3.226988652360174825e+01
-7.856461366546801939e-03 3.045795881955542228e+01
3.304072163386462080e+01 -7.053981482502685196e+00
-6.593087284653663893e+00 1.264454626404951476e+01
9.898930189271492708e+00 2.885880904371634514e+01
2.994013851570058549e+01 -2.449562628581484347e+01
1.717708664849220668e+01 -5.794486227843052895e+00
1.490809904530883356e+00 3.998338829854256460e+01
-3.734990157295682067e+00 -2.998167993491709638e+01
4.230140919935044153e+00 2.888156148810581669e+01
1.148025473207531988e+01 -3.626740807192324922e+01
-2.318613661532679515e+01 1.125906644712355487e+01
3.293997504181469793e+01 -5.003703302663294217e+00
6.992295154025499393e+00 3.061991362438046593e+01
-8.411012883471617130e+00 1.575204990363563695e+01
-1.127274314253517495e+01 -3.411459050287771078e+01
2.760359629030463324e+01 -1.374062698332263111e+01
9.217057417285031917e+00 -2.557928165924487018e+01
2.403407318666038517e+00 4.178101447596464624e+01
1.687658604599124601e+01 -2.690791848870625613e-01
-2.249119823540843299e+01 1.791875173385471953e+01
-2.842147169862076694e+01 1.868518840157010885e+01
2.995260827004677662e+00 4.259979725674114093e+01
2.510849504098379370e+01 -1.574040317338399930e+01
-2.952626716871273871e+01 2.704309352069087424e+01
1.003897462436733834e+00 -1.927425982551342543e+01
-1.539225737506827763e+01 5.387822349274722811e+00
2.191958086395742455e+01 -1.105878921465448883e+01
-1.018685587988293006e+00 -3.549302120475609712e+01
-3.980834357328713491e+00 -3.466109396226898554e+01
1.435416790019087330e+01 -2.229831046429468611e+00
1.929469369434494297e+01 -4.088202414128203621e+00
-1.449589986899943383e+01 1.094902401095087541e+01
-1.825996556031549289e+01 2.404419274813092144e+01
5.606171497311086327e+00 -1.578838642956209526e+01
6.177629741028816568e+00 -1.940669491093799692e+01
-9.305348036962135083e+00 -1.242639701560022480e+01
3.069622824780298842e+01 -6.429422448516503685e+00
-1.705974037702014812e+01 3.720740299610991997e+01
-9.904018310053437801e+00 3.416352770116709081e+01
1.595351488611073520e+01 -2.899620139910841776e-01
2.754560485722617802e+00 -4.058113958502880791e+01
-1.970177988050238227e+01 1.923474828538690318e+01
6.819276265022030437e+00 4.634096834826886280e+00
4.795655307568294390e+00 -2.786178715309583964e+01
-1.774352326909207633e+01 1.809934441306244324e+01
3.219809914645139060e+01 -6.300979884501336947e+00
-4.727612853636607326e+00 7.808324880985588301e+00
3.227301686715823514e+00 -2.564797959156783946e+01
-1.777898738527762479e+00 2.916141224182593916e+01
-1.642697375332924636e+01 -1.995115122040415301e+01
-3.779570328356759212e+00 3.234285280332736079e+01
1.744940890433123215e+01 -2.245414955801891921e+01
1.414332033325461246e+01 -2.465075505301857461e+01
9.805391631188470569e+00 -5.526897022118416380e+00
3.041341589286240474e-02 -1.040011527181067486e+01
-9.156501752372804503e+00 -3.012447943285500784e+01
-1.422239383002578172e+01 -3.096262846707702820e+01
-2.484694409935920500e+00 -1.165885330018874377e+01
-5.349102670244646696e+00 -3.202824401626136819e+01
8.150196883146332283e+00 -1.182725235352633852e+01
-2.086820227296569019e+00 1.922730383959219225e+01
2.004253741228795604e+01 -2.276385854171210354e+01
2.072090981387026076e+01 -8.000897485758067251e-01
2.675619477532420021e+00 -9.577826496801524314e+00
-4.197076349567395503e+00 4.521906166771497482e+01
1.357639994881015433e+01 -5.162423800517951911e+00
2.765879551871783448e+01 -2.644839237338543114e+01
-4.753097494890797137e+00 3.472850329708472117e+01
6.197651168069095995e+00 1.436327835591695390e+01
-3.532952898385370410e+00 -2.146505130153808238e+01
-7.476392348392234766e+00 4.251015808418102893e+01
-1.306816376914564337e+01 3.558415699159859003e+01
7.947810085694416493e+00 -4.847505062076304938e+00
-1.391109779917476885e+01 2.421432833878660063e+01
-2.315408324412528884e+01 3.284943879163910196e+01
8.840782886226728365e+00 -2.106369148448126083e+01
-1.943924656831988118e+00 3.138567470031693318e+01
-2.514352748022626827e+01 2.155927412934238063e+01
5.504845117367407781e+00 -1.271371096300961412e+01
8.348152007286953946e+00 1.734783893885938610e+01
-2.236095264447414976e+01 3.697665206069233790e+01
6.725527006686961684e+00 1.392363232117204142e+01
-7.775806787882553195e+00 -1.835160276641405730e+01
2.317414342329874311e-01 3.537124207549477717e+01
1.728326368175288863e+01 -7.158775099811018450e+00
-2.393962199605412344e+00 3.597356434533843128e+01
2.931867051174585015e+01 -1.962398521245704686e+01
-6.122956568911189557e+00 3.788017873774354882e+01
1.193412725385677220e+01 -2.158521705060489282e+01
-1.769671811064521449e+01 -3.259473766034054876e+01
-1.131233244540620042e+01 -2.616892999923134511e+01
-2.088127311730904978e+01 1.317347196341322935e+01
7.728411973283396463e+00 -2.276820956103419391e+01
2.150604828710916294e+01 -6.537690763134557770e+00
-7.506742707161801142e+00 3.512729718776416377e+01
-8.123388438886314233e+00 4.226405085954775842e+01
7.226910186568304972e+00 -1.886636848042662606e+01
-2.377057574353452996e+00 3.343083879127354408e+01
7.969970953906806876e+00 2.554209818730685910e+01
2.120642397324314388e+01 -3.247126174573775614e+01
2.736760827783262684e+01 -1.876083595124068282e+01
-7.780509148620954996e+00 3.277265616110188517e+01
4.912083822570807889e+00 -1.138006739319705218e+01
-8.526889223555365049e+00 3.179461197802638850e+01
1.904790745943691732e+01 -1.656521840254186628e+01
2.428483716048389596e+01 -1.167855768275721751e+01
-6.588518617669255839e+00 -2.983065832715379173e+01
-2.583744968224709382e+01 3.356469765656381554e+01
-1.979053262404623581e+01 2.865065143784556057e+01
2.790309115733570167e+01 -1.100890321029251595e+01
-1.940852210565769953e+00 -2.779544003273566233e+01
-1.419713237578413434e+01 -2.060966929771164047e+01
-7.450092184323747091e+00 9.972104219775715706e+00
2.018277409918172438e+01 -1.022155897600817198e+01
-2.611950623684646899e+01 3.506675708113448309e+01
-2.262216901235507649e+01 1.042900091524802164e+01
2.597209625413657363e+01 -1.527784819624006474e+01
-6.116098176827637900e+00 1.173261075783654839e+01
2.580384798841021166e+01 -8.986138415030238136e+00
-3.588360742519066005e+00 1.566526085251176426e+01
-9.389411404291038821e+00 1.134908620505158083e+01
3.399066229445534049e+00 -3.647425759729586048e+01
-1.580637713211181783e+01 3.664446535010582551e+01
-1.946346439231897207e+01 2.961729311291672317e+01
1.792660803346041476e+01 -3.926915549433348218e+01
-1.921987263567239923e+00 -3.210913453794723438e+01
-1.765611347254699837e+01 3.309905978166136009e+01
1.774073129480356670e+01 -3.170350134303348710e+01
1.895128594134740441e+00 -2.943966748591285310e+01
7.084604640149024135e+00 -2.605296748405264751e+01
-1.023512712867232288e+01 2.785352099499682410e+01
2.109194196818853584e+01 -2.827456879488087793e+01
-7.953097324508203947e+00 -2.435717511740118368e+01
-1.265212053263886460e+01 4.068661378049201716e+01
1.359342834625555518e+01 -2.120251173623244867e+01
1.719533999883258346e+01 -1.461554059923244786e+01
-2.225204193169909317e+01 1.624840170519350480e+01
-1.638239014720706876e+01 -2.494497492764320157e+01
-1.041911008956020179e+00 -1.959802882083399922e+01
1.099423307749358436e+01 -2.820898641321494438e+01
8.771364901118809954e-01 -3.174248774091179470e+01
-1.409686306623244967e+01 2.153255810194104214e+01
1.319482900302288719e+01 -3.166322436885928937e+01
-7.090841743016857990e+00 2.034856348859725728e+01
-1.718950370759242219e+01 -2.389443227654225765e+01
-1.064420217966548954e+01 -1.952367364221876755e+01
8.440780351521210534e+00 -1.589536805554880061e+01
-2.146773904042227343e+01 2.727307237534939333e+01
-2.502264525417032459e+01 1.866676602750045433e+01
-3.057202088235065318e+01 2.065681511865322761e+01
-1.829506757106206649e+01 1.601181739916444613e+01
-2.452509151060418091e+01 3.276369635084662946e+01
-1.623251269396001106e+01 3.266830618127824692e+01
-6.159013766024535874e-01 -2.902723323156299173e+01
1.770610244706404757e+01 -3.795151951258172573e+01
-3.038597607130320011e+00 8.879135715162270515e+00
-1.518946151428714053e+01 3.994635431228146416e+01
-2.601878326906795991e+01 1.140361455027263382e+01
1.761480757753805548e+01 -3.737248013632557075e+01
2.692417456812918175e+01 -8.969080343516774079e+00
-2.838175032410735543e+00 -2.574863320483317963e+01
-1.480189735536732343e+01 2.877298340754655115e+01
-1.812309783085668258e+00 -2.455717628607983016e+01
-2.443712987915617774e+01 2.595182674371032405e+01
1.679838401920861202e+01 -3.055624704884364551e+00
-8.392181622462580037e+00 2.393161518053316783e+01
6.383746320734251523e-02 -2.598879871369477712e+01
-9.317021515549582134e+00 -1.533933738913753331e+01
-6.606468646800415456e+00 3.016590654464166832e+01
2.108863135472390127e+01 -2.364833986211867511e+01
1.939156698133019674e+01 -1.499867204072596394e+01
-2.121811027274850403e+01 3.284927975669167211e+01
1.498438964887835034e+01 1.535690744848420941e+00
-6.891713725399642776e+00 2.154384186384000088e+01
-5.373731075340031360e+00 2.246637350058081495e+01
-1.065911687641575512e+01 4.078537793944968293e+00
-5.911283345085371010e+00 1.696174570247639579e+01
7.296514304370849580e+00 -7.719593347872723221e+00
2.653233409482811211e+01 -1.162374081432610673e+01
-2.712774111576552372e+01 7.481343073396145904e+00
-2.299366199703228730e+01 2.736992890819217905e+01
-4.797239929905631861e+00 2.189657500410069346e+01
-8.719280781381916867e+00 2.808620932961048311e+01
5.732496852004318910e+00 -2.114017419154344068e+01
-1.380491096676710683e+01 -2.760337702089288925e+01
3.418246498265626432e+00 -3.119959903817938240e+01
-8.546400342037516751e-01 3.564654123063199620e+01
-5.057659540195223791e+00 3.237498119631937499e+01
1.834932918357628173e+00 1.313406571171150894e+01
7.175805610624609976e+00 -2.733399228623809307e+01
2.472652227857470209e+01 -3.053178080150770413e+01
-5.791187129427806113e+00 2.556916322272693876e+01
-3.802478518001089824e+00 2.735363788272489671e+01
-5.112462249060994779e+00 -2.468763035043384590e+01
1.614743814885047613e+01 -2.640819712343084191e+01
8.217347177073095921e+00 -2.865458813840347929e+01
-7.889449761236162928e+00 -3.329732934478484196e+01
2.804941057007498983e+01 -2.505763772544547408e+01
1.228618946088905162e+01 -1.730638980747188782e+01
-2.863424910770322906e+00 3.778630123586016509e+01
-1.147057942436408773e+01 1.061458629338873472e+01
4.317149561987486117e-01 1.167990250624935911e+01
-4.111090379610637058e+00 3.010605629148698625e+01
-1.015684034413305525e+01 1.860711910281873571e+01
-5.232412398980300416e+00 1.692413816714217489e+01
1.537360224809907727e+01 -2.924737664427670225e+01
-1.889983926509459167e+01 4.037189371575687602e+01
6.060060675845894806e+00 -3.064295482810646121e+01
-1.551476959715252901e+00 -1.725448199019991335e+01
-1.611049764352292968e+01 1.601320117421671441e+01
-1.173493320722272237e+01 1.682077918094407565e+01
7.949317241110294419e-02 -2.341523725875481787e+01
1.458488236370932611e+01 -1.819982722029373079e+01
-9.696939261201638516e+00 1.208903307316266584e+01
-1.194304139925323227e+01 3.204959824970020321e+01
1.115271039046660739e+01 -1.502175288116685792e+01
1.124533637754419146e+01 -2.944575916914585889e+01
-2.839657063936047443e+00 -1.516668556092424147e+01
9.446087545354490800e+00 -1.836789137697187613e+01
-4.726642190531646470e+00 1.150449057697835009e+01
-1.261520411009690257e+01 2.734613555274954422e+01
-1.109451125659604998e+01 -1.780426625794921947e+01
1.011298103614233490e+01 -2.284403399216942532e+01
-1.838912762584227067e+01 3.762651407448892371e+01
1.582594590500978526e+01 -8.884022045347338192e+00
-6.317865742295873055e+00 -2.539869256800806241e+01
-9.794536981356891658e+00 2.153376112588208713e+01
1.034871747370056738e+01 -1.086897777156345235e+01
-2.762836926912109092e+01 2.311897017536531607e+01
-1.385852712736322490e+00 -2.730318277710764718e+01
-8.456695851061545310e-01 -2.232448320780015649e+01
-1.586612154114271034e+00 1.350803373938576435e+01
-1.402609779165906367e+01 -3.417205008242643771e+01
3.174976761175985818e+00 -3.321627015720270037e+01
-9.375587796372013116e+00 1.562978902666537451e+01
-2.773820612440449906e+01 2.386468426489393835e+01
-4.086344051729152049e+00 -2.730497996721715381e+01
-2.567571496576969992e+01 1.996207296191762026e+01
-9.780943830338797440e+00 -2.754228418593032401e+01
-1.822590150443192769e+01 3.073823814052844128e+01
-1.867157417076033710e+01 2.653468214103046918e+01
1.184032072134282743e+01 -2.013041656295486348e+01
-6.354426993270982926e+00 -2.757514714702594105e+01
-5.456918982336778079e+00 -1.516824616552636229e+01
-1.016908575543413740e+01 -2.351366943369509244e+01
-1.928274404134402076e+01 3.354705361511314976e+01
-3.024201949553228630e+00 -8.956186118784588146e+00
-1.472932763825187052e+01 1.901754042639496589e+01
2.201137765601228224e+01 -8.475281046853524458e+00
-1.279724411853621469e+01 -1.698863534815251342e+01
-2.698996189251705147e+01 6.545873585780542570e+00
-1.280108448294419610e+01 3.828969237476145793e+01
3.131505055076827659e+01 -1.159116457729948024e+01
1.935783393244377137e+01 -2.824010432561823336e+01
-2.315577600075767517e+00 -3.742041225897752099e+01
-1.098747665344825108e+01 -2.179231868086894508e+01
1.271750248118886484e+00 3.376261867041389308e+01
6.926779246512584365e-01 -1.598806293052302507e+01
2.975391090026505125e+01 -1.706686331136670631e+01
-3.010573008445815191e+01 1.597891075505627789e+01
-1.096656047341558882e+01 4.449804508224897148e+01
-1.232375355330672217e+00 1.632593086149273631e+01
-1.964923531730976691e+01 -2.704136581899781788e+01
-1.475564941598713631e+01 4.344854485900361851e+01
2.338103426844661215e+01 -1.133505482356698657e+01
3.170610783631634177e+01 -1.512874090069134425e+01
6.363033748448030380e+00 -9.632120741453176649e+00
1.479828349293982015e+01 -1.263341676237240918e+01
-1.764657435031714128e+00 5.803819989693332460e+00
2.598067628597402390e+01 -1.236946998259939035e+00
5.205860263253261344e-01 3.837399113232225289e+01
-7.696536061721620747e+00 -2.625106136022078474e+01
1.236113447648549357e+00 -1.477348320223886802e+01
1.448607636103301921e+01 -8.461734133578422856e+00
-1.713674009604373438e+01 2.237479804360407343e+01
1.865256051841619112e+01 -7.918780003308905968e+00
1.287506861486744825e+01 -8.259540457911048961e+00
