1.960173111170415723e+02 -8.053010642473938674e+01
-2.678570702217447774e+02 2.971121092049070285e+02
-1.059532619969675977e+02 4.742051634235264146e+02
9.120991934160491610e+01 -1.568097828180231943e+02
-1.894221849214425220e+02 -5.800870179847714070e+01
-4.232728879465727090e+01 -2.496612482073429931e+02
-2.167854924576160727e+02 1.376009414981002408e+02
-9.192087096206272179e+01 3.148876792169402350e+01
2.793342956035779139e+02 -2.168573463239715977e+02
1.298971111380568288e+02 -2.932623876287450457e+02
-2.077317384830897140e+02 -3.790179177691509267e+02
9.283192230602685058e+00 -3.806140987216379585e+02
-5.251196006023840823e+01 -1.216582183231514591e+02
4.685253334268713843e+01 -2.871224392370794298e+00
8.868163352788627662e+01 4.516779053398211659e+02
1.898633453403019757e+02 9.811084116938720001e+01
-9.827086550335862114e+01 2.413514862847351878e+02
6.410439207325019595e+01 1.705733816936904930e+02
1.774860088887702858e+01 3.039362113776911656e+02
3.173838508316015918e+02 2.318751103692029290e+02
3.441261434593031936e+02 5.596426835483560325e+01
2.675875673809869681e+02 -4.279784672754742587e+02
-2.034572728514825428e+02 -1.929462499381754128e+02
-3.842767791191636206e+02 -2.134148490672284026e+02
-3.474480269919801003e+02 -2.349765517443993801e+01
1.658729160880256188e+02 3.032320672253369480e+02
