2.871615012212862439e+01 9.553797307687846185e+00
-1.564650663831253574e+01 2.002736560069834226e+01
-5.056400590701409925e+01 1.395995711170549747e+01
-2.296558007440613025e+01 4.648732464905501161e+01
2.673904778253117698e+01 -4.520548015051584656e+01
3.510760672042758657e+00 3.660068617592185092e+01
3.526766455407894085e+01 2.560306406101081578e+01
-2.867111359638999701e+01 -4.198500717509030267e+01
2.135494544879118095e+01 -5.882310317751029061e+01
7.485196284227662034e+00 4.976454739563476437e+01
-2.082237975957249887e+01 1.224964780771153627e+01
1.026555884875046409e+01 2.733059958469910455e+01
2.102485779430153201e+01 5.494233090381905527e+01
-2.353797349601216737e+01 1.011563609367570393e+00
7.823688906786441244e+00 -6.316895086048758401e+01
-1.611249172091437032e+01 -2.137055866517988889e+01
1.237300816890646793e+01 1.399329977961037486e+01
-3.738023517423411590e+01 3.402620892840892708e+01
-4.111133942023742094e+01 2.141379379051633336e+01
3.214438311708496343e+01 -2.080922688985528879e+01
-2.934331814715232767e+01 1.914638228928352959e+01
-1.175622772999741805e+01 3.550971133535200153e+01
1.499479379473883256e+01 1.135474632089913838e+00
-4.385509309530339017e+00 -2.793236479775751135e+01
-3.398228648200722546e+01 -2.148111332460582901e+01
1.572977170778179179e+01 3.859573385618494257e+01
-6.125669660693024987e+00 1.358965370828278374e+01
2.029806976438155530e+01 -2.332637264030599411e+01
1.138623604501042941e+00 -5.215655139030286591e+01
-3.481312018582431111e+00 4.651453242948151967e+01
-1.772375611171302046e+00 -3.877610668004032846e+01
1.789257602814835035e+00 6.653235065467624665e+00
4.179673415323517816e+01 -4.286277004112128708e+01
2.125861346912229877e+01 -3.717419176679356951e+01
3.670763840339955841e+00 6.654136797811538884e+01
6.614567165288627315e+00 -1.502002887827385180e+01
2.309642698298096164e+01 2.403937648440839325e+01
3.728936507426301006e+01 -5.825286655821987125e+01
3.905153561637456416e+00 2.064641496044841773e+01
9.485058143677765230e+00 -4.569971172007016236e+01
-9.823100011530215170e+00 -4.185198470328563047e+01
-2.424622790612290757e+01 2.971743217442559271e+01
-1.460373330898537425e+01 -5.765831989611183417e+01
3.627464723832407145e+01 -3.322959752566241320e+01
-1.422757317216886008e+01 5.959030707794018866e+01
-1.806007894482113585e+01 -2.986424059059356040e+01
2.774880311810285249e+01 4.130557954974911183e+01
7.962819564647330317e+00 -3.182597285886019378e+01
-3.538031555303469844e+01 7.311607534721436430e+00
-3.243064180509355854e+00 2.765873558860204895e+01
-1.251631266206785220e+01 3.554788920244248640e+00
