-4.675254003561850027e+02 -4.640310036541167165e+02
-2.384459528907281083e+02 2.474576461223181809e+02
1.846527335336469733e-01 -9.961016913923440796e+00
4.370178405875608973e+02 -5.429620225544788354e+02
-3.333397898692105059e+02 -8.447597340736295735e+01
1.374166025593000917e+01 -6.763900601523072282e+02
-1.125821719434700015e+02 -3.507355812158352819e+02
2.594576172993869818e+02 6.344028481243234410e+02
3.378294173275324397e+02 6.732571792966921009e+01
6.346236142897333821e+02 -1.432796036641281034e+02
1.023360086969963021e+02 3.230483221531214895e+02
2.281674151855291939e+02 -2.665940089478711457e+02
-5.713789662360978809e+02 3.637149252831700892e+02
-6.763530005955906290e+02 -5.000224380207760078e+01
5.690781831851174957e+02 3.348364737653177485e+02
-1.828111276700383883e+02 6.176455809341813392e+02
