-3.416890739662990484e+01 -9.200258172381809629e+01
-7.710965541199190909e+01 -2.386824347198543705e+01
-2.273025333617465904e+01 -4.649563437888642881e+01
-3.264961755954616507e+01 -6.342858561025383324e+01
3.997127423134831758e+01 2.542910932771906118e+01
-1.142238535932510679e+01 -1.755500531681781951e+01
-7.549969587406336302e+01 -5.261803917041293488e+01
2.503940007196424133e+01 4.783299939301139148e+01
2.343859113703300068e+01 2.969036642286307881e+01
-5.244458330209119623e+01 1.801345049309835744e+01
2.506512495117645400e+01 -5.739801376110671782e+01
-5.423807725311371541e+01 -1.683668810841667707e+01
-2.156289191370401070e+01 9.781475136114726965e+00
-1.984364393339468435e+01 -7.691285547123918320e+01
4.340713561510094110e+01 6.393386354542313654e+01
3.762715956096496939e+01 8.915795162453363787e+00
-1.944004567310865017e+00 -7.745489076414088458e+01
-6.820360445238893288e-01 -4.837672761110918884e+01
-1.482774951449618150e+01 -6.092366944987328026e+01
2.281841507106651790e+01 6.917246221801113393e+01
7.154453391417927577e+00 -6.581307517680411934e+01
-6.074877553937663066e+01 -3.658567535643735624e+01
-4.380234112060275020e-01 -3.398064455353077307e+01
4.171480486138307242e+01 9.558448825295423035e+01
8.814278978160474765e+01 6.579302725555288589e+01
-4.861370740102238130e+01 4.192306411840339919e+00
-3.882408980519723940e+01 -7.703017388782443220e+01
7.116734028831689329e+01 4.777811551523934241e+01
7.365206390500490841e+01 6.752812266719509182e+01
-4.362947538051813723e+01 -2.628341134142417701e+01
4.521771081978843654e+01 4.949741215606269407e+01
-8.667772230926811972e+01 -3.668462752210118794e+01
5.720795157941816456e+01 7.903147392989149012e+01
5.391737536141366149e+01 3.796425897993970722e+01
-3.699623973286536227e+01 -8.726442356568634651e+00
8.148040922451556867e+00 4.438341130330934448e+01
-5.983327016092334105e+01 -7.355858989580833907e+01
7.623217895526671839e+01 2.788176154106959004e+01
-3.874976188643323383e+01 -4.624533575542788810e+01
5.987145070917064515e+01 5.820153901691210763e+01
2.781591975736548150e+01 8.955886188147492533e+01
-5.264944587172826118e+01 -5.966157522181481454e+01
8.448287997217614986e+01 8.772634279946436209e+01
6.587137819535925587e+01 9.688602693310289737e+01
-7.126579575954917800e+01 -6.662708705695467692e+00
3.794926899998923631e+01 7.936979193839097491e+01
-6.602473961253247126e+01 8.140491445965070127e+00
2.755274025142062300e+01 1.055656615238955141e+02
1.735404376918076252e+01 -8.309303136036413662e+01
-2.425710300178511147e+01 -3.341941365658647811e+01
-1.298784082061144751e+01 -9.623697562250656290e+01
