-3.602553780621130386e+01 1.813845102255801578e+01
4.314632034688929707e+01 1.108141252500281659e+01
1.132397380338307169e+00 -5.075977902765991701e+01
5.687131148452446716e+00 -4.424408870311635411e+01
1.129926236087408675e+01 -4.829339250649851323e+01
-4.470723380296720961e+01 2.585763992435373027e+01
4.412218458938475862e+01 1.169299473554884017e+01
1.351839100108020020e+01 -2.416749909921783868e+01
-3.493720076698406984e+01 6.060812336761834729e+00
-3.511319843745286562e+01 8.290832191865668221e+00
2.061274266030287095e+01 -3.239900430854746816e+01
-2.576491697489323229e+01 2.812952873326225145e+01
-1.846547775305116801e+01 3.447947410189757989e+01
4.391535251916999982e+01 -3.173374302222228494e+00
-3.536871541993141932e+01 2.306475564568170356e+01
3.853416071570672585e+01 -1.636014821415398046e+01
-1.990844079567087022e+01 4.711794339537840415e+01
-2.476339010745015656e+01 1.143392578158800710e+01
-3.657282896494061131e+00 -5.179515306171432343e+01
1.718035042301006499e+01 -4.389516668433656577e+01
-2.980188794297783161e+01 1.407502185854397148e+01
3.634338127061383972e+01 -1.409756971813008875e+01
3.807342654707401408e+01 -8.911535011748204838e+00
-3.324579264445383586e+01 1.117912546459970891e+01
-1.831560596912040495e+01 3.711049063967072215e+01
-3.033039679972709379e+01 9.238876869262373503e+00
4.385028136467965254e+01 -1.388927974326131931e+01
1.437629523735551906e+01 -4.453929454119715814e+01
1.765757599348788398e+00 -4.628828253037389118e+01
3.742291491078950827e+01 -5.088829130505046372e+00
-1.835119643536826572e+01 4.505109537970833600e+01
1.473187689649434517e+01 -3.065100960192105717e+01
3.770273003837736780e+01 5.181314643108533291e-01
-3.629567667891618754e+01 3.601966962198277145e+01
-2.552764393700711665e+01 1.986104923151224355e+01
-4.257170356054297855e+01 2.278967335729820221e+01
-2.637914454659715702e+01 4.208460241609385122e+01
2.959105281458786862e+01 -3.034652339724227943e+01
1.753740838764552379e+01 -2.720884509594664991e+01
-3.442264189032910870e-01 -5.484558148892165974e+01
2.328635062630739228e+01 -2.502780164792798345e+01
-4.414697709673157533e+01 3.696813854763018270e+01
-3.079582559163074151e+01 9.643154202178406464e+00
2.408484830928982845e+01 -3.124061091613005559e+01
3.739514559277964167e+01 -1.115848688441836778e+01
5.565628966191411564e+00 -4.254663477991455522e+01
-3.259378839917221171e+01 1.685143957217039912e+01
3.520115848675271053e+00 -4.853391809340166674e+01
4.549002197836935579e+01 1.258301793158692305e+01
3.801006134863074948e+01 2.904317028765937891e+00
-2.346090305535151899e+01 3.389581560813601158e+01
2.163762351409505413e+01 -1.574165865396148334e+01
-2.337399295822735468e+01 3.994976149708752899e+01
-2.178008053315888048e+01 1.594320089733495216e+01
2.635787845674774488e+01 -2.580245564100987465e+01
-2.169975713981850163e+01 1.396063274289755896e+01
2.086653545101813023e+01 -1.036754153081579233e+01
-2.375445941707633324e+01 4.561005977328155581e+01
2.823751519263874954e+01 -2.053369601908756081e+01
-2.539917818972100605e+01 3.906764327194578001e+00
-1.687784010120582678e+01 8.164782556559924132e+00
-1.985236981047360416e+01 4.815366176458667979e+01
-1.802369720397833663e-01 -5.172475618042930279e+01
-2.117802505535863489e+01 4.462289011740850242e+01
2.580813090508943475e+01 -1.455324327472710877e+01
-4.203830114919998096e+01 4.255096130253894415e+01
3.155761860374677852e+01 -1.784311013225483222e+01
3.166828231371909652e+01 -3.207721373617167870e+01
2.771743033355616959e+01 -2.797918536153209246e+01
-2.400705693715506328e+01 4.129033969002831839e+01
3.072133696652650769e+01 -2.110192503317583146e+01
-3.219262585595488702e+01 2.708077731760906914e+01
-1.866283029796223403e+01 2.513492980393840170e+01
-3.209896532787963963e+01 2.497294856005690278e+01
3.484131497956385459e+01 -1.601249459459206292e+01
9.772926345599008968e+00 -3.508488727804027008e+01
4.005355475972179846e+01 -5.041885712494851290e+00
-2.744456764984187558e+01 7.422412144241480547e+00
-3.004342244450081267e+01 1.923364989372072031e+01
3.910024762698542133e+01 -8.426383761801208294e+00
4.139878595698996122e+01 -3.631579743953861961e+00
3.540449153678418526e+01 1.272442642610939867e+00
3.524413053179894462e+01 -9.267407555230231964e+00
3.606061841598320772e+00 -4.698943774554015107e+01
-2.951766936377598682e+01 2.089758353532459267e+01
1.766712382387267866e+01 -4.379972817684200237e+01
1.216186413027758739e+01 -4.636487753368142961e+01
-1.027922290179850595e+00 -4.514555678591388954e+01
4.168235225155392953e+01 1.072822981944181908e+00
9.358562588096743795e+00 -4.158031096512430480e+01
-3.945859924059036672e+01 2.394358326855009622e+01
-1.108773974898260795e+00 -5.050711402544602890e+01
1.905508037379397379e+01 -3.476265657676007237e+01
2.806209937057775861e+01 -1.297857539945040273e+01
-3.906807309995738109e+01 2.760913550276783113e+01
-2.472333564928215210e+01 4.153768136664587018e+01
-2.616704690208888451e+01 3.887591210714801093e+01
-1.988521654414713069e+01 4.160109835068892892e+01
3.947573637755686349e+01 1.383488336983513367e+00
4.067768324125836443e+01 2.720240742938766054e+00
1.793438575190987194e+01 -2.621382859698340084e+01
-2.902689646252897759e+01 9.050715757863814659e+00
-4.743626475798200204e+01 2.958468576068764477e+01
1.790729655636230078e+01 -3.560472473854008513e+01
3.923952665382475402e+01 -1.297731781677612695e+01
-1.932708044307631212e+01 3.529704794920134248e+01
-3.705162540353839518e+01 3.389922598659163100e+01
-1.765484145509733693e+01 4.361163556457822210e+01
3.801698669418821908e+01 -2.269970737089368740e+01
-1.879703675457927936e+00 -4.443232327223950762e+01
-4.454603937479347309e+01 1.899689973158380241e+01
4.506832873305184961e+01 8.931520388245880682e+00
8.761414004705018854e+00 -4.076223873141308474e+01
-4.536935238850946917e+01 3.723610672197875004e+01
5.200712892396201426e+01 1.095728963658270594e+01
3.273040020366274661e+01 7.603484526258655229e+00
4.470520589587732019e+01 1.011709427541113548e+01
4.634733682180704051e+01 1.099831459523180399e+01
3.539172876282918878e+01 -1.888740323727251180e+01
-4.907934179885412362e+01 1.779431423988394201e+01
-2.849052589523329360e+01 3.771077079025914713e+01
-2.114140134059985954e+01 4.243566312311318001e+01
-4.699306686069846251e+01 5.252303001955435313e+00
5.210224954309336454e+01 1.505605179018828110e+01
5.149889561981891717e+01 1.327782688499821617e+01
3.460611024196018803e+01 -1.854364232400118695e+01
-3.267781728371410566e+01 7.671027135767991112e+00
1.380363829652898033e+01 -2.563108956439512909e+01
4.224018152957606276e+01 8.726318359561785698e+00
9.157864000988750419e+00 -3.077015297617264977e+01
9.332755686245862492e+00 -3.617997502094102913e+01
4.527617940991608236e+01 -9.725501716531915974e+00
-4.744153097274682551e+01 1.775585653605381609e+01
-2.141727727590533448e+01 1.323253923954847977e+01
5.024734947554568976e+01 1.123117013391394714e+01
4.728067870135616602e+01 7.013185452584578705e+00
-1.648364044126258676e+01 4.100290417618785455e+01
-4.720899620010018083e+01 8.866383926912664748e+00
2.727078404347571805e+01 -3.193237590406170412e+01
4.212578140044546160e+01 1.152043491036190659e+01
-2.012841219836636597e+01 2.118100118663383924e+01
8.934592953825212902e+00 -4.651456710105529169e+01
-4.620868691843439535e+01 1.322731427096931611e+01
5.175000312491657439e+01 4.008820318604096045e+00
8.244577881790323914e+00 -4.314816799574933270e+01
-3.668221480222430841e+01 1.884071715751291620e+01
3.338039471816416892e+01 -2.388624616870391648e+01
-3.370726726091027814e+01 7.862971948913425990e+00
-2.802843699441953618e+01 1.630636020692437071e+01
-2.870755985311882696e+01 4.585371937422506150e+00
-4.781710643386836068e+01 7.003142593257900117e+00
-2.006042348338480608e+01 1.239034623022896220e+01
-4.029640415405852139e+01 2.014099617504679784e+01
3.519717932562171825e+01 9.131234333045647134e+00
2.582556178472912478e+01 -2.778512979344781897e+01
1.180091353854204961e+01 -3.439875499891466148e+01
-3.966622711528844292e+01 1.987116993131706977e+01
3.584040107448000612e+01 9.051772363243530961e+00
3.860827499126188656e+01 -4.245311238389478881e+00
-2.504989874988345733e+01 1.546116388801994468e+01
-4.588546870079000684e+01 2.032909536176322973e+01
1.177512588404857397e+01 -4.085178333494559411e+01
3.980423222480339973e+01 1.162800431814293489e+01
-4.317779575711758611e+01 6.053037842501693078e+00
-4.948558983860098692e+01 2.420692709857620173e+01
-1.856549142287041987e-01 -4.786248222545243181e+01
-4.213630717121054658e+01 2.100687983679019410e+01
-4.780522494232571518e+01 1.342655265791509223e+01
4.447651735301022313e+01 5.641555935908768582e+00
3.276872815574969877e+01 -1.603437647859724091e+00
-3.028948683606902392e+01 5.550126386768152287e+00
3.916425234596029981e+01 3.185239918080554400e+00
7.343863312978235136e+00 -5.003100963600056161e+01
-4.229193109251242788e+01 2.169933030723503364e+01
3.635955676284443427e+01 2.587840706108570199e+00
-4.432255439298003807e+01 2.034947470907349043e+01
-3.409367715463483250e+01 3.907635731225951758e+01
3.421282860317008812e+01 -1.383236985946163067e+00
-2.813627762740592786e+01 2.045380075898491157e+01
4.941228012156499005e+01 1.343144648311898592e+01
-4.957044124298885635e+01 9.463285534343993888e+00
3.263280434024409260e+01 -3.140529950774285428e+00
3.476354787482755881e+01 -3.694504359849343830e-03
2.108544447641227393e+01 -3.118339030661942957e+01
-4.285341443629175728e+01 1.104104729089465486e+01
-4.643183601424401274e+01 1.532322374786676455e+01
-3.544131037232035197e+01 1.769893257049457702e+01
-4.364580862448568155e+01 8.183702818789267752e+00
7.262079641131619079e-01 -5.369368497807508334e+01
4.379496235077182575e+01 1.401045549391108258e+00
-1.691537124201645881e+01 4.191803314625146726e+01
-5.163689227385158631e+01 9.153645401686901550e+00
4.143508131978312292e+01 1.920983402052583333e+00
-5.103657575774231248e+01 8.155052750143308771e+00
4.346345571337000990e+01 5.924601008858550344e+00
4.322630751785296610e+01 2.741926431010095033e+00
2.249340214286722883e+01 -2.402485968422394436e+01
-4.239497423424524669e+01 1.091765346574725370e+01
4.711236928351528519e+01 -1.409810611873853370e+00
-4.579269102141775960e+01 5.233108716395871163e+00
-4.334369382831864925e+01 1.546232428986366791e+01
4.745183484546412700e+01 1.094743001504807012e+01
-2.297766410862532638e+01 6.263906518800874679e+00
-4.431235496419812137e+01 8.096444828016078787e+00
3.805702187253473312e+01 7.370962571977863753e+00
5.043583918541853706e+01 6.816119457608327714e+00
-4.834080065691387773e+01 1.202412973230181770e+01
2.010358938269154017e+00 -4.445506282534220333e+01
-4.429858860232340589e+01 6.411734709664218101e+00
1.896009525149152353e+01 -4.003334280599315065e+01
-1.775207023806923345e+01 3.902599646667019329e+01
4.642454726842237989e+01 1.753232609038849921e+00
-4.939867846231003057e+01 8.811791536783806222e+00
-2.272583404076797109e+01 6.791973342590564400e+00
6.202146606197810996e+00 -3.876100177285373860e+01
5.082325241690614348e+01 9.070495949173800199e+00
2.703325128042933301e+01 -2.406628063220039948e+01
-5.138183312366437150e+01 1.297462369963369788e+01
4.995813177837784735e+01 -3.507139522810565069e-01
-1.794917400380113293e+01 2.126923137315996826e+01
-2.036757911016663769e+01 4.533851215241949717e+01
-5.074850102973241661e+01 1.351781296353270712e+01
4.644781740102211387e+01 -1.268894638227235916e+01
-2.384981439676241521e+01 3.442925100654091608e+01
4.223415527222014276e+01 -1.880413349785069244e+01
-1.597739554191027267e+01 3.620506661283148020e+01
-4.672260585154808155e+01 2.183313799396698229e+01
4.389650088342496304e+01 -7.275696357918337576e-01
1.317006901732879953e+01 -4.186110169866965691e+01
1.393312082027101795e+01 -3.310694338247155599e+01
3.718187801723920671e+01 -1.883731387306747251e+01
5.072102867534896831e+01 1.308151932592352296e+01
-2.157863735958193629e+01 1.183078090669033067e+01
-3.227930363721824136e+01 3.850458437598924633e+01
4.700912555516850233e+01 -1.449381422378890960e+01
4.174355267243564072e+01 -1.490982918733638130e+01
1.615068408641306164e+01 -4.036079863640986787e+01
4.462941028950202593e+01 8.259132885767000332e+00
-4.789768676811742409e+01 3.331321772088457323e+01
-4.431839902979925938e+01 2.302354572625220186e+01
4.515175997380897144e+01 -1.278800405718536481e+01
-3.014406246141798107e+01 4.228548389449154143e+01
-3.976915153404503656e+01 1.767943040392768950e+01
4.557777485945486262e+01 3.831726224082566024e+00
3.228807327842397967e+01 -3.045395696936038377e+01
5.238062734635816042e+01 1.206215721272679708e+01
-2.025401262296364635e+01 1.842073410336664097e+01
4.867643032822700633e+01 2.225671322831133558e+00
3.174439984750430099e+01 -3.106679950583705008e+01
-3.991784107013273797e+01 4.083338168215624897e+00
1.989838193890764728e+01 -2.974984131646601071e+01
-2.427864000736342831e+01 1.988968475007919778e+01
5.089743855555835950e+01 3.365361974240130394e+00
-2.598634342007143871e+01 2.760472209049528836e+00
2.366199964212266948e+01 -1.828011741907058862e+01
-4.021905950961273390e+01 1.307833333485240779e+01
3.092266771907113565e+01 -5.098108839053560715e+00
7.632992345205098061e+00 -4.694380432250097357e+01
-3.851013368061958175e+01 8.867470549130322510e+00
3.079974444567666580e+01 -1.629813305860535522e+01
2.396866880559165836e+01 -3.005759201728958274e+01
-4.148281708218772224e+01 1.415580933471984082e+01
3.359017350257812495e+01 7.760167659661276751e+00
1.738700178817944320e+01 -2.842213996779121743e+01
1.092494562911909206e+01 -3.883543482020481008e+01
1.518051605181963737e+01 -3.364127251121188777e+01
2.327607498502057837e+01 -1.404834201463625298e+01
1.705171993351995852e+01 -2.998389991666635979e+01
2.441867306714565444e+01 -9.702288473905561261e+00
-3.019525773861665385e+01 4.495186625103663403e+00
2.563096077871372103e+01 -1.011812181148675371e+01
2.438165875637496427e+01 -8.241047602127041571e+00
2.537407207313976798e+01 -6.774173513745716413e+00
-3.602746559305076346e+01 9.695858129939688652e+00
-2.652375404877456333e+01 3.119810407033424937e+01
3.432441456660070855e+01 -1.172574679770704620e+01
2.829763439559810223e+01 -5.258025097962604200e+00
-5.277058378298752928e+01 1.981561155969293608e+01
-3.763635099930860406e+01 9.080206874052255017e+00
8.588817828490979522e+00 -3.844128310410192029e+01
-3.974183170643054552e+01 9.743125291654932241e+00
-4.375384036005625177e+01 3.196263252136008504e+01
2.758618630528559734e+01 -9.311268003121487169e+00
-3.847555295759795513e+01 2.810832291502572389e+01
-2.626268265003439950e+01 2.880998964715886856e+01
2.835778143996790135e+01 -5.917733938682859574e+00
-3.993491571062087786e+01 2.644852978011317646e+01
-2.873297448875464610e+01 2.673105656696524335e+01
2.349098405020631830e+01 -1.155443938730516606e+01
-3.680858021222329057e+01 7.935082601751900278e+00
-2.455286999304988882e+01 3.195606001393295159e+01
-3.744166881081572029e+01 7.028107115370270108e+00
1.542948763444756466e+01 -4.755053163696087637e+01
-4.793020370656980589e+01 1.673223992914158487e+01
4.029421774231894915e+01 6.409442782451895582e+00
-4.815650456430397952e+01 5.569311564217187538e+00
3.853907228166203680e+01 9.844276617050645939e+00
-4.831393398516199511e+01 1.490452928852330317e+01
3.556730443877029302e+01 -1.090196497490802763e+01
1.388411697531166844e+01 -4.731596711390474752e+01
3.702194347148212161e-01 -4.858025183962930527e+01
-1.923642263390611262e+01 1.263447824774325845e+01
2.898655657828708243e+01 -2.976811665872806856e+01
4.413001484421417331e+01 -1.221895997153167457e+01
-4.562524912120209564e+01 1.794326254851253211e+01
5.102840552462289736e+00 -4.898449837397102158e+01
-5.165173213916353490e+01 1.621386485211938577e+01
5.004010542431085184e+01 -1.708861363066020989e+00
-5.163890631530897224e+01 2.141244030642206297e+01
-3.441464728311385812e+01 2.171558962813476512e+01
3.418956919570295128e+01 -2.066507367608000223e+01
3.735923506292959217e+01 9.963069542867156514e+00
-5.101017886770328147e+01 1.948359484972527866e+01
-1.951454718822985157e+01 2.180641180353594422e+01
2.400849215980837670e+01 -5.950192719970151423e+00
-4.507857052979145607e+01 1.564994705794471841e+01
4.450193187711140297e+01 -1.129463282295116322e+01
4.660774678564518325e+01 7.325787422857996667e+00
1.351658009040702701e+01 -3.669793286783518482e+01
-2.949654863275154071e+01 3.915106405584838711e+01
-1.964463452913770780e+01 3.566434181963885663e+01
5.391147687250863640e+01 1.242580703460460789e+01
3.482755547655843387e+00 -4.456668552625052371e+01
6.881244793786637004e+00 -4.419905148568903286e+01
-4.978804911877313799e+01 1.706060692224487241e+01
-2.295852221264014759e+01 1.157549546320495004e+01
4.213523854211570097e+01 5.735413755881451081e+00
-2.861431120046454168e+01 4.245408640542987655e+01
-1.991137385441909302e+01 4.017140031976333603e+01
4.354892658252258286e+01 1.311458325632063904e+01
-2.562315768177874631e+01 6.673063155714508810e+00
4.597685304629919756e+01 6.076863412487043092e+00
-3.187236557805075066e+01 1.873706075055287812e+01
-2.772725136301058413e+01 1.741112839941230916e+01
2.516287333187174724e+01 -3.070951425655970368e+01
-4.616963306991829796e+01 2.825878770298019660e+01
-2.322304235532511285e+01 2.819768946172406743e+01
4.309212405738584550e+01 -1.548418649944484748e+01
1.443100677075248583e+01 -3.985935105825065961e+01
-2.546338156994310964e+01 3.056884470237184104e+01
3.648210480649201060e+01 -2.006745753776167263e+01
1.097069550107316260e+01 -4.268492629380929060e+01
2.813591865017966853e+01 -2.711267381509857088e+01
-3.779514148137057816e+01 3.382182789180914284e+01
3.603868626361421690e+01 -1.710054984220577623e+01
5.705548850697909902e-02 -5.324413148378972238e+01
-4.218775280148773277e+01 2.945382927748449831e+01
4.421742422122017757e+01 -1.738085118999605427e+01
4.354517715630191788e+01 -1.689976845923298399e+01
-3.055310271802467170e+01 3.253849923441686087e+01
2.586137777679766714e+00 -4.921198110799510772e+01
3.892381713105143604e+01 -2.388225641732784510e+01
3.175198485974622997e+01 -2.659226125911054694e+01
1.049754564995233963e+01 -3.668085641257368934e+01
-3.193941876580050021e+01 3.233256525935742332e+01
4.166635499314739377e+01 -1.709161887694066806e+01
-3.101405304178517852e+01 2.622348577644714140e+01
5.563812669418802592e+00 -5.083026737256983552e+01
-3.520834518916316824e+01 1.244720624090518335e+01
1.574083464445355673e+01 -3.742984068051397628e+01
3.336702434884301738e+01 -2.256773906740154700e+01
-2.645055371803139010e+01 3.408035882644445991e+01
-2.537835743967151814e+01 4.048194693566414060e+01
-2.471192807830107085e+01 3.669657674589682728e+01
2.884551644358626632e+01 -1.838513553908303066e+01
-2.336495156899168890e+01 1.907812226949785739e+01
-2.996928652444003660e+01 3.855166929154894007e+01
-3.183722994207007417e+01 3.946603686120922561e+01
-3.294492166152330270e+01 3.783465481976137568e+01
1.813062230092764793e+00 -4.349136612213912656e+01
3.310140684236203157e+01 -1.842162853090158237e+01
-1.860071353220667945e+01 7.952379704089625356e+00
-4.372357723112619254e+01 3.662164359121756974e+01
-2.834484525174641689e+01 4.014328700214553436e+01
3.383054680527004621e+01 -1.966151934084070163e+01
4.963701134864436426e+01 2.191081572213203543e+00
1.361002613341914724e+01 -3.371272253818479925e+01
-4.786906275005921430e+01 3.151838434067806105e+01
1.179626739247923339e+01 -4.582907180670665781e+01
-4.057037349432874862e+01 3.162009792271047104e+01
3.614526803910108299e+01 -1.481504915123938382e+01
-3.089200784656631527e+01 2.495606094851423151e+01
6.235157145749375296e+00 -4.907732509414780964e+01
2.300090229947605991e+01 -1.489565712832070332e+01
-3.115845371496451222e+01 2.913623104104794237e+01
2.635734458311651807e+01 -6.126445120707933789e+00
5.290806938825713956e+01 7.788885768671361731e+00
-2.358553575817060377e+01 3.153189928979133683e+01
-3.921290539284688492e+01 4.135610577212824523e+01
-2.834486417812246017e+01 1.094503268480585589e+01
2.348951908182730364e+01 -1.689436159528617765e+01
-3.162657665218652525e+01 2.349654541685220366e+01
-2.681451412541785118e+01 1.766814661160112321e+00
-2.937310828549783892e+01 1.209759354949156673e+01
3.275056494423876785e+01 9.234443252533429458e+00
1.792805867387084362e+01 -3.242365331193797573e+01
3.907575144763807629e+01 4.776523153065435956e+00
-4.265779629130385331e+01 4.372148078725435738e+01
-2.137492800296258011e+01 3.916947884499418819e+01
-3.429935553102568946e+01 1.337014371650693079e+01
-3.930396497340401396e+01 3.551185095759454668e+01
1.876329650769316260e+01 -3.269192988187180049e+01
1.253516475693125898e+01 -4.904047075561626912e+01
1.592700601357217671e+01 -2.802612890943374424e+01
-5.031825329627693577e+01 2.049084936644226573e+01
-3.743557886036747817e+01 2.784601526475253053e+01
-2.942408658136412214e+01 1.112515283459789650e+01
4.058791498870421321e+01 -2.273374659127182085e+01
2.602220495044935689e+01 -1.316494195716255255e+01
-3.829144972615294762e+01 3.234878159441818468e+01
-3.788189301858296432e+01 2.973540853249459204e+01
1.293091808136981591e+01 -5.002089693714041374e+01
-3.796177313756812310e+01 2.556856836749139816e+01
6.763907456519060446e+00 -4.214506786754975565e+01
2.183611438775487201e+01 -2.368783806704140815e+01
2.627782773818962880e+01 -1.053618970729500504e+01
1.871185248204258134e+00 -5.391457050630349102e+01
3.966208406339887205e+01 -5.526229953411283979e+00
4.092183747399157312e+01 -1.243852973853303112e+01
-3.890564852625299608e+01 3.375305355433932419e+01
-1.865314525281065983e+01 2.579210217982613429e+01
-2.721139190444794664e+01 2.522562864196816079e+00
-3.866841751946485317e+01 2.999146834512087167e+01
-2.883859152500661693e+01 1.603719762746638011e+01
-3.411967971607410988e+01 1.750497293458982995e+01
3.151077416988389501e+01 -2.014539515316251439e+01
-3.256469424074991537e+01 3.259875791923058586e+01
3.493055033606636783e+01 -2.213382361366172546e+01
9.440796457936963648e+00 -5.011475722917230513e+01
-3.109063943296393973e+01 3.691386017054534108e+01
-2.719243986284763892e+01 1.262664550342176462e+01
3.092638697119454960e+01 -2.938438992663293803e+01
4.195854704612854391e+01 -6.396989262045325475e+00
-2.084533191647171435e+01 1.997191395062097641e+01
-3.699625944461101312e+01 2.350808291915704373e+01
3.919573786073803490e+01 -2.085821761078483760e+01
3.413648753177269413e+01 -3.148879656964165719e+00
2.067067227012329766e+01 -3.973243882159977858e+01
1.805719499074140799e+01 -3.097804368241203221e+01
-3.165235042087370942e+01 1.367772391975237589e+01
-2.331171783141360976e+01 3.864601545451557030e+01
2.721355352576364695e+01 -2.514746069968094844e+01
2.215280019788235322e+01 -2.947268874375630077e+01
2.913184636537377870e+01 -2.098431488379188892e+01
-4.375980918608038905e+01 1.782400933471703297e+01
1.179936278878443012e+01 -3.310717564059535079e+01
4.024890949442820443e+01 -9.376541546875978739e+00
4.010025303664080809e+01 -2.110270603081392693e+01
1.487897956845684533e+01 -4.292290300486585863e+01
-2.808629207436515429e+01 2.757828182765315006e+01
-3.002452144856278338e+01 3.509164110144351589e+00
-2.284640272179495568e+01 4.347080827796514058e+01
2.195044540151052459e+01 -3.259969321455360358e+01
2.622037468095258816e+01 -3.261902811034933336e+01
7.793121894491364721e+00 -5.146407244436812789e+01
-1.810954622093623456e+01 8.066007267026927607e+00
1.273548564714361575e+01 -4.339103543869951096e+01
2.280399406584057331e+01 -3.069932509875711446e+01
-2.535257397949631653e+01 2.661616043870715842e+01
-2.425024092093428152e+01 4.353403757636173310e+01
1.055343239667278787e+01 -4.812768341945800188e+01
-2.330539155210558278e+01 4.427713030105476122e+01
1.000633349342427891e+01 -3.932937983747987687e+01
-2.835437084166061084e+01 2.414742694615059904e+01
-2.672067835613342268e+01 6.160768462229733622e+00
-2.250385209826342958e+01 4.073944485435566065e+01
3.870158228049320570e+01 -2.195705110042058550e+01
2.443006823250451376e+00 -4.198123339425514189e+01
1.627608234993722292e+01 -3.717852091259936742e+01
-2.169433014981790109e+01 1.810056747744349082e+01
2.230330309533252731e+00 -4.679423317187651321e+01
1.377252376117385779e+01 -4.543406230196058004e+01
-2.471303237640246664e+01 3.094693364873437957e+01
1.114240114850085028e+01 -5.111131662463029102e+01
-2.174859352387060341e+01 2.066593771120874123e+01
4.177081182776749557e+01 -7.375451770503326232e-01
1.319545770988535160e+01 -3.151498167151649099e+01
-2.116871730663667961e+01 3.747336853166630277e+01
-4.273966425308470463e+01 4.389104519841499297e+01
-4.517909278209112500e+01 3.140646118727958580e+01
4.762088394584904449e+01 1.428287027607181869e+01
2.976810643564719072e+01 -2.387466961193100801e+01
9.079440386669045182e+00 -3.188607227685937673e+01
7.777729080130184158e+00 -3.995324656575588307e+01
-4.756133077877623094e+01 3.071821111594105247e+01
2.930031136631156841e+01 -1.953289187641149027e+01
5.023129569394397720e+01 1.521351328892789923e+01
4.463780685168985940e+01 1.120985605841926303e+00
-1.708333816092910240e+01 4.369596739890373271e+01
-4.990390879596916562e+01 2.159277602731903656e+01
-4.859877570725488738e+01 3.464146663018881611e+01
2.407322933419003164e+01 -3.728984997866059814e+01
-4.252463412800214115e+01 1.804629554428667504e+01
4.816961426947685965e+01 8.403605844901036903e+00
5.270678906962817223e+01 1.406706955669539383e+01
4.850525549382967228e+01 -7.057996916656271935e+00
4.150990597055391618e+01 4.950008261560710388e+00
1.625060618954059732e+00 -5.118867352405779769e+01
-4.050602480648901604e+01 7.482940097617108322e+00
-2.326982527697214209e+01 5.127695998017867574e+00
4.062342250238182828e+01 1.130404155110850128e-01
-3.893556263298711428e+01 1.626304572471493870e+01
1.281699077340067738e+01 -3.543994046131241760e+01
2.608093172000760163e+01 -2.325930651594780230e+01
3.646613565827884429e+01 -5.375359451564253099e+00
-4.680046747532175289e+01 3.021098932226106726e+01
-4.940504932458553355e+01 3.103407426373351541e+01
-3.725880913995931110e+01 1.537881311716469135e+01
4.318394355117557382e+01 -4.360596065201142735e-01
3.700479406055575282e+01 3.871507884876509653e+00
