-2.283251057886353763e+01 1.202016502340939930e+01
1.374917761860826282e+01 -2.481836122093767827e+01
-2.373181482902189998e+00 -2.828493826915022069e+01
-2.463882393214937494e+01 2.404778377754192320e+01
2.691987018984385216e+01 7.018699979336540551e+00
4.685104291023453271e+00 5.338286854914136015e+00
2.388667042931592022e+01 -1.808932175366684092e+01
2.475413305196638092e+01 -3.306729869440355074e+00
-9.241023952499198835e-01 1.995103250997075151e+01
1.025942955994859673e+01 -3.569101334245411206e+00
-2.402396883513388559e+01 -5.192481966573865293e-01
-1.407491952166177640e+01 8.793665399532216043e+00
-4.707162610805712966e+00 -1.739645114376543589e+01
4.805354473545817129e+00 -1.885699750824912613e+01
-1.543269920045469057e+01 1.116997477292214924e+01
2.689256927501061156e+01 5.189317413221669284e+00
1.597007559670206334e+01 -5.162431323408586792e+00
-1.239375243172246321e+01 3.297453757690973930e+01
-2.707866171925036980e+01 1.843674218005369791e+00
2.401440192279055452e+01 -6.068399032204297328e+00
3.545609245161710721e+00 -2.105631008099659596e+01
6.176365132409196157e+00 -2.800537306110437541e+01
2.159455290165102070e+01 -1.294471502709877164e+01
-2.743391674532077573e+01 5.461442630669665732e+00
6.003864216961000366e+00 -1.902268199306690377e+01
1.835414686515010274e+01 -5.552905336355100196e+00
-3.154070604120741805e+01 1.414332798158013560e+01
1.549170981787145962e+01 -1.448816534728688943e+01
3.416631861543978577e+00 -5.493102332421373468e+00
1.476392450060086858e+01 2.769612915478761650e+00
1.702864974666340458e+01 -1.643318800560808057e+01
-1.592747325734909047e+01 1.541409210552265741e+01
-1.516917861006689350e+01 1.478715261296569494e+01
2.246287057601653459e+01 8.097188838464466798e+00
1.133373952524413530e+00 -2.037155565615885067e+01
-2.026153573563387056e+01 5.130356608535095120e+00
-1.797841382487455508e+00 -1.182832820878134505e+01
1.968780465096974552e+01 -5.878966647645945676e-01
3.272467003162799415e+01 -3.003750953621633801e+00
1.459737071307856837e+01 -2.183399031514068866e+01
-3.921108013304580364e+00 -3.320931992949393230e+00
-3.001455092443431028e+01 3.594948952757259786e+00
1.199121725082039980e+01 -1.705091566970682493e+01
-4.669042640797121280e+00 -8.813605579498581477e+00
-8.177599979576076095e+00 6.691782514004265714e+00
-6.338946621624106825e+00 -1.683829461413161610e+01
-3.081024269179773256e+01 4.478673795924323464e+00
1.725416352654294272e+01 -6.065208906395398003e+00
5.211678693648274852e+00 1.670417049163675927e+01
7.294267346016020781e+00 -4.747646196929979467e+00
2.221570316594686645e+01 -2.147762960167520774e+01
-2.410459766554745542e+01 1.405085488491091894e+01
-2.120629174977094067e+01 7.591532490806127242e+00
-1.205695233798663502e+00 8.039250304079729403e+00
-1.200737456389675373e+01 1.288111113183219381e+01
3.437142043388566748e+01 -1.057754565218983167e+01
1.812379987415677363e+01 -2.355394465753588129e+00
1.979426524339437066e+01 -4.796639579728325664e+00
7.265282904566246813e+00 -2.405501746869554935e+01
-3.285428013961561078e+01 9.455577750971180251e+00
8.065317643895957289e+00 -1.826154338037522962e+01
5.405187201575345490e+00 -2.343856081990841744e+01
3.412650960759109342e+00 -2.338348943309313555e+01
-2.529950572696134614e+01 1.908368664917524171e+01
3.302392788857122952e+01 6.008206383758309954e+00
-3.713912440776804402e+01 1.079556561210226562e+01
-2.614933999228063044e+01 1.748905786296855425e+01
-3.350389798659634977e+01 1.317601115792992061e+01
2.517667235260062952e+01 -7.016873194652664125e+00
2.303719575747354753e+01 -1.750348386474600837e-01
4.466937773173002668e+00 -1.787956004813677779e+01
-1.450921073687704599e+01 -1.592680745793974451e+00
-1.980650564805290159e+01 2.091906896705530983e+01
1.562950674718874566e+01 -2.625516323226020532e+01
-2.739566101002828802e+01 3.119491235988308131e-01
-2.965237368450055300e+01 1.807278146316004452e+01
1.483318429338446975e+01 -1.868605081430646209e+01
1.208308853341267586e+01 -3.029428447991428541e+01
-2.020788222209294815e+01 2.272198476710413217e+01
1.809798323148929100e+01 4.480098573262610628e+00
3.162681554117482463e+01 -7.333452349477886933e+00
2.363406949075354646e+01 9.987269509588174721e-01
-2.109568618331868350e+01 2.530432489135710128e+01
-1.229715155702315954e+01 1.917991680648313491e+01
3.582574692061078991e+01 -5.380835833767656950e+00
3.409623874640660546e+01 8.548347243982000743e-01
1.911610546795289522e+01 -9.592052776663097191e+00
2.542630749447394933e+01 -4.917928939759219631e+00
1.149467762406066385e+01 -2.229550780383000586e+01
3.002936387328642542e+00 -2.046196444471777198e+01
2.733910663108555283e+01 -8.003423102857739835e+00
-1.530178454823492551e+01 1.695230690445213639e+01
-1.819236230186757197e+01 8.437462122387552554e+00
3.033122564501730878e+01 -1.577627232234940280e+01
-2.136914006917617925e+01 4.556323499799078469e+00
-8.231989614631439522e+00 2.515349654000927160e+01
1.968411697939635019e+01 -2.501253388760315488e+01
3.042669095212517494e+00 -2.722930309205754540e+01
-1.077819344634054310e+01 2.268567720227036588e+01
3.414757033012952547e+01 -2.086858003064319345e+00
1.124585065673586470e+01 -2.413899443767130748e+01
-2.053412724381097476e+01 2.768093026570450732e+01
1.071827883665940284e+01 2.603472882314291414e+00
-1.778657142857727180e+01 2.350794593932942789e+01
-1.850914286592333369e+01 9.752990310267165341e+00
-1.489845987977446828e+00 8.511713481422857441e+00
-1.918893589001825717e+01 7.644030324180076441e+00
-9.043827727822689511e+00 1.429857512584070811e+01
2.902938633693396753e+01 -9.263289629012822601e+00
-1.737348011367581879e+00 -2.116811795786369643e+01
-1.380588565985196681e+01 2.981744056500752293e+01
7.951188416210611010e+00 -3.474407858418579575e+00
-2.289756712755205470e+01 2.617757794978016150e+01
1.269604528035279234e+00 -1.585234828146086272e+01
1.534047694641152226e+01 -1.365268700731224083e+00
-1.191439960794645714e+01 2.911560952048977668e+01
-1.636075040009564319e+01 1.225253119771858223e+01
-2.093435656618772356e+01 1.935967724426076941e+01
-8.803115053987220051e+00 2.872887828977131619e+01
2.361206096073617644e+01 2.975764773971151911e+00
2.058220560645065333e+01 -1.037439077091470274e+01
-3.111250230188185917e+00 1.363557015734708422e+01
1.776763272594064347e+01 8.633478465906598842e-01
-2.282591964917502381e+00 -2.207629647258884376e+01
-1.790526594225282508e+01 2.064682131724747549e+01
2.471095953299460746e+01 7.015948073986376377e-02
-1.845856332450219739e+01 1.853770749831467413e+01
-2.513697574473505014e+01 1.146348495975678539e+01
1.284068393472558967e+01 7.944760140009531346e-01
2.746618468652323486e+01 -1.472564646332355132e+01
-3.846660629646046381e+00 2.261339098459086472e+01
2.054109079780378266e+01 -6.828512511182115219e+00
-1.132458208244461240e+01 2.555865504552676981e+01
-8.167817308107132135e+00 1.948089038822395125e+01
1.296325056090110728e+00 1.326192849907666194e+01
6.235231620296429078e+00 -3.225487383782781592e+01
2.231376996377611377e+01 -2.828307221853412656e+00
-2.511063371487454887e+01 3.815417767407096150e+00
-1.436567229479821606e+01 2.337039294229580477e+01
2.861001412790553289e+01 -1.251914787828505027e+01
2.107790615811500246e+01 -2.007009995845927097e+00
-8.238335626690563629e+00 2.117664426533684718e+01
2.202478641555900651e+01 4.283624602539258142e+00
-1.354624765466276592e+01 1.300772817295622330e+00
1.732345659734226473e+01 -2.693847864800771319e+00
1.717691884019647830e+01 4.481667002243792552e+00
-1.478430815713335633e+01 2.594721758570686987e+01
8.106925069182379318e+00 -1.661910679796800139e+01
-1.129626560739941787e+01 2.440972496152105009e+01
9.232453907518168634e+00 -3.517607167859655704e+01
-2.345239398298165412e+01 -1.354031961649454496e+00
2.862514994506939559e+01 3.822804033499983767e+00
-1.310346737572212916e+01 2.626154060496800469e+01
-1.139045367645397278e+01 6.821078266921250410e+00
2.810463971618495904e+01 -1.346604753041413360e+01
2.411521570419250082e+01 -1.184303739106657360e+01
2.875845717796176615e+01 1.653970099202432875e+00
-2.980421778917242293e+01 4.663434040816106574e+00
-1.555009591777567657e+01 2.824235969589996742e+01
2.380914592024943843e+01 3.983841881267645491e+00
-3.729500440730518562e+01 1.122614093432920512e+01
5.100325089463257022e+00 -1.658252637147153408e+01
-9.714482640734990682e+00 -9.781073739497411768e-02
2.317405694274418693e+01 -1.678738254959869947e+00
1.846716104909322098e+01 -3.061987026926956190e+01
1.961154086640495819e+01 5.893268238608432519e+00
-1.375016163052560536e+01 6.555509518137065506e+00
-2.870485951847495087e+01 1.081533424973949664e+01
1.296207854572338825e+01 -1.549922434668368076e+01
-3.377577732155476742e+00 -1.821868651884808088e+01
1.955958651501294909e+01 2.677873155705827735e+00
-3.157231978670022343e+01 1.500849749444493852e+01
-1.907517602979546467e+01 1.945275703118433697e+01
2.787901785222904749e+01 2.170481288430668343e+00
1.054811602774734780e+01 -1.402697216500932775e+01
-1.702438233543636414e+01 4.705180695747119418e-02
1.912675639755208223e+01 -2.303874586055870566e+01
-1.652102308375212658e+01 6.340401818440716042e+00
-1.229847753964308232e+01 -9.488562460883539496e-01
2.408196811188539854e+01 -2.564048395189470853e+01
-1.410989862930469130e+01 2.053424102545063690e+01
8.128039897429648164e+00 -3.032865814576301489e+01
-1.868725603741188124e+01 2.348930009012774889e+01
1.352988113528867764e+01 -5.890922728678175346e+00
1.735123653319433856e+01 -2.176941521129849377e+01
2.318803346910560492e+01 -1.060512846560378897e+01
1.228111100717780246e+01 -2.097829898311298891e+01
5.612368337403356833e+00 -4.052455985338605515e+00
8.641909182594661232e+00 -2.545925707031306473e+01
4.014021456344630145e+00 -1.465683007961131068e+01
-1.219635720109105748e+01 1.626943258303050044e+01
-2.441694319294157012e+01 2.717009073285791132e+01
2.069420324194933869e+01 -1.679564140004778849e+01
-1.601199100980524292e+01 2.217845984573484586e+01
-4.182925541014525628e+00 1.700557287637007420e+01
-2.205362394497811707e+01 2.294042297607707681e+01
2.378071956298264666e+01 -9.541482328326361895e+00
-5.237577371139983562e+00 2.025208568188727298e+01
-3.006395131783101604e+01 2.816121627883031664e+01
1.555420694604657328e+01 -1.202378175159671514e+01
-6.361052870093709011e+00 1.949484605744559218e+01
-1.775533846474619537e+01 3.212444680221851456e+01
1.114715274304349890e+01 -6.718869270299476781e+00
-1.810240638596412310e+01 -6.008704408061711355e+00
-3.279921464593236635e+01 1.305175801150429304e+00
-3.659188897408461649e+00 1.681043425532281432e+01
-1.779464171342977963e+01 2.887538001144629973e+01
1.564738463096140109e+01 1.658555425976795172e+00
-1.899877471019580000e+01 2.547198445219770235e+01
-8.354155276637966310e+00 2.396621435432411928e+01
1.487350154099670796e+01 -9.084647081904847710e+00
7.497895495824706380e+00 -1.483771031320338096e+01
9.021863264070975053e-01 -1.892568593765663820e+01
-2.023953114885751603e+01 1.775035014073260697e+00
1.516045832760917556e+01 -1.117792874602454667e+01
2.209678369991975799e+01 1.468689226132990910e+00
-6.693888754914391725e+00 2.335435352478538462e+01
1.768796155456067964e+01 -1.600131056778261041e+01
-1.987899136748179885e+01 3.048169265309746123e+01
6.156995153909474716e+00 -6.411612492460697865e+00
3.158995806956777841e+01 -4.782668818748391004e+00
-1.634035616986376738e+01 1.960411231802998699e+01
-1.125557573518982046e+01 2.216245011935303921e+01
2.681663044309764032e+01 -2.065066670076364908e+00
3.165933832247653967e+01 -3.659742140104328634e+00
9.712719799073296301e+00 -2.060583731820655728e+01
-2.975544428343814118e+01 1.410599288042165256e+01
-2.490394387215543759e+01 6.693113755382709584e+00
8.733478971286725567e+00 -2.407479120274161133e+01
6.835642107418795632e+00 -3.024495440400029622e+01
3.352301509213432240e+01 -1.062126530857042006e+01
-3.385013965089862609e+01 3.478411107960171833e+00
-2.287652486458756584e+01 -2.408766963606035816e+00
2.912081133091612273e+01 -1.179907769614481161e+01
-1.199045068136039127e+01 1.843948968684266276e+00
-8.653316322006745054e+00 6.860404383419092866e+00
-1.514463116390411734e+01 3.013929682580012592e+00
1.134191629862207229e+01 -1.806095210826783770e+01
-2.206100049700554067e+01 1.969671443513269438e+01
2.381834514849830242e+01 1.134997429155794180e+01
9.384630700160167649e+00 -2.805661781597732229e+01
-2.415302565165325888e+01 1.897025282758698239e+01
2.032314756941995881e+01 -1.842119599385128126e+01
2.901925969190172427e+00 -3.317315452491160954e+01
1.069977948472384988e+01 -1.172889277352484250e+01
-2.739208033920500185e+01 2.052389622192005092e+01
1.406154598258705768e+01 -2.887391787486059958e+00
6.798213235449640734e+00 -2.591395010882042982e+01
-2.384592510258610787e+01 3.048754478974643689e+01
1.552352951114474600e+01 -9.315682047193778459e+00
2.381233216115101925e+01 7.448173326312262255e+00
-8.064134204012063378e+00 4.486081929450261185e+00
3.781966963068459364e+00 -2.879374805905807477e+01
1.177398322418476262e+01 -9.629939028602205298e+00
9.227635089429451654e+00 -2.343393439297512515e+01
-1.101569035227100990e+01 1.094552485188551039e+01
8.088687627962073634e+00 -8.300602120425908115e-02
-9.651599848606210230e+00 1.568656068838090434e+01
2.780898685646999269e+00 -2.890977003404538337e+01
4.206610945516899847e+00 -2.468691064004006464e+01
1.043661112278367220e+01 -6.784833001326103563e+00
-2.670462636201432716e+01 9.240622136378155105e+00
-2.691510302094548024e+01 1.467090087365190065e+01
-2.961513504738807256e+01 7.529855637200504326e+00
-1.704805171024175792e+01 5.338969503806271000e+00
-1.791155101046279086e+01 1.381153122131343203e+01
-5.092847301459284104e+00 -2.402697160803271359e+01
2.199082330103162519e+01 1.182283337103876875e+01
-1.350256324457548907e+01 -2.110537026794369053e-01
-2.317928613019118345e+01 1.610783175322002947e+01
-2.435138595950615326e+01 2.062089944257735397e+00
2.152463049184365218e+01 1.216330056387797143e+01
3.033310220455379635e+01 -1.140902535599717993e+00
-1.827844263051266083e+01 1.510375664703210319e+01
-3.110239054388372537e+01 1.922372416744166301e+01
1.286471116688681349e+01 6.054275608542517340e+00
-1.995438032072269507e+01 1.675097894499776530e+01
1.415760908329111345e+01 -2.369033508613506456e+01
2.714209321056536695e+01 -5.902796366176751297e-01
-3.038009039543999990e+01 2.763576498440936646e+01
-1.367350094252138604e+01 1.942030370773288084e+01
-2.528619062211425739e+00 -1.061228955032980714e+01
2.298741889384350046e+01 -1.456788365467462754e+01
-4.644031380937172493e+00 3.054308782105962905e+00
-2.664824944895438108e+01 2.039038131433982670e+01
6.666434163955177183e+00 -2.022228956675142086e+01
-1.672859842301960143e+01 2.743395676008630346e+01
-1.434293393113857995e+01 9.620050829986537266e+00
1.216277537290934418e+01 -1.050765614489822397e+01
-2.656965766510801430e+01 2.397924756871026020e+01
-3.037204822168832052e+01 2.307963007875415684e+01
-1.061699249978394155e+00 -2.501869899076557857e+01
1.855698137562872319e+01 -2.020121208666803625e+01
1.837451523293344735e+01 -8.356885785501782848e+00
-2.016768355024502746e-01 -2.979622366506202980e+01
1.551359669423135301e+01 -2.629019296291761787e+00
2.267937600489081262e+01 -5.880474089495983492e+00
-2.892668264830551550e+01 2.219997536746025801e+01
-8.562338700083373055e+00 1.298974581939069317e+01
-1.205664108408010016e+01 1.355425311166730751e+01
8.272751503233108039e+00 -8.872476669520240833e+00
-2.881974530215650887e+01 9.915129277271736541e+00
1.265121244592510763e+01 -3.085907405553104610e+01
-3.008154162005726917e+01 1.099161551612387910e+01
-7.115562018329593563e+00 1.070933416365290647e+01
2.233661865997267881e+01 -7.854358956641292799e+00
-1.429942082822272020e+01 2.051682572896845080e+00
-2.151145092167454820e+01 1.743438446583379786e+01
8.883884167493853568e+00 -6.099450047438070399e+00
1.807845134244522356e+01 -1.157981810475866524e+01
-3.464629531649715233e+01 2.370454354899842286e+01
-2.374779226612843175e+01 8.666984808406382967e+00
2.758302494165277174e+00 -1.760834158340396272e+01
1.320419854897905054e+01 -1.018882531605303221e+01
1.009814171912574210e+01 -2.557667419697314415e+01
-7.283110073104372972e+00 1.376096117776103078e+01
-3.331031057988091248e+01 7.064323950938980801e+00
1.336774903789049596e+01 -2.028329666827882605e+01
8.984608569662654309e-01 -2.287392395499603381e+01
-5.607334764025823759e+00 6.255410141972378213e+00
5.622338409553511163e+00 -2.203372099493012826e+01
1.948817536345779544e+01 -3.009643678548690460e+01
-1.903302791210187195e+01 1.117445762617751903e+01
-3.341434832786528375e+01 7.545130613066477032e+00
1.225622218554719645e+01 -2.722479550600148102e+01
-2.773391259369565987e+01 2.253228337115079416e+00
-2.079682493805707111e+01 1.357290742325785970e+01
-2.445222666140653445e+01 6.607921110126074637e+00
1.583203855664539361e+01 -7.791213282191808531e+00
1.179530719807789563e+00 -1.749571888955272669e+01
1.730929862950528086e+00 -2.638980463263327891e+01
-2.391239384215171171e+01 2.116261391194139918e+01
-1.372771624609699614e+01 7.572901480842014088e+00
2.500277857521255953e+01 2.404077411112810037e+00
-1.173128241090070523e+00 -1.615952976674235231e+01
-4.965988394361912306e+00 2.650148134915215170e+00
-2.278951294595839272e+01 2.081741257941679279e+01
2.665347055253521091e+01 -4.844979655276737240e+00
6.025400663724064465e+00 -9.350384132918296842e+00
4.422904556231388895e+00 -1.035849733406550044e+01
3.089613350470266528e+00 -2.503568645856122998e+01
7.247829904553851676e+00 -1.307394919714048598e+01
3.005181981512556533e+01 -5.750784852933425562e+00
-5.347106916943786814e+00 2.629093151615557744e+01
-1.021745341050467104e+01 9.664284709450432942e+00
2.905192131218830909e+00 -3.686841903399471931e+00
-2.793910481212045127e+01 1.211470842531801395e+01
2.238009004782276179e+01 -8.800847754133260814e-01
3.456797211184993301e+01 1.242620711990134907e+00
1.680792379704077177e+01 -3.115492816861954495e+01
2.951980812280432431e+01 -5.466193678781176679e+00
-1.130700218766703280e+01 -4.078605199331158282e+00
1.135534846018798483e+01 2.472453761187145993e+00
-1.609566368230426647e+01 2.576211280677154036e+01
6.907339625809403749e+00 -1.243601242315095767e+01
2.039383494475960745e+01 -1.222345216149055602e+01
1.961738522439580379e+01 -1.340301458199103024e+01
