-2.625688503421730857e+01 3.511780965970541502e+01
-8.478318480451905614e+00 2.665430211907429481e+01
-2.677065698447071895e+01 2.000117426733222814e+01
2.699053514146258603e+00 -1.590946262628340691e+01
-3.862542161586196698e+01 1.631820717553817701e+01
2.065318207644804360e+01 -3.113274202400358348e+01
-2.589489577499856310e+01 -1.093177515227308483e+01
-5.427171166414303249e-02 1.771054628676588649e+01
-1.761451659484007948e+01 1.251355532147826821e+01
2.123539602386521352e+01 -1.961154735677543570e+01
-1.839559592120504572e+00 -2.533409155476871177e+01
-3.537864527380840229e+01 2.573562493435398224e+00
-1.739966256359378960e+01 1.853827315763298067e+00
-2.692314994362259739e+01 1.087591326567815209e+01
1.285520279599253257e+01 -1.439921388414316361e+01
-2.673245872869863504e+01 -2.827683788230777040e-01
-1.414785372393709117e+01 3.502706992162077171e+01
-1.088542186187947358e+01 -3.339644000531609702e+00
9.645918449441436948e+00 -3.491384557940089195e+01
2.896211928733275087e+01 1.476143917593160548e+00
9.024933344849817018e+00 2.131869515376336821e+01
2.285776048924978099e+01 -9.353660215361609076e+00
3.423620479519055948e+01 -6.947716412824524568e+00
-9.333844856541881896e+00 1.709064169205631600e+01
2.929894661540014411e+01 -2.555334754029660971e+01
-3.225984856304324744e+00 7.771169077348907273e+00
3.206305851662247619e+01 -3.427177216338736088e+01
1.304689568094460128e+01 -1.891596836341875809e+00
4.141059799101888927e+01 -2.264374736372763053e+01
-3.353427348898188853e+01 2.646783588007033927e+01
3.020193884995475386e+01 -1.528196266854988217e+01
-2.308443749748057439e+00 3.437326472160573587e+01
1.186780315755000359e+01 -2.609091910416717042e+01
6.900496933964577195e+00 3.034523627962926895e+01
1.735133175346462409e+01 -4.267899506415385247e+01
-1.890657543969506449e+01 2.307985337735451026e+01
