-3.705651698316962239e+01 4.042702990192444901e+01
-4.827802074132029730e+01 1.536474855118012961e+00
-2.452777436047514215e+01 1.720753624461937648e+01
-5.193691907057511514e+01 3.134134214007784180e+01
3.858986645944703042e+01 1.145635538882823745e+01
-1.765925026608684689e+01 1.411953551649441696e+00
2.949779349908609660e+01 -3.681180707976096045e+01
1.059354889591892324e+01 6.548601144915449090e+00
-2.528286173657255276e+01 2.665354217648327051e+01
-7.009378939660449781e+00 1.043416758948064960e+00
-3.721381409355650760e+01 2.734448366505951711e+01
2.668466159885957367e+01 -1.158665308461649168e+01
1.254503787029410411e+01 -6.862443642174472558e+00
-2.273680245305080661e+01 4.193271388289581836e+01
-3.131670631645333547e+00 3.210359409644266293e+01
-1.406768726312723672e+01 2.634447106041465503e+01
1.752334050989768954e+01 -1.801521343944611075e+01
-5.177588944440363861e+01 1.681886256285592651e+01
-2.910037411334086599e+01 -2.484042137894044444e+01
-1.210308167065504925e+01 -1.605618650179798124e+01
5.451834340692797554e+01 -3.145376098461889214e+01
5.972527538332898622e+00 -2.184649832563032845e+01
-1.038200833097409159e+01 -3.574648458836808373e+01
2.496234446775157778e+01 -3.956068371760052549e-01
1.255507807709862789e+01 -4.122786083131838097e+01
-2.317830214035128478e+01 -8.090291752142352522e+00
3.487760207831419024e+01 -3.770083672180769341e+00
-3.794278964243358132e+01 9.997495704013600104e+00
3.976973146171151541e+01 -1.519685697680213110e+01
4.748345011591346321e+01 -5.303071534093050765e+00
-4.314244660382046703e+01 -1.599330507769758825e+01
2.717752485239853755e+01 1.654478025209568059e+01
-1.159617915307087088e+01 1.186705406748965430e+01
2.856195497625908786e+01 -2.574799698097941203e+01
-2.790630881138999797e+01 2.910825717323908268e+00
5.475326708758291971e+01 8.369186243242866752e+00
-3.905136998934205650e+01 -6.760008803792191934e+00
5.778739957128198768e+01 -1.906768885384259349e+01
2.744428617829141714e+00 1.267464810196033831e+01
4.258888473063760927e+01 -2.934402216517191420e+01
5.892660623478813697e+00 2.958189499419136936e+01
