2.856891390014461862e+01 -5.487302467953151464e+00
9.650660692948470398e+00 7.237125460857983583e+00
-1.941613012247195569e-01 2.886571540361532229e+01
1.951866567910285966e+01 7.415493324465028735e+00
-8.547705282983335096e+00 2.007254603316401642e+01
7.556595804740282141e+00 2.239521387742267944e+00
-1.410158662443695299e+01 -2.629634451153903996e+01
2.870765284068524892e+01 1.183695773235885795e+01
3.545801823119961682e+01 -1.053673309158878579e+00
1.530295709537468296e+00 -5.766040594111681017e+00
5.534386912454875018e-01 -1.418878011685919027e+01
-2.668238939700986467e+00 -1.821021115936560575e+00
-8.819918059701402413e+00 -3.387238317439277946e+00
-6.908404381367908575e-01 1.789184340511156535e+01
-1.011057420494474179e+01 -2.164542696492119234e+01
-5.477919268208016668e+00 7.519013818521355752e+00
1.188937492722528333e+01 -6.741235595074660303e+00
2.395632547405197954e+01 9.754082488163538400e+00
-1.868635668189546095e+01 -9.332612490684054407e+00
-4.271292658510425611e+00 -2.977238779035065974e+01
-2.196579438791449945e+01 2.353189157817959654e+01
7.452733478315877846e+00 3.268772446868050707e+01
-2.753281029975751082e+00 -3.295468327661431118e+01
1.303483958697502132e+01 7.917945077110981167e+00
-2.740425101788663831e-01 -1.295062542735547773e+00
-9.894619912196372269e+00 4.293126571670031311e+00
-1.523472822201605581e+01 1.570322459536081361e+01
1.089617029838735185e+01 3.385647578168672567e+01
2.081415758865787424e+01 -2.953278213781885597e+00
1.183679963766292609e+01 -2.757977809770136801e+01
-1.527998359821433816e+01 2.468541801867797147e+01
-2.253741407435265387e+01 3.108279119816869329e+00
8.492648655053061546e+00 1.104879798608989994e+01
-1.573047326476705976e+00 1.445498479852100360e+01
-8.265027400749723085e+00 -1.380068990331102086e+01
2.290321289191599519e+01 2.357932377469264651e+01
2.054753774008438505e+00 4.166024743455085222e+00
1.620917126793404961e+01 5.137301253908578502e+00
-1.344598909473808845e+01 1.418653884904592033e+01
-9.202818688048729712e+00 -1.499970365299818553e+01
-2.250842440396591115e+01 -9.307805327521295524e+00
2.184032006885349375e+01 -1.767492841858462782e+01
3.171966173183816196e+01 -1.648692702051777914e+01
2.329960454561183880e+01 1.486870156453483460e+01
-4.678307788574994852e+00 3.206504323250492661e+01
1.046596360983263807e+01 -1.596512192894061988e+00
1.978370147719253902e+00 -9.082741172711664035e+00
1.870421833747327867e+01 1.826199201996026744e+01
-8.185761513117101984e+00 1.819463264815582804e+01
2.275791283855065572e+01 8.534461613911243916e-01
-2.476310837644704321e+01 -1.060305141255787120e+00
2.021327615961708624e+00 -1.911699727426291773e+01
-1.272174594622475396e+01 9.326004983151435113e+00
8.250351269416121625e+00 3.157935608435563779e+01
4.253712976715235072e+00 7.339769416855101092e+00
4.042767401274364403e+00 2.240056778133170923e+01
-1.128559566889572530e+01 -2.209425480191010038e+01
-2.715568783421613830e+01 -6.183467060763738754e-01
2.068618022233655651e+01 2.626635219914357222e+01
-2.488643562907641993e+01 -2.138424891562556951e+01
7.925446755890909190e-01 2.756673949976291738e+01
1.944325047207421520e+01 -2.358426100943363934e+01
6.122433150470311780e+00 -2.388749405314462670e+00
2.343649761676174847e+01 -1.877443234993434018e+01
6.651660275806175804e+00 2.467214356912365147e+01
9.998783950192359882e+00 -3.613674055918944816e+01
-1.736049377811312022e-01 -2.845997440565659620e+00
-1.379274769673606471e+01 -3.074394013819910398e+00
-6.721949390802807400e+00 1.095769125012871648e+01
-3.133980018582306126e+00 -1.961878277158420047e+01
-6.313358416808083184e+00 -1.321888435329775113e+01
-5.619862766909838214e+00 -3.575095786829992850e+00
-6.745981785164811839e+00 7.385390528007585331e+00
-1.729222823262899311e+01 6.106879203208519513e+00
-5.111517791552372181e+00 2.414740383071326946e+01
-1.121919522397177360e+01 2.289461912596946291e+01
-1.771360951907483283e+01 -2.983421011686989388e+01
-2.644603703243470605e+01 2.007738493554933257e+01
1.178132375304913992e+01 -6.065763372677737131e-01
2.174414828407366684e+01 -6.372006582536007713e+00
-1.076825097454894120e+01 1.933359301638144734e+00
2.007928744014744282e+01 -1.765298234243584830e+01
2.206661254558137841e+01 -2.156557475896613063e+00
3.086177957288605711e+01 2.620201993657595096e+00
-1.360080915619313480e+01 -1.333225307520326552e+01
-9.745072068229314155e+00 -2.352458209979516468e+01
-7.578628414015289749e+00 -8.300331048172987281e+00
-1.480178115298226338e+01 -1.036773204083857891e+01
1.907164237315136646e+01 -4.762286112613716704e-01
-3.169896336401250281e+01 -1.964519079171284588e+01
-2.030872438844906114e+01 -1.548111537895069389e+01
1.497639950180734125e+01 2.165742732767872170e+01
8.658896682828920888e+00 -1.779228374324928552e+01
-7.599875763987308908e+00 -4.898658389326681073e-01
1.581112595628700046e-01 -2.537393183605026792e+01
6.502631880564980982e+00 -8.261662633395626898e+00
-2.244268622366007193e+01 -1.590297528092300183e+01
2.702788207357109673e+00 -4.282992612151219625e+00
1.386738567039716052e+01 -1.109142403371505914e+01
1.027109014830688283e+00 -6.152086002849438406e-01
1.650333143421222815e+01 -7.096374679479402481e+00
-5.664936563671425951e+00 3.061558312633663181e+00
-1.076957513970384461e+01 1.502912803362018224e+01
9.768287301209728213e+00 -3.634476218487611821e+00
-1.439998432632450509e+01 2.089949196646498208e+01
2.239558185102740140e+01 -5.938036257399380347e+00
1.092628599856346661e+01 -2.745097289227405479e+00
-1.547909795084929918e+01 3.124806541169111895e+01
1.111215134632003476e+01 1.747434383966567850e+01
1.970634179590887314e+01 -1.208929918926059521e+01
3.130124268647206165e+00 1.383838302163398204e+01
-2.818855057061701075e+01 -5.112084738047737886e+00
-2.122603461552875359e+01 2.856154508760620203e+01
9.852890648765065151e+00 1.919863502875339023e+01
-1.228717873652056269e+01 -4.368062447524149405e+00
1.607690740251653949e+01 7.039477244273605550e+00
-1.362587981272605164e+00 -1.638062624669626288e+01
2.347919951310081288e+01 -1.073845552003484904e+01
5.332739967633496114e+00 -6.733118739608241476e-01
-1.045937815162850093e+01 -9.037852567703394513e+00
2.032366254701500452e+00 3.400752141116926452e+01
2.408754601135013118e+01 1.996288826232090585e+01
-1.892787980793834990e+01 2.921370516562165065e+00
1.788971311800077402e+00 6.743407393594977428e+00
-2.295520764703632821e+01 -1.005290082200382784e+01
-3.101903125050282028e+01 1.494421013992141845e+01
-1.757781001564815782e+01 -3.348829124595475548e+01
1.293518143421652056e+01 3.141631784031463148e+00
3.024260880931934903e+00 -2.078620331086054307e+01
2.843442913713861486e+01 -2.230676261659985116e+01
-7.412796211203843022e+00 -1.893673048246196444e+01
-1.710808046217578138e+01 2.078451965396503809e+01
-4.495344842910545813e-01 2.099005886109734931e+01
2.386988824327707803e+01 -2.775636243419690885e+01
-1.938097962386025230e+01 8.432164887122230112e+00
1.825191592513737504e+01 -2.979194336568808410e+01
7.149885354235917312e+00 5.771349442383921335e+00
7.350551564214314659e+00 7.057759346951780088e+00
1.234030534852263550e+01 -2.266627255043260192e+01
3.548185701446312379e+01 8.215885737217101692e+00
5.472942002949143792e-01 -2.024778132100027861e+01
-1.722493655765924814e+01 -3.390107199259912107e+00
-2.400552372155588365e+00 1.783775485858734910e+01
-3.946963987673176355e+00 7.298616094857623082e+00
-2.323482326274161380e+01 -5.096558808513273142e+00
-4.856752076375058458e+00 2.239167744010796568e+01
-2.711477028234859921e-01 1.443788900690639565e+01
-1.098848268784457005e+01 1.889730939777921748e+01
-1.713684819446614682e+01 1.080942603333221186e+01
-7.305710758012944339e+00 2.252899269526979253e+01
-8.768455769085127471e+00 1.911084477904162426e+01
-2.300904202734593085e+01 2.347836180501647885e+00
2.323242637255759391e+01 7.687265278986653350e+00
6.616297485081272356e+00 -1.489092309969591099e+01
-8.599106458754990356e+00 1.174002956208004100e+01
-1.961481377536927084e+01 8.984663279743758224e+00
2.103200671412947642e+00 -2.754766074737571202e+01
1.691572112318048582e+01 -1.649010310133575530e+01
1.982073556243648582e+01 1.108040974378691423e+01
1.589364857065673853e+01 -5.516875689833345753e+00
2.650470675533293274e+01 -1.451075191321048230e+01
3.053601022280707511e+00 -6.291738787094765861e+00
1.236907139520319809e+01 -1.441704754699697055e+01
-2.442137047948218509e+01 -2.864820629831628196e+01
2.959630868964995543e+01 7.269697833437335083e-03
1.130664082940565329e+01 -1.841166205770605657e+01
4.388239544500097900e+00 2.917590853644957605e+01
2.077780054620393724e+00 1.661318179796073480e+01
5.243752382046545257e+00 -5.772186475449361254e+00
8.749517526110285104e+00 2.899586769562120736e+01
1.179084586950723690e+01 -2.923018547250727295e+01
-1.611690168391179157e+01 -1.330657660536521192e+01
1.595079192822568359e+01 5.055313642262182494e-01
-2.985398583343915835e+00 -1.742189246997964247e+01
1.983151622970979489e+01 2.351174376541403177e+01
-1.261174730641279673e+01 2.329028522957788283e+01
9.385782196329063964e+00 9.575795651081673299e+00
1.838781263578528780e+01 2.835434102549320379e+00
7.724244977364494780e+00 -8.577132665450518445e+00
6.413720384506233607e+00 9.373295011634658280e+00
-1.385910953780586219e+01 -3.635117624460656671e+00
-3.243898130781237121e+00 4.385550736191039078e+00
2.646999800857142482e+00 -2.576856542315362120e+01
-3.230832825645995143e+01 -1.048218367912399174e+01
-9.335129659348355702e+00 -2.151548971697588897e+01
-1.257591061107437680e+00 6.541068843480828399e-01
-1.351826829681153264e+01 1.098369105748407648e+01
-2.778444937785835123e+01 -1.510883902328337847e+01
5.372282947244698903e+00 2.677099166238299688e+01
-7.601898878876989230e+00 1.427949064617346586e+01
-1.332282940663139037e+01 -1.300565442508209379e+01
1.199861217467475427e+01 -3.578392642486267761e+00
2.435087234238678633e+01 -1.952970242653380950e+01
1.710232959371409578e+01 -1.000378350964295215e+01
-1.022528921141569036e+01 2.808295338677768704e+00
1.146798513298318412e+01 -8.270583444572361387e+00
-2.675723117976706789e+01 -9.279300578354250817e+00
-1.608465634652353060e+01 -2.571314253970424701e+01
2.206373841153252080e+00 1.168082591875899112e+01
-2.563048635856687518e+00 2.783465605301731927e+01
2.113678890617523365e+01 3.535426228883680189e+00
-1.803606477525283225e+01 -6.708183359798898238e-01
-3.773454896392730262e+01 -1.245210083042027271e+01
1.902959751111106712e+01 -1.703372016380113863e+01
2.641782663339429504e+01 -1.106929929270753377e+01
-2.094160642881116985e+01 6.460628006682627600e+00
2.871659420225240922e+01 1.501521014080366312e+00
2.526872359864130146e+01 3.386400763076988341e+00
1.766783287383031009e+01 -2.732156016180421698e+00
-1.682529632395437602e+01 2.774155307372704105e+00
1.634406629060163496e+01 1.028889793048413281e+01
8.010418588935849016e+00 -3.627872797014871087e-01
-2.235726239326633902e+01 5.899978831101624799e+00
-2.673679700865775644e+01 9.240328696380601059e+00
-2.050608210933207332e+01 -1.388778660010707533e+01
1.319851420336319769e+01 -4.502705046419350765e+00
-1.396831207623447213e+01 3.542681565217532835e+01
-1.022641197322758266e+01 3.131271126271811767e+01
-1.976041811233928769e+01 1.375327201275283251e+01
2.474179643966403219e+01 1.532550026864547021e+01
-2.723826167992574909e+01 2.200934434786375249e+01
3.058773086471784453e+01 1.728312497534640357e+01
-8.624188737498128532e+00 4.438628044072778778e+00
1.675540502255541142e+01 -9.180488339095120409e+00
2.383389283279158022e+01 -2.770304978633046744e+01
2.253459776473551557e+00 -2.611169454115045241e+01
-4.766128259359706298e+00 -2.857076063239740549e+01
-9.427174131559016956e+00 1.219025295990454438e+01
-3.582473664298831739e+00 1.131646326382240453e+01
-1.594690042767634530e+01 4.762949605541396458e+00
1.951059943591200962e+01 -2.015689043164769956e+01
-2.341103050133624208e+01 3.033711781368874583e+01
1.200384871955365718e+01 1.598874070648173529e+01
1.433941166645043630e+01 1.650864560730011021e+01
-5.978079076999882613e-01 -9.311166959904577212e+00
2.802067617761139928e+01 1.047086753509738166e+01
-3.270029956929843706e+01 9.851516867806573430e+00
9.968382048650012095e+00 -1.274506635898248064e+01
-2.557238903880553949e+01 -1.398406305744223488e+01
9.106912095014651598e+00 -2.697564590419535691e+01
1.652952088731727187e+01 1.440386094269280015e+01
4.999568041832366250e-01 -8.462549003912538836e+00
-2.107459426259650570e+01 1.719557851618862543e+01
-1.190954431330270857e+01 -1.991973403781772589e+01
-1.422974791096302383e+01 1.517200788073218298e+01
-1.724870557642309876e+01 1.607316704036115951e+01
-1.092006172467438319e+01 -9.751677490468246390e+00
3.109493423415597491e+01 1.768404014094280541e+01
2.862535243624212811e+01 2.871163378015869405e+00
9.451401908406436903e+00 1.295358992037607671e+01
-2.456317612151739027e+01 1.373969030867160690e+01
-5.026299782431043361e+00 -8.788118015063208333e+00
-2.589023793694218512e+01 3.243066552600764041e+00
-1.630553897827945420e+01 -5.871223810505628471e+00
-4.951053984401453611e+00 -1.380083833816335570e+01
7.122097017725297352e-01 -1.482006027336395348e+01
-2.494170722606634172e+01 8.416408453922395339e+00
1.572751994727453884e+01 -1.381241115287458676e+01
6.009327317344544284e+00 1.595690307505454086e+01
-7.076244953292756712e+00 1.461875661393494141e+01
-2.065875228971561128e+01 -2.527813377012928076e+00
1.186245914044296512e+01 1.275392369554971950e+01
-1.341437044771427978e+01 9.438088232964032542e+00
1.471408964253827278e+01 -7.523855854449270630e-01
3.528055200244615275e+00 1.048603696389186801e+01
9.981718086334957718e+00 -1.453613461569724485e+01
1.999259961514159656e+01 2.968291279348581213e+01
1.808504254857554727e+01 -2.886953972869987339e+01
-1.006954946938209972e+01 1.450795081480382365e+01
-2.437173564555674687e+00 2.239816428738373233e+01
8.967764624029181064e+00 -2.128007241878380285e+01
-2.058375672376099974e+00 4.233630976419391345e+00
1.884693813679501773e+01 -2.705301643427219904e+00
1.305788002688010430e+01 9.003219404260846659e+00
2.978241132270863734e+00 -1.775060386949198943e+01
-1.356635557967853067e+01 -6.987868430145854681e+00
-2.438616721831698442e+01 7.553514608208255154e+00
1.097982849506642289e+01 -1.219369050795469001e+01
-2.359597675313477083e+01 1.497182819253796593e+00
1.289383067321647047e+01 1.113062810675106995e+01
7.411331818066960508e+00 2.103781807809151161e+01
9.858844101455451536e+00 4.372662069731894974e+00
1.323841482164282324e+00 -2.996129247079245328e+00
6.333837122351202886e+00 -3.023870185583711390e+01
1.763436856402926978e+01 -6.868396626450516962e+00
-1.537428918594862637e+01 -1.627082968183404033e+00
-1.247653500983346042e+01 1.808539051862534386e-01
1.905244021217066486e+00 2.898601659839261657e+00
-1.031131814713419104e+01 -1.636386550593276468e+01
-1.303172622325758745e+01 2.708826037243510143e+01
1.290612454250252839e+00 1.772514985005830823e+01
6.606127942725781743e+00 -6.359428923871806028e+00
-3.821844303827947709e+00 -3.080732374089355119e+01
3.047158588110373767e+00 -1.035907039921751149e+01
-3.121204538889844216e+01 -2.029588140244700867e+01
9.042598020283191929e+00 -6.470989608036314067e+00
2.056180210889387183e+01 1.217687860324525140e+01
1.949002985116406128e+00 2.315388445143712914e+01
-1.042250650864228234e+01 -6.805183821569852576e+00
-1.769370912996063083e+00 9.596462684217772932e+00
-1.856537401318911407e+01 -1.675921690512984341e+01
2.222698347418578280e+01 -1.214096425175164207e+01
-1.001199557686614305e+01 -2.533276670664479724e+01
-1.742746882721651147e+01 -3.436561886507288222e+01
-7.671710235214865392e+00 2.072841954351639515e+01
1.264726728217475404e+01 6.347091283119774552e+00
-2.423818588809427688e+00 -1.314388332010710059e+01
2.366484916275763339e+01 -1.154337330021668606e+01
-3.916465692980166668e+00 4.765785617940792029e+00
-1.923848201839692251e+01 -5.816359451134330172e+00
-1.592674768126245688e+01 9.696233932687768231e+00
4.170088764545979210e+00 1.879068370029825985e+01
-8.784389586085366020e+00 2.720920581681682648e+01
-7.990047567867993195e+00 7.582453455549345023e+00
1.179436001237803211e+01 4.132022119795967896e+00
1.341663220396202560e-01 -5.290044925776643758e+00
-1.588624554910947850e+01 3.357475748571028706e+00
-9.200864214300386479e+00 -3.448017921334766811e+01
-7.164012617892145052e+00 -2.237559721537729018e+01
-1.680167174589389356e+00 -6.655825165117613684e-01
3.579953983213817992e+01 8.572202490477987880e+00
2.885697809929109070e+01 -2.253104912761261858e+01
1.044345231101882732e+01 2.508168072267381810e+00
-3.630866177706667752e+00 1.438514188037366814e+01
-5.510221903830231582e+00 -1.127631824897279067e+01
7.798344283293684676e+00 8.326323748341753372e+00
1.286912109407373528e+01 3.071885645106123164e+01
-2.178282527982412375e+01 1.272077497012661151e+00
-4.437145288885946393e+00 -1.119572085433059527e+01
-2.109720551035193026e+01 -2.323322424288516430e+01
-1.520276830007713187e+01 2.628077369311736522e+00
-1.441069847385186975e+01 -1.688701496779329503e+01
-7.818425826480383201e+00 3.686751212832996316e+01
7.544007578191610719e+00 3.018770223979667122e+01
-9.808095876211767816e+00 -2.879298234103299947e+01
8.005523796631781153e+00 1.561011389040206332e+01
-1.951485133109669867e+00 -1.160078327650176888e+01
7.545264347949343531e+00 2.194972035888098461e+01
2.123320253973069782e+01 8.889468591281113774e+00
1.347764888055368537e+01 3.029791100955367966e+00
-3.376590261575228347e+00 -4.587404347496825352e+00
-4.850921597221842241e+00 -2.584062776245479753e+01
-1.490441667170890661e+01 -4.794211845362277735e+00
1.423085508337278249e+01 -3.231597626719734939e-01
2.712245818665621755e+01 2.928421008878185905e+00
-1.556328541382081543e+00 2.362648916050656922e+01
2.453184487807913428e+01 -8.581323394358115753e-01
-2.698455703142319972e+00 -7.469146377359944466e+00
-2.650238104267340855e+00 1.042793000617786880e+01
3.243038851071081297e+01 -5.674303006594517917e+00
-1.987013932846549835e+01 1.754654905456582270e+01
1.446066532133266058e+01 1.691798032814570263e+01
7.826266033841512204e+00 2.349728616091455535e+01
9.999057839891174027e+00 -3.608727644101826115e+01
1.900767782863193389e+01 1.218381704560747103e+01
8.700366903984377842e-01 1.208006646334674805e+01
-2.633780141060252689e+01 1.816565911211804618e+01
3.789411205813574490e+00 4.272839815766631411e+00
-3.112781792430824979e+00 -1.822375245549842049e+01
1.573787938023997413e+00 8.850123597576621037e+00
9.450725200114714397e+00 1.872288948385025131e+00
5.379250604027689064e+00 -1.886710865959679850e+01
1.117709198444768681e+01 2.187351469172531893e+01
2.271540390646101670e+01 8.781495296908074621e+00
-7.639436691352075925e+00 -5.915921902039343649e+00
4.173867416098155481e+00 -1.714628730689824243e+00
-1.484677003213062640e+01 -2.598619393247133047e+01
1.282649617393270169e+01 -2.650583913288571836e+01
-1.444078250773914540e+01 -8.662740556868843811e+00
6.431240235585997667e+00 -2.360263475289830026e+01
-1.098653966624980072e+01 -1.987848831530668603e+00
-3.293210237112803895e+01 -8.302950654092981608e+00
-2.357781069249557149e+01 -2.824612942076628741e+01
1.981328475512416309e+00 5.794264786808066559e-01
8.049831585824116509e-01 -1.128676370926672767e+01
2.517436729158137432e+00 -3.341733840112742371e+01
-3.692922192443718110e+00 -1.387891930932463047e-01
-1.651016885879192841e+01 -2.078111824095194393e+01
-8.431586397350173456e+00 -1.869149875717744180e+01
-2.379473564748029091e+01 3.062965436655103346e+01
-1.746244221097802551e+01 -2.553479587320585154e+01
-7.158881486901746527e+00 -7.042767046277095488e+00
5.193884948670472568e+00 -8.492081129703873188e+00
1.498211106902444989e+01 -2.069110420009487328e+01
1.064179049252577869e+01 2.265190869374592353e+01
-9.685711451887552670e+00 -8.421696532533758273e+00
2.926803220780302439e+01 4.724753827481524837e+00
-3.353621844390946904e+00 -8.177526306387822075e+00
-1.045478695169343553e+01 7.188917506379934430e+00
3.343203635807381779e+00 -1.689220579445768777e+01
-1.418990043815532687e+01 7.706600261497011495e+00
2.050533055369018243e+01 2.393316216889274273e+01
-8.125470195996200573e+00 3.743222751838256035e-01
-2.330234766352326758e+01 9.267653356120202801e+00
-4.225085652633593369e+00 -2.542380365352538973e+01
3.351985790158411049e+01 -1.067630809270858805e+01
-1.338144021858632193e+01 4.732879593602925539e+00
-1.051468557488833167e+00 7.959825859348711674e+00
6.167700895780422243e+00 1.822352167028404635e+00
1.273637374213248386e+01 2.539259967308558430e+01
2.745775294983393877e+01 -1.508127295218381114e+01
-3.046456414150983605e+01 -2.129663977638805150e+01
-1.157048963840580136e+01 -1.836668565977706535e+01
1.010839879245844486e+01 3.269706119147823387e+01
-1.055618436431620744e+01 2.414795333704539004e+01
1.498620123314121244e+01 -1.461553695596717262e+01
-1.972531693634903149e+01 -1.600908877124734531e+01
-3.195470904440682247e+01 5.184510271080863930e+00
-5.466892132799549664e+00 1.799933260792045431e+01
-2.679351641269309425e+01 -1.452923140185392548e+01
1.539628264448913697e+01 -2.115745756140569256e+01
-3.006655388405105267e+00 2.440218787712147286e+00
9.052927191905531856e+00 2.520162067591686395e+01
-2.526715536199031931e+01 -9.664390956453409842e+00
-3.199471800004110733e+01 4.044507640375708313e+00
-2.073413742598480169e+01 -1.832414503607090239e+01
-1.251352773383751327e+01 1.798127625236531202e+01
-2.218751187536727176e+00 3.645814497108701602e+01
-8.915384078869667661e+00 -1.260151088328231594e+01
1.410480507040702669e+01 2.598116141455523120e+01
2.334185235223143096e+01 -2.340099168109208150e-01
-5.014185780404325499e+00 2.717616440091777008e+01
4.405147365688222294e+00 4.582457706923507956e+00
5.824781646846724392e+00 1.267422145795726252e+01
-1.645609389909757425e+01 1.375336112174822034e+01
-7.850052018703435941e+00 -1.002058975536855101e+01
-1.918015331493773346e+01 -1.055223171142624672e+01
5.214456303415236249e+00 -6.472778645181928581e-02
1.564674088932071250e+01 1.464951759736559467e+01
-8.874563892376027496e+00 8.794751553217000861e+00
-6.526396262935000969e+00 -1.614872124317876612e+01
2.877323998328359878e+01 -9.565798490921473274e+00
1.912282004510768019e+01 2.944324809241302354e+00
2.340151758490932465e+01 -9.305731287098325311e+00
-1.044861492630649558e+01 -3.253299857467650469e+01
2.695338327009317680e+01 -5.354053627752792366e+00
-3.270008715042783365e+01 6.902873103542762623e-01
-1.125129398861340668e+01 -1.598941374084246370e+01
2.658768872799186767e+01 -2.126034450984628066e+01
-1.751761898259541184e+01 2.145657994788191303e+01
-3.202411619545961941e+01 6.408553213559716966e+00
6.820495020542154840e+00 1.989708981655984488e+01
-5.381801994583537585e+00 5.489073416099007202e-02
-4.251436164452684352e-01 4.384084269284907798e+00
9.133214103910590964e+00 -1.070327428140813453e+01
-1.534436601478672202e+01 1.718370571844364036e+01
1.278042440651682377e+01 -8.052466312014248118e+00
1.899413736304124001e+01 1.866115585532061516e+01
6.213204478484014359e+00 -1.048226176414361355e+01
2.212391182706204606e+00 7.779789423816576566e+00
1.408867726385782504e+01 -1.667690737992284511e+01
-3.336256696869455141e+01 -7.530024721731755299e+00
-1.605865344914939641e+01 -2.070855161074749873e+01
8.177852429091950981e+00 -1.294202739579660744e+01
1.018281732971106557e+01 1.322497437640279294e+01
4.537190766053939228e+00 -1.361703447610160111e+01
6.669624183526998706e+00 1.580076931894272896e+01
-4.286111254655236458e+00 -3.958889054108482686e+00
1.515693639408611126e+01 -2.125503456537131797e+00
