-3.212939899923689069e+01 1.596266008319017438e+01
1.273606714176825783e+01 -4.087428741824724909e+01
1.142298033677466762e+01 -3.524498774614196606e+01
2.457864390890202344e+01 -3.473030517717091925e+01
-3.240632678904650277e+01 1.746239634284937026e+01
4.041798834546008123e+01 9.637182896141821331e+00
2.028096043674840132e+01 -1.642102035440892749e+01
-2.732325039915182785e+01 7.999866356521839528e+00
-2.421884571598971547e+01 4.682365395175794198e+00
2.217463971723847749e+01 -2.475859552797253116e+01
-5.258449316500087889e+01 9.462538112817250990e+00
3.857253832626992818e+01 1.173096633790596321e+01
-3.362688896987985032e+01 1.802744751327250583e+01
4.135026467747686496e+01 -1.379900068176940131e+01
-5.806136147446734697e+01 1.360721602287426357e+01
-3.646258670449667250e+01 1.498124017530806817e+00
1.141623728080727318e+01 -4.444197379566004713e+01
1.012633258566062722e+01 -3.093830921883320073e+01
-3.130453966869096405e+01 8.117982888713960676e+00
3.812433576683506686e+01 -4.587901287657998317e+00
3.430813330085850055e+01 -1.088854098412701088e+00
-2.901263442877708698e+01 8.400995921648565457e+00
-5.023769461864376495e+01 8.902408760087743289e+00
-3.029631632498764304e+01 4.123945312704124788e+00
3.970596970243058621e+01 -1.323185669030063849e+00
2.095690314372291851e+01 -3.103065043136320966e+01
1.363661936301757471e+01 -3.757589238537767073e+01
3.125726692945123375e+01 2.020707895473301985e+00
-5.843265726616003519e+01 1.559320510613606992e+01
2.023270546384525304e+01 -2.464414757561778657e+01
4.997633479279690505e+01 7.878873838194928148e+00
-3.248019833758392139e+01 2.230531075112542894e+01
-5.374809289603206963e+01 1.831370204815042868e+01
3.311370679431902886e+01 -2.649179247292824613e+01
2.108050828237859520e+01 -2.211471389305322788e+01
1.425788119350470851e+01 -4.613983500305284480e+01
2.902564541134337261e+01 -2.541508035293287548e+01
-4.086569856285668578e+01 3.111609267404066514e+01
-3.036070729347089170e+01 4.754902306385336175e+00
3.719993378562833186e+01 -2.766068199398604932e+00
1.581678522740429038e+01 -3.844541558730169584e+01
-3.364978393167899640e+01 3.662802887397237583e+00
1.163133615174447044e+01 -4.026727742945275423e+01
3.914367357331213526e+01 9.185611408833576519e+00
3.500904618249636968e+01 1.165488370960009412e+01
2.431912693383402413e+01 -9.694945873513827195e+00
-4.046861475780959694e+01 6.635513979987037736e-01
2.348640817486831267e+01 -1.968007671421791827e+01
1.809804950223531961e+01 -1.672273171950753934e+01
-5.397157754305779775e+01 1.261345975923806684e+01
3.373989573245695794e+01 -2.102666083059086333e+01
-2.780909415911485993e+01 -3.606707261874312120e+00
-3.416647434871870814e+01 -3.576488150072488992e+00
-5.978486201038887771e+01 1.296963762206791060e+01
1.275413183188051569e+01 -4.274144355182327359e+01
-5.425846947641058193e+01 1.408977377045810009e+01
2.606358231719072194e+01 -6.169856925643288470e+00
-4.336093748493084377e+01 3.307861835434372466e+01
3.826626297192314041e+01 -1.440006426730477429e+01
3.015368440133073236e+01 -2.257224153710969716e+01
2.804381421438045052e+01 -1.974003851128588494e+01
3.293475000677081965e+01 -1.884650484417047878e+01
-4.270536032953115324e+01 1.245580138097026079e+01
-4.684773208473509243e+01 4.578758651727883766e+00
-3.031682942478593290e+01 1.381397877904923455e+01
2.781080754771770103e+01 4.676138795966674699e+00
1.605913135136909631e+01 -2.641954045979543153e+01
3.427339198737409021e+01 8.769465696619555217e+00
-3.321787376738956965e+01 1.862631703856477472e+00
-3.562755106342255829e+01 3.483016626706637364e+00
4.054787221538237674e+01 9.383172325246927903e-01
3.540829461722797333e+01 1.015026351369848756e+00
3.443673471502443562e+01 1.535213548813374373e+01
3.506954519542352244e+01 -8.807875414700873373e-02
1.559841242556867869e+01 -3.727553884056936084e+01
-3.446269307913569691e+01 1.579193176100721985e+01
1.343180037698488505e+01 -2.965677371752508051e+01
2.434746971948361960e+01 -3.240510541732452054e+01
9.752379755595319111e+00 -4.224971865515219349e+01
4.719199267950749999e+01 9.161827036106785727e+00
1.370389982835325959e+01 -3.204204460774175800e+01
-3.404699354096355535e+01 2.250990709410605817e+01
1.404693228857604836e+01 -4.142860247456197698e+01
2.819664912966690551e+01 -2.166861666295051236e+01
3.232479946474182952e+01 -2.364498166364619625e+00
-3.819526184703469340e+01 2.237004740193017582e+01
-5.105272457471265568e+01 1.543934959491730652e+01
-4.794581976353985908e+01 1.514908346162547126e+01
-5.194095905886810982e+01 1.030330245312766557e+01
4.796681913301630829e+01 9.658269469254591399e+00
4.712233000834731911e+01 8.242560037298026998e+00
2.896987579650182099e+01 -2.132090943629101787e+01
-3.120693063870927020e+01 3.441743437495991653e+00
-3.416658834303584058e+01 2.871194437755044859e+01
1.783483201631961990e+01 -2.718492920873980268e+01
-4.895377690829671735e+01 8.789080963480982334e+00
-4.166432541546426904e+01 2.129231839437640872e+01
-5.645833645763351427e+01 1.037770415846460459e+01
3.072267101377723719e+01 -1.068396858946908878e+01
8.797160162251687510e+00 -4.228349533797778292e+01
-3.044054360667876935e+01 2.039249315775207805e+01
4.486513496233622789e+01 1.054621558770653600e+01
-4.023535171823407097e+01 3.141903157241290145e+01
4.349048417775529884e+01 2.150772752355569040e+01
2.864775272715258581e+01 3.863957899742536672e-01
4.572263159745074290e+01 1.253142673913538552e+01
3.752539676835523608e+01 1.688383992682690860e+01
3.711407338159028768e+01 -1.279415331977571668e+01
-2.417662164098506139e+01 2.496199750802670891e+01
-4.601463810226540119e+01 1.128593301030457319e+01
-5.313099515039045428e+01 1.366868249193729135e+01
-1.775863651831647516e+01 1.653667693129533589e+01
4.399460427114829741e+01 2.126537710901378730e+01
4.069888350187802217e+01 1.966997154588511521e+01
3.644921377245778871e+01 -1.195054235796455266e+01
-2.791249127129679053e+01 6.918009674725101199e+00
1.979494330709647798e+01 -1.729486469581657815e+01
4.402759485604200762e+01 7.312445453240101756e+00
2.476127114652643613e+01 -2.650552841165202977e+01
1.808234264957026483e+01 -2.837479327506778404e+01
3.855219423675638524e+01 6.219123684438660149e+00
-2.423553944355378320e+01 2.421147057071116748e+01
-3.777510254960876068e+01 4.423344522387129968e-02
4.612093468662427398e+01 1.458417605304268072e+01
-5.407562256487415908e+01 8.762298415065670198e+00
-2.319092359130170777e+01 1.304872500111158651e+01
2.796116554247269548e+01 -1.561848166437881069e+01
2.208234759618779108e+01 -3.469991501420116720e+01
-2.263293981864331528e+01 2.081528265422100077e+01
3.949205505447921638e+01 1.126777488945598904e+01
1.944570420032273006e+01 -3.856008466287977399e+01
-3.043986318121941181e+01 1.627190536121519671e+01
3.560368905282169294e+01 -1.652485147102734686e+01
-2.706469264114429762e+01 5.344090417162918882e+00
-3.428448495449887901e+01 7.358353483296381725e+00
-2.784091907659955112e+01 1.271544862996773162e+00
-3.917578550779735025e+01 -1.300587401942939536e+00
-2.877024013693532467e+01 1.582159108170525741e+01
3.793768257013677214e+01 4.639850391782053052e+00
1.842235300866792969e+01 -2.417703496708145394e+01
-2.978399489536408495e+01 1.495779776101825753e+01
3.907478148261299111e+01 4.173555357983272707e+00
3.367767235529598224e+01 6.600735829145033762e+00
-4.394715329150646710e+01 4.110256781723642838e+00
-3.277276638510947748e+01 2.084326212582637794e+01
1.869010081352540098e+01 -2.309482953054047982e+01
3.642611833721279879e+01 9.871004322709769241e+00
-2.044156108130456317e+01 1.325423406491443679e+01
-3.215452709648626239e+01 2.704235458598765618e+01
1.375701182081601637e+01 -3.851266893240541833e+01
-2.993892283379783237e+01 2.334071506884838243e+01
-2.156344176534759782e+01 2.222367508929127666e+01
4.400183346973363285e+01 1.236870303512163005e+01
2.917717959417006313e+01 3.041260487464068074e+00
-2.803584040956287637e+01 2.782207971003799685e+00
4.215475775807095715e+01 1.150083708695706797e+01
1.778255112549068073e+01 -3.633339881848702646e+01
-2.940589527037006690e+01 2.322837511862370619e+01
3.535578356149486012e+01 1.119375051822660438e+01
-3.119120713410086765e+01 1.925723070351450517e+01
-4.353400409952911332e+01 1.620613743229397841e+01
2.950359321990747219e+01 4.887315079942059270e+00
3.925887636798230318e+01 2.026734402518661327e+01
-2.053992240319772478e+01 1.800407940859163602e+01
3.208345423437913269e+01 6.467615992390875590e+00
2.437243425854690315e+01 -2.294324120584016669e+01
-2.263949850363552585e+01 1.541834794660393193e+01
-2.559387466114310072e+01 1.960118823240614461e+01
-2.838705119614097683e+01 1.347467414266518126e+01
-2.334810643534874686e+01 1.240138263408809927e+01
1.560324029587183503e+01 -4.318210963151677362e+01
4.230627866104641299e+01 9.904961807237123494e+00
-5.474842829735226246e+01 9.612754249867935030e+00
-1.952971265992041339e+01 1.998388754353560159e+01
4.316524686654329912e+01 9.889824482084232926e+00
-1.931472352633966594e+01 1.894926888840024048e+01
4.425288149501059110e+01 1.320926368721777067e+01
3.479277948200544301e+01 1.379776814210543989e+01
2.944957207959564016e+01 -2.674984634375100967e+01
-2.687477216288790771e+01 1.523342370768045484e+01
4.614226026408343984e+01 4.810600253741005972e+00
-1.910137980110505751e+01 1.546633949654047235e+01
-2.306316533800955781e+01 1.835138288673629958e+01
4.050300862504525412e+01 1.483659272038756960e+01
-3.230627882624693825e+01 -1.577589119808131199e-02
-2.163663187088375039e+01 1.246901641033118757e+01
3.520947811602048461e+01 1.579491433797886124e+01
4.110297169254291560e+01 1.261947040182890944e+01
-2.071920315307420424e+01 2.292962647899274486e+01
1.679699944477597029e+01 -4.056842873143151706e+01
-2.093777215812777825e+01 1.557190004027880548e+01
2.758223358509673417e+01 -3.243866159817412864e+01
-5.414277494991628714e+01 7.883812590677012011e+00
4.628706497104456474e+01 1.098770954387988219e+01
-1.966748397541598692e+01 1.760071152783071113e+01
-3.152059347703732683e+01 7.397025119479522237e-02
1.635911563874667252e+01 -3.180024268313367131e+01
4.232814976070761759e+01 1.578425059232918315e+01
3.357671330898543971e+01 -1.681418791027543236e+01
-1.879933353439949428e+01 2.490551296816638427e+01
4.490407098613288639e+01 8.484789310433969334e+00
-3.924407993455564281e+01 2.878463700264819014e+00
-5.698978510289344257e+01 1.323337030107796153e+01
-1.910329937481635554e+01 2.472552943440739170e+01
2.953787655215328556e+01 1.174130241859636747e+01
-4.746037127691498370e+01 9.244527775126666569e+00
2.871754685573299426e+01 -1.292796180987140175e+01
-4.212235536561475868e+01 -4.838721562349780903e-01
4.266930741043159259e+01 1.259418934047726246e+01
2.134705067873479578e+01 -3.235735181620585621e+01
2.346300557409211507e+01 -2.101486821892691381e+01
3.925510751278183363e+01 -1.515480938246693299e+01
4.182713859498421272e+01 1.810909940342145319e+01
-3.811155831728527232e+01 1.872154335575499040e+00
-4.682731113326462946e+01 1.739783888955269120e+01
3.155312959467090295e+01 -7.568374309667394328e+00
3.940570391102197334e+01 -8.697628661145060391e+00
2.795269306728646086e+01 -2.976365234928819703e+01
4.900373506788893252e+01 1.227296077254361251e+01
-3.541872642537300209e+01 2.591320656531608790e+01
-3.044130927457556268e+01 2.445379401259498664e+01
4.404043154370650370e+01 1.482860513064585817e+01
3.945877702940642706e+01 -1.694049559868562582e+01
-4.165648349772399683e+01 6.135875277110882653e-01
-2.418067552640499684e+01 1.106904845787889080e+01
4.211725268936839939e+01 -6.421960773071845097e+00
-4.335519287099558738e+01 2.836843113246045434e+00
3.890364376018614223e+01 1.082503537881160760e+01
-2.861678143880985914e+01 -1.731659498252145823e+00
2.260863172229910845e+01 -1.075026895009038519e+01
-2.495518376830780127e+01 1.693781969459880088e+01
2.241042868005446564e+01 -3.909817914928733273e+01
-2.417122226679795816e+01 6.384967399253056897e+00
3.507878623200404178e+01 -3.358581087195384285e+00
2.716350489919810940e+01 -1.692502832037987304e+01
3.525969040403577281e+01 3.818472060306373539e+00
2.422213204054705216e+01 -2.127604722368585044e+01
1.469548096671587345e+01 -3.000415720965158073e+01
1.972719041832231923e+01 -2.559742858882442462e+01
2.324325220803966019e+01 -8.570992683965076964e+00
2.503210864745168251e+01 -2.717810397278653767e+01
2.230348152496517855e+01 -3.281815340643319701e+00
-2.679104549032996019e+01 1.207381513364746972e+00
2.764597776976020782e+01 -4.127468251244432729e+00
2.295188200752822638e+01 -3.453606988418426837e+00
2.298213827062124182e+01 -4.562828740212949263e+00
-5.093506740675625366e+01 2.404828269937328855e+01
3.826516001289927971e+01 -7.195676784071300958e+00
2.946448898974279373e+01 4.239478661191403153e-01
-2.514284105673835512e+01 2.872793842771693917e+01
-2.557438507791544779e+01 8.586044503264826488e+00
1.285364145491226395e+01 -3.330302944912866536e+01
-2.593816425536728687e+01 1.545958766967166476e+01
-3.365195365746871659e+01 3.231198156316180103e+01
2.911641239269567194e+01 -2.388111828976215101e+00
-3.795349690471431359e+01 2.170124576120465676e+01
-4.683047340098065803e+01 2.013310443285769580e+01
2.545707860921875820e+01 -1.213478571516553695e+00
-3.664230528359109229e+01 2.252672255859551953e+01
-3.876196425848107197e+01 1.108288402116531657e+01
2.850037918415803873e+01 -6.056599825896080702e+00
-2.525787177784250304e+01 5.418819679282493418e+00
-5.084355701080010448e+01 2.045057506942757186e+01
-2.550369602316965256e+01 4.863166505727479105e+00
2.262016022305444451e+01 -2.777929022892453759e+01
-2.399596397324303254e+01 2.303040429529808364e+01
4.816679941797005426e+01 1.659044928955373166e+01
-1.793706965467947256e+01 1.729965489252190736e+01
3.795058754687039482e+01 6.457762853105350587e+00
-2.339036231628143625e+01 2.191846669249532908e+01
3.922756173477620223e+01 -6.187582301193971013e+00
2.647192333811053544e+01 -2.774812106804992595e+01
1.438794222873564621e+01 -4.003686257716195485e+01
-3.844601434231705639e+01 -9.602685068226941567e-01
3.707210327524369120e+01 -1.870659948102377612e+01
3.010934289289789589e+01 1.101419145409511557e+01
-2.779810441363087037e+01 2.011001621079898172e+01
-2.577416744040412411e+01 2.171998352438028235e+01
5.059421924017637906e+01 1.240953829254594609e+01
-2.399586928020004351e+01 2.677672935922147701e+01
-2.724269669788777648e+01 1.780466328703878176e+01
3.256819979038109381e+01 -1.009658734835228699e+01
4.035893247545804030e+01 5.980541451257892938e+00
-2.517255471283768031e+01 2.847659168004037156e+01
2.234561785820765678e+01 -7.079513405134200354e+00
-2.516435753195506919e+01 1.893990208314464496e+01
4.019640487748856117e+01 -5.814206437040407849e-01
4.288266712866560226e+01 1.392626234726911427e+01
1.599995009968733051e+01 -2.365413760645523311e+01
-4.758014296051847936e+01 1.752793702502485829e+01
-4.920012687661876072e+01 8.496872272646298185e+00
3.895833979681744808e+01 1.491682361590443939e+01
1.214059976172658040e+01 -3.762617677803910254e+01
1.445242657435728617e+01 -3.437316515745661860e+01
-3.630924348507712551e+01 2.415978032964953393e+00
4.138073809703745809e+01 7.593944603743565835e+00
-5.461461660992546996e+01 1.853482837814691919e+01
-5.645269462822989226e+01 1.206893145793431188e+01
4.172769765951559862e+01 3.977011119913530290e+00
-3.495125717288732403e+01 2.557640903856177039e-01
3.944018174025340784e+01 1.729420747191925756e+01
-3.305885725421683929e+01 1.318185452590948437e+01
-3.466076273845920497e+01 7.034067067323603872e+00
2.906303717053168256e+01 -1.080159034642439231e+01
-3.372802653965151620e+01 2.486899781513579200e+01
-4.576026142703262423e+01 8.462440536360091414e+00
3.788051353434860147e+01 -2.513761248202003973e+00
2.432666169824765134e+01 -2.878467289862588530e+01
-5.024520596336243727e+01 2.310010889248221488e+01
3.602578943437980996e+01 -1.469076169733738269e+01
1.941677084194412473e+01 -3.125386488192407697e+01
3.248151928846582592e+01 -1.684652461093380893e+01
-4.307048037441090571e+01 2.137673814729468447e+01
3.439368901607289786e+01 -1.068469666138493501e+01
1.472818960593563276e+01 -4.493029181030625097e+01
-3.138405657647529878e+01 3.057519793562390120e+01
3.720382311995258817e+01 -6.526225967986105658e+00
3.554118606461494068e+01 -6.006040258729559156e+00
-4.075790703143275806e+01 7.747739031520868735e+00
1.252733784115200599e+01 -4.011543082392541493e+01
3.195510195046361446e+01 -1.381919652559648171e+01
3.650613678371723125e+01 -1.807085385128585386e+01
1.742820347599351649e+01 -2.824150060781561677e+01
-3.987234773556524203e+01 1.609256109939645896e+01
4.030450587009116958e+01 -3.770183445264893241e+00
-3.787891523917636505e+01 1.179885688736719196e+01
1.881893604573810208e+01 -3.875903000312082014e+01
1.567190850947127068e+01 -3.247818459919723466e+01
3.506114046512769278e+01 -1.577588518947100127e+01
-5.046099714162378547e+01 2.021803968949503272e+01
-5.169564758423453554e+01 1.637841945700303015e+01
-4.971326345795061741e+01 1.623665885143087806e+01
-4.469075063283630556e+01 1.366123772383468049e+00
-4.609333718776838396e+01 1.745370585929687479e+01
-4.441640955468693619e+01 1.822955800136583093e+01
1.049814307163562255e+01 -3.746518737052149106e+01
3.459878462073095307e+01 -1.268943218925376470e+01
-3.250345905166873450e+01 -2.944357554754188921e+00
-4.150704303236006609e+01 3.150434442202265473e+01
-5.542065125182993057e+01 1.796127309238717018e+01
3.207089827939691418e+01 -1.170200881130348058e+01
4.561448345596457443e+01 5.491789674973856172e+00
1.521693587554486271e+01 -2.857507750364440469e+01
-3.515938037586895604e+01 2.722076504627547777e+01
2.424165715636425134e+01 -3.331126948674650379e+01
-4.076816595206383909e+01 2.402036520807252273e+01
3.996396528557237104e+01 -1.148964983296412967e+01
-3.688243079879971731e+01 1.300747008383726566e+01
1.638586722569933940e+01 -3.775265513856001576e+01
2.287286399803891612e+01 -9.981340260206511772e+00
-4.696151165331860966e+01 1.459482287891027497e+01
2.466414749621597480e+01 -2.679646083367631437e+00
4.002537918508851078e+01 1.393474152516218645e+01
-4.922108072282877345e+01 2.103807600373780318e+01
-5.868982709526637365e+01 1.668249223522738944e+01
-3.207422639732185132e+01 4.668391457797892663e+00
-3.578428907954867810e+01 1.352763298506447143e+01
-2.743227421203355121e+01 -2.251817557606232256e+00
-3.456788762253518144e+01 1.239363188912702185e+01
3.066078933108666860e+01 -4.326249091869381336e-01
3.491365110662538029e+01 5.067800530827303973e+00
-4.424832254507995088e+01 3.374302532385222264e+01
-4.991454825251690153e+01 1.224897573752877733e+01
-3.353897947010802483e+01 1.208072810142814291e+01
-3.850217708869293887e+01 1.836635205742172872e+01
2.795304850119155660e+01 -2.329167554588330091e+01
2.385195122903343545e+01 -3.108771589468982555e+01
2.167601171685772954e+01 -2.148387879547252410e+01
-2.586093593821247438e+01 2.517782697512874890e+01
-3.722573081878174150e+01 2.121251293982447095e+01
-3.567677033149104204e+01 9.928385105190708160e+00
3.030920200723408087e+01 -1.444135345429819672e+01
2.554687515912323903e+01 -5.376455051971458232e+00
-4.191626482722131186e+01 2.350322027896841348e+01
-4.042034966765019277e+01 2.127353798412265462e+01
1.278774305670764022e+01 -3.560868655693998619e+01
2.848561815476925219e+01 -2.633518331426341419e+01
2.885269095869079692e+01 -3.106872326170897036e+00
1.408494055138343448e+01 -4.397024986251791745e+01
3.329771753243942101e+01 4.852723281651597276e+00
3.751436243948607085e+01 -4.113836003886865100e+00
-4.319761613684049451e+01 2.242653342931388494e+01
-4.413678324188570201e+01 5.431293833398786575e+00
-2.686661511496334143e+01 -1.326410574970357414e+00
-3.963114080629939195e+01 2.335775994031396507e+01
-3.233842762279017080e+01 8.427672316453866941e+00
-3.219058660890977563e+01 1.367336389445243405e+01
3.298057964121588270e+01 -1.337842190490299465e+01
-4.144305750381136022e+01 1.604945706283801243e+01
3.272683441664528914e+01 -1.231484684656607165e+01
2.611666472771978675e+01 -3.082431813521462161e+01
-4.366041916350413743e+01 1.362197553671023975e+01
-3.714887140446263203e+01 7.030988163658400403e+00
3.516624421774136522e+01 -1.842182980841118223e+01
3.672540477226398536e+01 -9.392874615053827370e+00
-4.240945992493787742e+01 1.459835244025556866e+00
-3.528284297299693151e+01 1.807280420791548892e+01
3.552536514435885806e+01 -1.030819169375697975e+01
2.867935540787357951e+01 4.098583362564664156e+00
1.939454308904852198e+01 -2.908660402873890760e+01
2.605175207732614240e+01 -2.051112279172228625e+01
-3.020432005369055162e+01 9.854316968727150794e+00
-4.991396160782712599e+01 1.392192037422560524e+01
2.517246764837521766e+01 -1.758833621389071311e+01
3.181997900045374195e+01 -2.090247582443240049e+01
-2.944337991083446582e+01 1.905371343622622504e+01
3.469051030397517366e+01 -6.665146334706583353e+00
2.204921613120837165e+01 -3.003996503966892462e+01
-4.145276560423229029e+01 1.136148185181370351e+01
-2.641923500241846057e+01 -2.383544555536378784e-01
-5.294770781069455268e+01 1.485472966313344934e+01
2.233551119151879760e+01 -2.672230396478860825e+01
1.772524849150781989e+01 -3.458808957922394711e+01
-3.337105164784005495e+01 -3.126590116900468619e+00
2.302965771461023792e+01 -3.224060727968485907e+01
2.672917110010286734e+01 -1.814649768194632884e+01
-3.776381831144905021e+01 7.056461022985264009e+00
-5.186501205526011660e+01 1.398575158867857127e+01
2.418834612160553732e+01 -2.455165256383662964e+01
-5.279630110352187700e+01 1.221719276035567603e+01
1.415188395951072664e+01 -3.356372250883181607e+01
-3.828828650270457956e+01 1.375418203660738392e+01
-5.029966550744440923e+01 1.458020794139547682e+01
3.025204400701001006e+01 -1.261631572600663098e+01
1.778795666050087121e+01 -4.142231025589929061e+01
1.950230861994618792e+01 -2.738836432799468668e+01
1.510949257837763149e+01 -4.140675292158098131e+01
-5.053688399753666971e+01 2.266989795612422753e+01
2.531048339290958893e+01 -3.035118924606011248e+01
-3.654982082888730588e+01 9.014956921380353094e+00
3.728535881440483024e+01 8.100907451398587256e+00
1.470776585266083636e+01 -2.645164827195535651e+01
-4.449797536895182759e+01 3.391763385604049574e+01
-3.287324480359792744e+01 3.174840227672981641e+01
3.810104350940084572e+01 1.782165494284763341e+01
3.098121425226512216e+01 -1.782513717343926629e+01
2.199033474798125098e+01 -3.735158902118472213e+01
1.134768258985679523e+01 -3.412751489742148436e+01
-3.387382441324318449e+01 2.784388345858546998e+01
3.341839423446602808e+01 -2.038596427525283872e+01
4.408250907996796997e+01 1.796322894429809480e+01
-5.709350208617035349e+01 9.335520100117742359e+00
-2.702184193331222772e+01 2.581526161702429434e+01
-3.644061889971209212e+01 2.765067880143886470e+01
3.575541313665143406e+01 -2.557319554606923617e+01
-3.072188031394809471e+01 2.247955834948547960e+01
4.092250261072893380e+01 1.930853041843087325e+01
4.383103612107671410e+01 1.934585300826643817e+01
4.215321760732206258e+01 -2.029914948927843632e+00
3.617243813876844172e+01 6.949783736340968687e+00
-3.019775591465380415e+01 -2.820551951880460262e+00
3.263365542020896015e+01 7.367707213355549456e+00
-2.779141864031925024e+01 2.293877073205228356e+01
1.704744270176711396e+01 -2.998773866944574351e+01
3.774610463712692621e+01 -2.154633089821573932e+01
3.109745279031999843e+01 7.445917882561763790e+00
-3.223171931619456387e+01 2.897312872348182111e+01
4.205141066460696209e+01 8.587480132891743168e+00
3.704598877679340774e+01 1.508052040402063554e+01
