-1.075918081269957298e+02 2.669944113481546424e+02
3.971969973728393200e+01 -1.189493093366287582e+02
1.892364836415316063e+02 -3.986314719409782583e+02
-2.136789344623482236e+02 1.575578033566192460e+02
-6.018962262497727522e+01 4.484860358240264304e+02
7.890276825488649592e+01 3.509955447812660623e+02
2.075415323248654431e+02 -2.246978864621725336e+02
2.371273481164018051e+02 4.042409269747211056e+02
-2.435279513966530942e+02 -9.411808677824167546e+01
-3.031544946758831998e+02 5.032709653102570257e+01
-8.766254741479519907e+01 -2.247414486864555556e+02
-2.384187940525719966e+02 3.523298155879342062e+02
-3.977748505955500491e+02 2.267658652171442668e+02
-9.313028437076148691e+01 -3.240937175049605656e+01
-1.921121338918969172e+02 -4.167374845535067038e+02
-1.765727257481387724e+01 -4.075139453820973472e+02
1.882616500210791060e+02 -9.140188378335284369e+01
-4.308633169766467290e+02 -1.838257516344434066e+02
1.557295776370908982e+02 2.767649095050733621e+01
3.543125347951571484e+02 -1.065279495007812756e+02
3.373679844556060061e+02 6.874582334368805903e+01
7.019211555499364863e+01 -2.696933907445531986e+02
-6.202818744469085033e+01 9.233897709308389778e+01
1.041135419918088800e+01 2.016866884445880999e+02
2.011234919014665650e+02 2.021458792631486006e+02
3.778636579690411850e+02 -2.810433781622000424e+02
