-1.992590407054555968e+01 1.398594476880776654e+02
6.981065538082647493e+01 2.952607977111997570e+02
-9.057997404734196323e+01 2.824126892519855687e+02
1.972939401444971850e+02 1.404614301643106344e+01
3.075285023360438004e+02 -1.087419618726132171e+02
-1.314202297268691382e+02 -3.038474098311146463e+02
2.012128150354727723e+02 -2.648761985254321871e+02
3.566150801329655451e+01 -2.901525562981512962e+02
-2.929851768411031117e+02 -1.731542893459611605e+02
-7.480058156337511832e+01 -9.118215726806646160e+00
3.294077533359815675e+02 8.314253612603643262e+01
-2.506081103429442294e+02 2.300753545485270308e+02
-2.187148982865658979e+02 -3.181222426089966504e+01
5.589977194270108640e+01 4.527508146430538893e+00
-1.304662945096633848e+02 -1.520352420148116721e+02
6.348608708410218071e+00 -1.391064129529556510e+02
-3.347147772717788712e+02 6.329746308227723262e+01
1.428623243256105866e+02 -1.232950531839975810e+02
2.365326129697389490e+02 2.349207548806528223e+02
-1.581497792330417269e+02 1.098884908102015459e+02
1.198072337006497321e+02 1.387083787509240835e+02
