-2.518634527517341226e+01 1.678790239954599528e+01
1.294011665056505400e+01 -2.929810880018753494e+01
2.057723153727858190e+01 -3.373286285263485951e+01
1.690262364371806214e+01 -3.460867935738442469e+01
-3.442388082661847903e+01 1.494606471636596012e+01
3.993147912503038555e+01 2.093007936681974712e+00
9.407014677903493549e+00 -5.645244309392259296e+00
-1.287931996263128376e+01 8.289428544342575478e+00
-1.763613204598539852e+01 5.592599791820591193e+00
2.462568891044689323e+01 -2.176124613017817566e+01
-4.250618941791010030e+01 2.850839047888504396e+00
2.573149148354387350e+01 8.950848607469579221e+00
-2.708620325501508219e+01 8.028969258400815434e+00
1.684491179641392833e+01 -9.614215170920983766e+00
-5.017217065337562332e+01 8.924466155777452059e+00
-2.275287199934683713e+01 2.561051229571415511e-01
4.939262076464306261e+00 -1.462545862652644502e+01
1.178772914949694872e+01 -3.127861586967539154e+01
-2.612761631222610248e+01 4.218158377610577991e-01
2.622051706220523215e+01 2.311624271466381941e+00
3.592026821089230282e+01 7.594673095032178800e+00
-2.445485578510258051e+01 2.628879028655172867e+00
-4.570343626256490666e+01 3.863378728826167841e+00
-1.892625723075416388e+01 6.804945457053184654e+00
4.301222336601792762e+01 1.295627843593105410e+01
1.599253632761505806e+01 -2.031238212956083089e+01
1.254800911500386107e+01 -2.536414111087033874e+01
3.864090817554946256e+01 -3.944770254009443367e+00
-5.280563190109416638e+01 2.558378609412196081e+00
4.461543582276313202e+00 -1.994072740018570755e+01
2.929062968480862494e+01 8.028050333969567021e+00
-3.346431480897560107e+01 1.477006530992876421e+01
-4.872977600393882369e+01 9.588824164256969595e+00
9.693637316442636376e+00 -1.537985225403763501e+01
1.682236409650780828e+01 -1.776276393128683040e+01
5.279158520748828742e+00 -3.223709681899987345e+01
2.894269050731539394e+01 -1.226719644063943804e+01
-3.816551649417799297e+01 2.070486378326118881e+01
-1.916322512963041902e+01 1.637671163825435150e-01
1.986595189308843246e+01 -7.549138492441290538e+00
1.427532932058415582e+01 -3.373119696566547532e+01
-2.672970890649795095e+01 5.978649269446297154e+00
1.309934639774789744e+01 -2.590299519747814827e+01
3.626353044934898406e+01 5.527670995240635321e+00
2.866162585680437758e+01 1.150274017202994159e+01
1.098250434063088932e+01 -6.864547005546975278e+00
-1.705734960346897822e+01 -4.837980784251518784e+00
3.249761229214392699e+01 -1.790927942309560450e+01
-3.962903401122962777e+01 2.193427003305586354e+01
-4.892858585462259668e+01 4.069601166925945535e+00
2.365864154947086817e+01 -2.094867253147817188e+00
-1.129188645912070399e+01 -2.746426324167225541e+00
-2.697952494175733662e+01 2.758336494103519332e+00
-5.039348737363046382e+01 1.082341693811463657e+01
6.650986623061924341e+00 -2.688776938725767351e+01
-4.864866920628632840e+01 5.621340655820525001e+00
3.755357179130953682e+01 -2.190760813973179122e+00
2.530381054812233188e+00 -2.376590372723936184e+01
3.592100075923137581e+01 -8.701957220303606633e+00
2.427471860079777244e+01 -1.777448170624156631e+01
2.231943371087434969e+01 -9.537866967144719155e+00
3.171729881889608649e+01 -6.420207413701363386e+00
-4.082791723370460346e+01 8.111031766289769962e+00
-3.030424349923335114e+01 -1.578919773865834264e+00
-2.944018440543477411e+01 5.821429575414413193e+00
2.914415161590680370e+01 -8.030722987468566387e+00
1.561637789852843028e+01 -1.384639105815385740e+01
2.597265264117310934e+01 -1.825863085817694964e+00
-2.450952552220283565e+01 -3.331444953220894956e+00
-2.613828212755853286e+01 7.297230422919196435e+00
3.304292660237996415e+01 1.000127638649614248e+01
2.318647182154700914e+01 1.380755752005151216e+01
2.727446605463525131e+01 4.106615461091676522e+00
2.383328803904923987e+01 6.701286349159370381e+00
5.651802726760996265e+00 -2.966483228171399134e+01
-3.600222020887212437e+01 7.088949409770823884e+00
1.031062664370054094e+01 -1.846520213330124349e+01
8.536990041716082445e+00 -2.608005804799926253e+01
1.575843032177074043e+01 -2.643940812665782403e+01
2.999852275150395542e+01 1.448890762955013756e+01
1.756554413936890668e+01 -2.297931295960873399e+01
-2.126244240961005261e+01 1.256589175967023309e+01
1.142075806882367672e+01 -2.742416690507071664e+01
3.072596132568757454e+01 -1.991470701426328915e+01
3.698638227903987286e+01 3.444844303715927758e+00
-3.070182650172406014e+01 6.815956274345762900e+00
-3.875658629759718821e+01 6.628919694584416433e+00
-4.415793156727022506e+01 9.832056515161925248e+00
-5.346487414848460418e+01 5.073177964862575884e+00
2.251752152899543802e+01 1.625038145714451687e+01
2.270464451598843425e+01 9.295469877316005380e+00
1.320084318892046227e+01 -1.927525893010869140e+01
-2.799456600841014264e+01 -8.306583867887912476e+00
-3.706557853536521918e+01 1.728433577329655080e+01
2.240870333024368932e+01 -2.540822671101813413e+01
-4.115129951146300868e+01 -2.606074144794839231e+00
-3.723541540018573670e+01 7.816865342918926096e+00
-5.062724725672707393e+01 4.331417124013185571e+00
2.503367573344666752e+01 -8.775533530945894611e+00
2.914864822681868972e+01 -2.484032236152134487e+01
-3.183704204199373322e+01 2.332998274047226062e+01
3.463797751358107035e+01 7.244093541961394322e+00
-3.628470846469332400e+01 2.228160487310930549e+01
2.650275733453617732e+01 2.095097698677797737e+01
2.590310228235560075e+01 1.399951489405474092e+01
2.662265579403221238e+01 9.214902365145094976e+00
3.772287349856397753e+01 1.810415056705259573e+01
2.433554522065823633e+01 -5.356491543080850626e+00
-1.561089175684941921e+01 1.124560441311526304e+01
-4.357624620654219427e+01 7.999291408767234657e+00
-4.783157494810965460e+01 7.745644324533245140e+00
-9.512304113226182523e+00 1.951221330557391198e+01
2.702081741293908834e+01 2.249708105158674698e+01
3.404480191316169169e+01 1.884807640080531144e+01
2.875930314370294028e+01 3.852891848447947520e+00
-2.342878302161238580e+01 3.694856889457023286e+00
2.104137975877658917e+01 -1.375341993336837731e+01
2.900838377166806836e+01 5.204204422710390965e+00
2.057548776614490649e+01 -2.048377487991264800e+01
1.413324889646301408e+01 -1.587149462785970577e+01
3.686735779392426338e+01 1.258712437110883364e+01
-2.375086740336273294e+01 2.388945321989598369e+01
-2.391489573135085323e+01 -6.796919536537383344e+00
2.899283001125355597e+01 1.801674137125514719e+01
-4.722775842673558344e+01 2.739544324691885802e+00
-1.679674426265628995e+01 2.007308449420112240e+01
2.709076324725933560e+01 -1.565112214992567274e+01
1.736219929177669030e+01 -3.063189070381772794e+01
-2.162753849792158789e+01 1.638961448788622732e+01
3.644343746739688328e+01 1.766599357278615301e+01
2.603560388113965374e+01 -2.649426934715106441e+01
-2.522754529033584348e+01 1.594550413906383390e+01
3.426264517242739061e+01 -1.351777865826976033e+01
-2.330512690224791328e+01 7.485766894050899900e+00
-1.998693700156016106e+01 -2.060014465823205132e+00
-1.161018234731868937e+01 -2.611106816230191363e+00
-2.442208889156623641e+01 -4.449996652670543007e+00
-2.479024654960175056e+01 1.301740690150293389e+01
2.013805095864061556e+01 1.320144399177441130e+01
2.379220829670403958e+01 -3.007311835855885462e+01
-2.301907906395790704e+01 1.389586926332391137e+01
3.236238028548878987e+01 1.230728436639527779e+01
2.797423088711880013e+01 5.725302119653111532e+00
-3.046520185745550435e+01 3.684167065903650728e-01
-2.719554585510351430e+01 1.285356991363440748e+01
2.028004272065919977e+01 -2.516724124451693001e+01
3.404472997165417070e+01 1.789704465757183982e+01
-8.104025988942161973e+00 1.298127565864770361e+01
-3.980865957590016535e+01 -7.750470789706604968e+00
1.397221268738893230e+01 -2.750061119115184738e+01
-2.849248309271616364e+01 1.748241999655085621e+01
-2.060323166485031265e+01 1.699894546707520604e+01
2.572641660123118257e+01 1.691640724262038020e+01
3.174301712027227751e+01 7.426458367231666635e+00
-1.613099275268414701e+01 5.411814333250931419e+00
1.881814712987711147e+01 6.009552947766026776e+00
1.496658506514024900e+01 -1.935082881605761074e+01
-1.928154362381690134e+01 1.790285295135974053e+01
2.251143367742477963e+01 1.226466466696371604e+01
-2.884570442214282693e+01 1.538813948249073249e+01
-4.771269923000147628e+01 1.288985861205007843e+01
1.905165312180375281e+01 1.015711425558732550e+01
3.383974446050185492e+01 2.178782932597988520e+01
-1.407006414866236987e+01 2.266658031213221136e+01
2.701747823749730060e+01 6.841749182400260310e+00
1.814603645011084865e+01 -1.125966842735388518e+01
-1.993303107183616163e+01 1.511977056277823195e+01
-2.385302159239553532e+01 2.106619675734114239e+01
-2.414553338725653830e+01 8.421286272229240311e+00
-1.322020111238083473e+01 1.627581374545967563e+01
8.302522993848493016e+00 -3.229602001534194500e+01
3.126085729617791031e+01 1.194144183729623876e+01
-4.716767236436199084e+01 5.517820101828855961e+00
-1.620541838487267228e+01 2.422359160232434405e+01
3.099209648721578958e+01 8.107862502423788698e+00
-1.562514431359849354e+01 2.342839637754495286e+01
2.674928577003785790e+01 1.924880622266882924e+01
2.459444306280184733e+01 3.947764803576451875e+00
3.199861506227688679e+01 -1.846402633244333913e+01
-2.030616570425585365e+01 1.265328916808709714e+01
2.476411840819804411e+01 1.045764657982151569e+01
-7.161871008576820685e+00 2.089452929968296147e+01
-2.409725209248773226e+01 2.054312681833792453e+01
2.595200185561185080e+01 1.550576071258285360e+01
-1.721981686414701329e+01 6.519983204241937003e-01
-1.287876094988563302e+01 1.365463537974481234e+01
3.656838607420656473e+01 1.510005426321217037e+01
3.129473020880569578e+01 1.489732584352952927e+01
-1.354917308945392307e+01 1.637573756475836007e+01
1.736475634069645935e+01 -3.154466966619776613e+01
-1.845877772515999382e+01 1.360533776333193501e+01
8.328542905748797409e+00 -2.545474071577450559e+01
-4.992382954196734346e+01 1.839010590330345085e+00
3.248903227758706436e+01 1.505507234551116547e+01
-1.593725406571849135e+01 2.236686094903688016e+01
-1.732966251152339865e+01 -4.215551052789299646e+00
6.213916438333485281e+00 -2.426896676450774848e+01
3.458576734743901682e+01 2.137361861264550100e+01
3.564409313876520002e+01 -1.999614756578566954e+01
-1.726888371987194404e+01 1.807642728717963720e+01
3.054820809302997375e+01 1.010757788904859034e+01
-3.013062846840478315e+01 -6.582629965069639155e+00
-4.968995167920466116e+01 6.662064863098670742e+00
-1.844408746746567118e+01 1.839271436335930687e+01
3.798299094130609888e+01 1.281709753534808627e+01
-4.051717287198921014e+01 4.675836344410725154e+00
1.959041405806510738e+01 -8.658471771387270977e+00
-4.303099094594894325e+01 2.953878413355276455e-01
3.046355491465314103e+01 4.847139108740605273e+00
1.069858601694806488e+01 -2.089977187812174009e+01
1.777272875704823818e+01 -1.381446236376659087e+01
2.076001344098827772e+01 -1.862957832280344839e+00
2.964016330322989035e+01 2.047499325886978738e+01
-2.860443454013589459e+01 -7.819501353525061482e+00
-3.664107448127334976e+01 3.471162129609269620e+00
2.752562889044304129e+01 -1.570534413848547750e+01
2.393136465667205215e+01 -6.715357604222519150e+00
1.183166234654118476e+01 -1.765508176785255046e+01
2.326926823045683790e+01 1.813087316453029985e+01
-3.988562975426813040e+01 1.893755457545408305e+01
-3.101643696788224247e+01 1.742836236943934125e+01
2.643713054723307465e+01 1.189179952304663601e+01
2.795962095366379430e+01 -8.408344831337039693e+00
-3.488534345613386733e+01 6.371507051799360610e+00
-3.416771732835981012e+00 -3.401703056565838157e+00
2.696305902485568495e+01 -1.887830134290365791e+01
-4.208506241627422639e+01 1.002396998848211673e+01
2.830595075091619961e+01 1.488476481398592632e+01
-8.171934795062878010e+00 -3.598426186894371881e+00
1.872755171548139330e+01 -6.431956907113580257e+00
-2.226501861775246738e+01 1.093767550234424135e+01
2.009139383788757272e+01 -2.995692649856187728e+01
-1.753977826757949643e+01 1.348399905244574803e+01
2.417489905289295749e+01 2.683776050319694573e+00
2.534429136529589144e+01 -1.024815627048751310e+01
2.773960049426364094e+01 9.331673648919554864e+00
1.977209958822921720e+01 -1.803476972471639783e+01
1.371515777381321577e+01 -2.995716592628600594e+01
2.340436854883876450e+01 -1.146664559370721825e+01
1.738194538831561431e+01 -5.015640454775863510e+00
2.169252496687421328e+01 -1.631415897177334173e+01
1.716555293710719710e+01 5.647241664419666130e+00
-1.431139515124917061e+01 3.448599851633330715e+00
3.386249887662435043e+01 2.552675312303192445e+00
1.672938539119699541e+01 -4.346779635515602536e+00
3.744917661135912823e+01 -4.206802450239740393e-02
-3.910471388617222743e+01 1.855764913085073964e+00
3.391863799952623282e+01 -4.057516536120223449e+00
2.148941830772793793e+01 5.033885950225154282e+00
-2.150417163489092687e+01 2.176511560064260209e+01
-1.629206038515661703e+01 9.791752638952067045e+00
1.787063648745343869e+01 -2.666162825683227311e+01
-1.882413726095644435e+01 1.164239737397989494e+01
-3.721492386204747049e+01 2.456914800281214539e+01
4.060630153726982172e+01 -3.502348418179990208e+00
-3.113220950262708442e+01 1.031666541357732214e+01
-3.915907921583536222e+01 3.974476785924308420e+00
2.219235284561421651e+01 4.079051032460650816e+00
-2.044937269169724203e+01 1.096654005570023038e+01
-3.420624250150029155e+01 -1.868425637815470441e+00
3.755146604942742528e+01 -7.572643538623374582e+00
-1.735802000134328438e+01 8.746684568017411010e+00
-4.080017496619447570e+01 3.248577414195235047e+00
-1.827021226285250677e+01 7.838250927073198149e+00
1.179035678782862995e+01 -2.360455526874622478e+01
-2.631762899994729921e+01 1.937815600862559862e+01
3.628541897536277361e+01 1.020336800563969604e+01
-9.950594811764032599e+00 2.000446906990158169e+01
3.514825317889235379e+01 1.025852483228457146e+01
-2.185220054610428519e+01 1.808478633739908403e+01
1.857062532406633437e+01 6.460683049617073070e-01
1.188423475744171576e+01 -3.336349908735105174e+01
9.299893643634479901e+00 -2.979824282232599586e+01
-2.729740109008734450e+01 -4.607384507093689407e+00
2.445675096818192173e+01 -1.551927058716865560e+01
3.901416722892298594e+01 6.470412498653843159e+00
-2.874459611360880373e+01 1.589139336763462573e+01
-2.126099176095431176e+01 2.004942769568886263e+01
2.842878909371187390e+01 8.929144522095816550e-01
-2.387928777239523370e+01 2.527730653730859345e+01
-2.040926741309401393e+01 9.607992755028030629e+00
2.620552939896630917e+01 -3.586367635529202236e+00
3.106144366445636251e+01 2.920341743198680451e+00
-2.179049543403004208e+01 2.436048221369527766e+01
9.035788406329430700e+00 -5.224886822791300567e+00
-1.812838741853033042e+01 2.525738083078044127e+01
3.821088704774624034e+01 1.034035664336608917e+01
2.963045802427636488e+01 1.336741725670370329e+01
1.724686992367644933e+01 -2.826701649896937951e+01
-4.355209562893605835e+01 1.047308778504019600e+01
-3.762991370367089417e+01 -1.757338710941924287e+00
2.905209150021881115e+01 2.277991836799156289e+01
2.023011074066158343e+01 -2.884767865598621128e+01
1.137026907720821889e+01 -2.874759313609222033e+01
-2.319922896606057705e+01 -4.901388020056288042e+00
2.097402638211140413e+01 1.628717371442024486e+01
-4.467637657082543967e+01 1.370459586529355356e+01
-5.244108089719063059e+01 6.776890170269233238e+00
4.012724477272502099e+01 9.541143298251457239e+00
-8.152354537529204137e+00 -4.310858748294490006e+00
3.593037903303991953e+01 1.359571556571474282e+01
-2.457820369772310443e+01 1.208903456114967767e+01
-2.323303716911769357e+01 1.162118401008333635e+00
1.907353698880885062e+01 -1.104995921068623943e+01
-3.864195749891420917e+01 1.965711636231455728e+01
-3.653467467024425019e+01 -2.495975605463070846e+00
3.643642010556393274e+01 4.734144239518187192e+00
1.667027880347087532e+01 -1.751893263234928710e+01
-4.014107697692369925e+01 -7.292083041418227829e+00
2.971255697253973338e+01 -8.817200813186449437e+00
1.469059128888608257e+01 -2.411141711382748198e+01
9.413372770841940351e+00 -1.787220909825852644e+01
-3.641505338783650814e+01 1.151595389917702938e+01
2.786483747502437680e+01 4.072779543144592895e-01
1.146628810530717502e+01 -3.448842620435905815e+01
-2.456472982834104357e+01 2.597610000376880635e+01
2.244365889237609935e+01 -1.917414964564849456e+01
3.235868451904418208e+01 -1.008886295527970844e+01
-3.621393568000303986e+01 -3.686552053139257712e+00
8.952285050526199939e+00 -2.761866340013999022e+01
2.911423668599321601e+01 -2.576774322883608637e+00
2.786022883776213277e+01 -5.082567388701288102e+00
9.643063476243820986e+00 -3.081369491770811919e+01
-3.961379448418517057e+01 1.234650974101391263e+01
4.263173196983526481e+01 1.287983348294534558e+01
-3.086796528765565029e+01 4.486392446319118044e+00
1.406034654469440603e+01 -2.659336988761442200e+01
1.200950609390579338e+01 -1.668267292423036707e+01
2.612803296511292572e+01 -6.678968953853170021e+00
-4.079677203223959481e+01 6.795533837239537078e+00
-4.580789999754183128e+01 6.072258522686375670e+00
-4.177875633035298364e+01 5.056194119214212357e+00
-4.485993448542123474e+01 2.484585517662655896e+00
-4.346411294956045168e+01 6.542021738612709747e+00
-3.698889770843972968e+01 1.287062995224924755e+01
1.429883137681153471e+01 -3.188757542529539890e+01
2.410312813571507462e+01 -7.619623842248179901e-01
-3.400023919884873891e+01 2.391982762774705229e+00
-3.651499689613228838e+01 2.061321107929335739e+01
-4.766780714190610979e+01 1.163484219781702578e+01
3.117021612364617411e+01 -6.665871250567920292e+00
3.032844476900680064e+01 6.275283470979525546e+00
1.826692640810017565e+01 -1.536825793416954689e+01
-3.530367076514759361e+01 2.045094202537014638e+01
9.244440234699451864e+00 -2.432446256035873944e+01
-3.638808436063471419e+01 2.359360911492131052e+01
3.283704237357780187e+01 -2.762953396824550989e+00
-3.053353835822310813e+01 3.536901094691762282e+00
1.403525822156642811e+01 -2.177759803408245887e+01
1.189523440064230719e+01 -1.112611442979216037e+01
-4.194568729558637443e+01 1.382623348215507164e+01
3.425634181364722508e+01 2.225953372152606580e+00
3.266794811506792939e+01 5.652748379259775469e+00
-3.966570904002274744e+01 4.976693366604724389e+00
-4.810725083244101086e+01 1.391116770969290650e+00
-2.621596066937659231e+01 1.887311113117206451e+00
-2.798095107228657241e+01 3.902485840550094842e+00
1.514314253010291544e+01 5.487724668547231843e+00
-1.829796744494094085e+01 2.851780186219350810e+00
3.185433154378750231e+01 2.116446860870379698e+00
3.472380485784820792e+01 1.364484745591131265e+01
-3.921534361211439723e+00 -2.050081720549200526e+01
-4.526111469401977416e+01 9.665195109368113435e+00
-2.144208499416424729e+01 5.974175857938663903e+00
-3.363343088817377691e+01 1.698862426689514393e+01
8.544774510829752145e+00 -1.978028714107822594e+01
2.187571393360538252e+01 -2.337128193582271862e+01
2.237548733719886229e+01 -1.518770375619851443e+01
-1.911244824315413027e+01 2.092963520401237432e+01
-3.124625166074570970e+01 1.182730506909893187e+01
-1.942101638517917195e+01 4.515288551080896440e+00
2.975086959859173774e+01 -1.376131369809614036e+00
3.718447038231114732e+01 -2.806871166910465121e+00
-3.825076977525419863e+01 1.003200498157957377e+01
-3.321515834431782821e+01 1.092044521423842696e+01
1.953454857369274933e+01 -2.637587119136848557e+01
2.723989330260474517e+01 -2.307206771942158952e+01
3.874025618785870506e+01 -5.115127073247285772e+00
7.697338609224119388e+00 -3.420439484449946832e+01
2.427986202259130266e+01 1.426647463054932174e+01
4.359743991456969070e+01 2.347931957430067662e+00
-3.214772236577596942e+01 1.485765959428805338e+01
-3.046253358361548180e+01 -5.327328550133221263e-01
-1.603766119881568741e+01 1.403826074544330726e+00
-3.280603855248472200e+01 1.050550454561153124e+01
-2.520287524175969907e+01 6.982033049690513415e+00
-2.535743488913007937e+01 9.974609714061703158e+00
2.716868902867080848e+01 -1.071218407957528207e+01
-3.460877269367261277e+01 9.577623691215576329e+00
3.516793245967228643e+01 -8.902973833557267014e+00
2.087410790936455030e+01 -3.341118057465942570e+01
-3.576797234618536692e+01 3.207455082069121666e+00
-2.040228731744925028e+01 3.140871496987990064e+00
3.337352029367502837e+01 -1.697831955338874721e+01
4.216211474285396577e+01 5.322180378882663376e+00
-2.770976376811155717e+01 -3.224500201583492487e+00
-2.866345173321142070e+01 9.746728511037121123e+00
2.312023949227813446e+01 -1.421301622351917793e+01
3.042425090230237217e+01 -1.133871662069471142e+01
7.807792121458377643e+00 -2.105614985369927439e+01
3.064588137835829684e+01 -1.382115467224310201e+01
-2.256745731864687343e+01 7.114388172964920543e+00
-3.861464783941845269e+01 8.683340896009701382e+00
2.621769443700742031e+01 -1.248302998142490416e+01
2.504922177261157046e+01 1.249795444988194948e+00
-2.666626725844592727e+01 2.134455981632928356e+01
3.208489856949710628e+01 2.704675649253952541e-01
1.878724906753436485e+01 -1.827224714700363961e+01
-4.320991028273400758e+01 -2.547025007380635309e+00
-1.173387122183436126e+01 2.777080463438800884e+00
-4.641795382115698487e+01 -2.262183987053640433e+00
2.316164175271508086e+01 -2.122307850767931825e+01
1.615146049898853065e+01 -2.091462603656593799e+01
-2.949148536164329215e+01 -7.179817394443763767e+00
2.010260217177471986e+01 -2.361753254400676738e+01
2.321073799781412816e+01 -1.073085586253704982e+01
-2.466051955666489093e+01 4.723040454242354080e+00
-4.221251227310784060e+01 1.330867540244707214e+01
1.557058537611286120e+01 -2.374835591430305470e+01
-4.596933283005666482e+01 -2.378755006726610333e+00
1.811040861220014264e+01 -2.501624264359232086e+01
-3.437794989107344179e+01 2.506884254751783336e-01
-4.531032219094870328e+01 5.448315986558554869e+00
2.902718780211885274e+01 -1.110803839175564889e+01
1.333744498781797638e+01 -3.525821252988075827e+01
2.061436615297943575e+01 -2.650219059823730205e+01
7.916416220515858804e+00 -2.960744021942083748e+01
-4.015062469548326618e+01 8.896673316521436226e-01
2.103841392674568311e+01 -1.974013307623089730e+01
-3.051443453372299430e+01 -8.550516722841635442e+00
1.827881279172633100e+01 1.439447690984576589e+00
1.465162950510471518e+01 -1.256215664439352331e+01
-3.966042477565163704e+00 -2.047236885314961796e+01
-3.239607144829777496e+01 2.038212439443982049e+01
3.107196310020120222e+01 1.812577741522887109e+01
2.260924395289027800e+01 -6.986606557258519423e+00
1.902157640515238057e+01 -2.116014024075319355e+01
1.529125942785015191e+01 -3.034893713704405371e+01
-3.656342529605553437e+01 1.966213946319401984e+01
3.173115990072770387e+01 -3.072160714229061451e+00
3.055439401845722713e+01 2.109268502168984583e+01
-5.179827343811464857e+01 3.490713382966823985e+00
-3.102016890618822131e+01 2.188116288997994019e+01
-2.822202488530650655e+01 2.236589349311435271e+01
1.479354750233992277e+01 -5.349470109243627647e+00
-2.545963760515115482e+01 2.056613777328447412e+01
2.769759623602709553e+01 1.687982131787390117e+01
3.182806680512516451e+01 2.193958055256046080e+01
4.210173527771607382e+01 4.694821015687234755e+00
2.136499328525935582e+01 2.638139139564870561e+00
-1.654079786068806257e+01 -7.477960171810541512e-01
2.619440363976339015e+01 6.318275502242865826e+00
-1.715648999259083496e+01 1.556251254329699485e+01
2.214197809915463466e+01 -2.789336607189547479e+01
2.873829448145246346e+01 -2.383866767784289920e+01
3.586659206949764922e+01 -4.137234218221676585e+00
-3.884899029756189748e+01 1.604661373366268151e+01
2.511686374156928281e+01 1.547509934467367110e+01
2.358781816594132863e+01 8.330379987753678606e+00
