4.242755785723775119e+01 -4.361616097315961582e+01
1.027647178375044206e+02 9.888321531670599995e+01
-2.107969903883262077e+02 2.494793209473597884e+01
1.393438028736734964e+02 4.475541598030346790e+01
-1.507552020020919485e+02 -2.941391534429502030e+01
5.071240633530624820e+01 9.099689181224755430e+01
1.868418629998119798e+02 9.330399409556561352e+01
1.446345622875211632e+02 1.643225726005314868e+02
-1.107446680677074511e+02 -7.449387274178643281e+01
1.230629332049892923e+02 -1.699358201935304180e+02
-1.121690161724249357e+01 1.238951379139612214e+02
5.796295321143408330e+01 1.632261215590651489e+02
-4.014217639380149905e+01 -7.073508879155627938e+01
4.314653371716633501e+01 -1.126965710104639555e+02
2.254587333009387748e+02 -7.296984260091713281e+01
1.455054203229774714e+02 -8.740094028097747980e+01
-1.829348158084848137e+02 -1.636723565409993739e+02
-1.889640019572348422e+02 1.169536550478831174e+02
-7.349256887354630408e+01 -1.268615210073999933e+01
-1.011955557283466050e+02 9.354154332765962465e+01
1.666881009471786967e+02 -3.241016594607579293e+00
-1.798902115375795177e+02 -8.324035990858588718e+01
6.360363788935821994e+00 2.367971171597747215e+01
-1.315288930841711874e+02 3.404411410955646033e+01
-2.497658711308115755e+02 -3.687952715717311492e+01
-7.194290511268252430e+01 -1.265005088987076789e+02
8.412656983463035942e+01 2.322815453601385727e+01
1.000899611163727769e+02 -4.152983476492310899e+01
2.379872808644948066e+02 3.780625460238475455e+01
-1.170999240913858017e+02 -1.767235305534395025e+02
-3.664307470676072143e+01 1.721507837432708072e+02
