3.360381760162138409e+00 -2.683627310121009746e+00
4.907110353489118060e-01 -3.838787585312772865e+00
2.193470404521797423e+00 -2.389747117796291676e+00
2.649368825186055432e+00 -1.842444757814905465e+00
-2.049422446548968324e+00 3.100030631246582846e+00
1.009009676042589287e+00 -2.154168814437753543e+00
9.798665297441859767e-01 -3.544252384384737109e+00
-3.292717573306593870e+00 5.611977682177340832e+00
-3.102625001445514119e+00 4.639309862009837637e+00
-4.078191023470588705e-01 -4.277032297405246375e+00
4.046470611735084155e+00 -1.777668682541672318e+00
2.990516731410383655e-01 -3.320913595556739040e+00
-8.671048894187121103e-01 -3.401190116474702929e+00
3.393801375249531738e+00 -3.133186270950924168e+00
-1.687584903461115449e+00 4.263521757836172377e+00
-2.945065227461005630e+00 3.208874617374549043e+00
3.408464444198148424e+00 -2.231795533496991002e+00
3.495103666725300595e+00 -1.873582868917547550e+00
3.847706296143830418e+00 -2.455063327025175379e+00
-9.176049092462504886e-01 3.555640891546494320e+00
4.286991347889979487e+00 -2.066256799557666390e+00
7.839609341587214786e-01 -2.606707771574565236e+00
1.753847136810860130e+00 -1.506476065410725429e+00
-4.144720443459570802e+00 3.591540858456758301e+00
-1.370493498896622420e+00 2.650212868189323778e+00
-7.284154527580684046e-01 -4.064483472856394997e+00
3.461452808695393735e+00 -1.429108187082167136e+00
-1.091114794724931114e+00 4.720763897634808970e+00
-2.399693937100207730e+00 4.409118516512915420e+00
1.284232844117748851e+00 -3.949831301776198789e+00
-1.733457519236103250e+00 5.043014237714737114e+00
2.032941826815172881e+00 -3.662536562262626472e+00
-2.170722812689421577e+00 4.919511600706505838e+00
-2.976403914497735670e+00 4.126187483834390157e+00
-1.066379925543560869e+00 -4.470335903903014163e+00
-3.104899535712688063e+00 4.978325656039015001e+00
1.832658551549923631e+00 -3.048474100593198788e+00
-1.841856721280971998e+00 5.256795552720545217e+00
1.662981484487986661e+00 -3.989181294660975929e+00
-2.234168207040574394e+00 3.986983865864764276e+00
-1.623429331731820691e+00 3.661155876855878066e+00
2.352711976661759241e+00 -2.563351709259754418e+00
-2.336757723260106001e+00 3.401505679240015123e+00
-3.478084734258624966e+00 3.277273773328849060e+00
-7.719779701972281916e-03 -3.817537591677144349e+00
-3.411848068893937658e+00 3.938519204945488905e+00
-9.677911158624464827e-01 -4.211007362341162796e+00
-4.118057047600627740e+00 3.532117622979533245e+00
3.192468885327694128e+00 -2.074984343403216691e+00
1.163581376528539657e+00 -2.333632217130579445e+00
3.094723146242817080e+00 -1.155016791488654659e+00
