4.234266427398230941e-03 -2.665731743281969823e+00
-3.035756848748584424e+00 -1.391814227606725130e+00
-1.472809238652554864e+00 -2.920504567821487818e+00
-1.113959585320960288e+00 -3.787618741428059543e+00
2.914515221116154464e+00 2.368897848381516624e+00
-1.805710337183175529e+00 -1.866294229555489625e+00
-2.981285986694901968e+00 -2.001622532859059334e+00
3.980868402655506788e+00 3.485484728156291734e+00
3.560443719275879548e+00 2.595902491920293986e+00
-3.558716363982582731e+00 -1.767047257794567006e-02
-6.474840440703062416e-01 -3.701350510888387735e+00
-2.546734971425157479e+00 -1.198050492356044883e+00
-2.728624273757193297e+00 -7.655192684818908945e-03
-5.835467370083868843e-02 -2.879541285259327399e+00
2.432698814569112411e+00 3.305291136343015079e+00
3.263577492304003513e+00 2.404724432891285346e+00
9.306317034851711509e-03 -3.466846517353779689e+00
-5.383247384407443548e-01 -3.655808057646541265e+00
-5.210622728078042470e-02 -3.748549129344920239e+00
1.806940505460937318e+00 2.381773885044761840e+00
-2.576149820678326832e-02 -3.046258878596774800e+00
-2.271228871993434151e+00 -1.617640306423220320e+00
-1.800754146554993218e+00 -3.552266980948285635e+00
3.817938889661608215e+00 4.750352853227987282e+00
2.072953525564691368e+00 1.974647069075355699e+00
-3.732939479090291002e+00 -5.148285259862126623e-02
1.792567419759651060e+00 3.586724594311930137e+00
2.671099855882879126e+00 3.106064864635956546e+00
-3.169849968084673009e+00 -2.350688589773145321e+00
2.295347499264505764e+00 4.327056858925948823e+00
-2.575776453949521372e+00 -2.883767605516461163e+00
2.909165806245690433e+00 4.053725308261311611e+00
3.214554230311145400e+00 3.663896935017242118e+00
-3.823108882909719508e+00 -3.023062008500617126e-01
3.909530873729822886e+00 2.787899499643842649e+00
-1.933576465980658909e+00 -2.538575587212561491e+00
2.367270885371081768e+00 4.440923974155097653e+00
-2.621572747843340601e+00 -2.515720246016025730e+00
2.533118264386715612e+00 3.105104649825658036e+00
-1.216007424548394500e+00 -2.602329864465329212e+00
-3.053209701551518052e+00 -8.170749595354831474e-01
3.436362584785908947e+00 3.458158688575414086e+00
-3.604911137767551121e+00 4.614974582306338030e-02
3.861059578643033063e+00 4.813276901260379326e+00
-6.609588064600021573e-01 -3.179693101069276384e+00
-1.824031278251920574e+00 -1.889193591806542116e+00
