-2.785632980247743973e+01 1.758763009411056544e+01
1.571873138602776798e+01 -3.577683173268781758e+01
1.352590078361607162e+01 -3.110966602462690389e+01
-3.361017294421839097e+01 2.451659030792022520e+01
3.429493670547709172e+01 1.111820601207853310e+00
-2.263869637145917579e+01 1.151490211397375596e+01
2.004399638571941722e+01 -2.128080647685657212e+01
4.037792636750732811e+01 -3.156406521112532282e+00
-3.400000298971789903e+01 1.620550156448778267e+01
2.216288310531820116e+01 -7.832752460209528422e+00
-5.242547594453186832e+01 6.681424733190512555e+00
-2.829592543376355351e+01 9.626234405774164671e+00
9.192162777135552076e+00 -3.341601841479497637e+01
1.436680167290092314e+01 -2.627313405775117161e+01
-2.654570911515221709e+01 8.715376973343962774e+00
3.453843139358432524e+01 -5.611454366002057270e+00
2.597740962345846327e+01 7.695902671798574013e-02
-2.485647860570075096e+01 1.164475506900523527e+01
-4.230524092102384515e+01 5.438968208551480110e+00
2.994667884169481553e+01 -2.870216188557913828e+00
1.467371079770757625e+01 -2.852635446743635583e+01
1.434692830240250849e+01 -4.031354392502210260e+01
3.904919683364913396e+01 -5.686905669865948809e+00
-5.156414975577276749e+01 5.083014661814558188e+00
2.368045342366167105e+01 -2.907731795445443623e+01
3.667942989923761843e+01 9.005959022553831517e+00
-4.763716096771770481e+01 1.059015164750698901e+01
2.323069063201974771e+01 -1.643504740507004769e+01
2.524604542630579118e+01 -2.451005051906253129e+01
8.164457375329671862e+00 -4.125029706691809395e+01
2.202300256471497875e+01 -2.356808646808460850e+01
-3.311541882309769136e+01 3.137132542104899002e+01
-2.560858544394167424e+01 1.074309470459665938e+01
2.501204728461660665e+01 -1.742089144426345548e+00
1.436517652945645374e+01 -3.578579279051693618e+01
-3.010093035852191790e+01 1.544225033509536260e+01
1.367466592132388215e+01 -3.764820704389924799e+01
3.482950785381122216e+01 2.020654867957236700e+00
3.984735914406538626e+01 9.349341396829293771e+00
2.473607658776241180e+01 -1.871557298621932119e+01
2.269511374647201052e+01 4.477056916867952374e+00
-4.837255273936563071e+01 5.343839065233323637e+00
3.033900753565851360e+01 -1.528656086589260177e+01
-1.988292319322991730e+01 2.646259283767836479e+00
-2.792642968424327421e+01 1.926516930645851278e-01
-5.336101321555180022e+01 7.374382693086682927e+00
-4.989833658030203623e+01 6.339208715310754805e+00
2.638878128566309300e+01 -2.296486911326374880e+01
-3.544739542217372730e+01 3.561670647333039597e+01
3.361425511419412970e+01 -1.359550086325187834e+01
2.571931950747524454e+01 -1.614826247311197349e+01
-3.934855867140666419e+01 1.251959867380875302e+01
-4.174915785395401002e+01 1.047092022257423949e+01
-3.074681325831237544e+01 5.017090954234383560e+00
-2.972873554697926224e+01 1.405915562379663974e+01
2.725881430176563924e+01 1.921835200177689218e-01
3.785729920917699332e+01 1.073782925254649179e+01
2.657323203669759693e+01 1.652373715564676049e+00
1.459144014601164407e+01 -3.811874707572183496e+01
-3.103647217745670872e+01 1.353416077176847487e+01
1.354619073855430855e+01 -2.648645604002491538e+01
1.451078830262063235e+01 -4.254739606958610665e+01
1.610135139827970718e+01 -2.973201975459522117e+01
-3.131390506888749314e+01 2.208604553325529807e+01
2.462709856470488035e+01 7.057960891044466889e-01
-4.696686370382857234e+01 9.529394970590265856e+00
-4.552535941512770279e+01 1.131612987216383814e+01
-4.561937245004674679e+01 5.058676344740100639e+00
3.790352372075885512e+01 7.687338022535090687e+00
3.799522555370042909e+01 6.321678384640176063e+00
2.365878839016118818e+01 -2.447498503783081247e+01
-2.877100544442236085e+01 4.852508408512275828e+00
-3.259188247265053207e+01 2.747056407663184530e+01
1.722388800592988289e+01 -3.060453810957451992e+01
-4.237033464791215920e+01 7.140629251427246693e+00
-4.207690484565413414e+01 2.132102408662441206e+01
2.863821135786936978e+01 -8.691165793246963034e+00
1.475323247100978463e+01 -4.358013410557484946e+01
-2.683501893551031259e+01 2.285625122532631792e+01
3.967574701285425931e+01 1.358381789711047061e+00
4.983817088473266921e+01 4.330871351403476233e+00
3.630035255285353202e+01 3.101948563282989291e+00
-2.427316354080161176e+01 2.571394641451277963e+01
-1.429464298823845958e+01 2.176933571356463659e+01
5.144043521894068505e+01 5.570681472594880113e+00
4.979399722810212126e+01 5.718509823820503435e+00
3.249228177032178877e+01 -1.113413146923323715e+01
3.720673420299833367e+01 5.310012444594459424e+00
2.416010586246934722e+01 -3.256005479895360111e+01
2.083152707953924221e+01 -3.008741128604170356e+01
3.143715372735381308e+01 3.031791503303287172e+00
-2.515869630783385702e+01 2.405888100010314901e+01
-3.292808387941193615e+01 1.183101409912171054e+00
4.563540167423788319e+01 4.072285856794738201e+00
-4.552863105890494921e+01 2.063986086770307704e+00
-1.907983718782316274e+01 2.225532923105418348e+01
2.422670076086596680e+01 -1.452153099196121211e+01
1.344324860096611296e+01 -3.241667422450323244e+01
-2.185334112163183207e+01 2.209959930442908771e+01
4.717401362959828504e+01 1.586534661171850491e+00
1.876149878463218101e+01 -3.577188121774756979e+01
-2.775991638497961489e+01 1.842405435128750923e+01
2.705227562439030820e+01 -1.340586999771325871e+01
-2.166287844416380892e+01 1.048805591650807933e+01
-2.802172372408234935e+01 7.906214708581493333e+00
-2.004258315775478039e+01 7.403243582847787607e+00
-3.438328423251721233e+01 1.236694433459500697e+00
-2.979598864894335009e+01 2.088639039387035723e+01
3.082138923421840815e+01 5.109470380600601658e+00
2.101127525342531399e+01 -3.227723751440181843e+01
-2.944423827287869955e+01 1.991787568576697609e+01
3.810618688884325422e+01 -6.225291473792096575e+00
-2.737747545703254559e+01 2.048942790153564886e+01
1.923271229824424822e+01 -2.919191557397084935e+01
3.387003749013965859e+01 5.807846189747235321e+00
-1.842965486690639310e+01 1.784376424543216544e+01
-3.060076677903187914e+01 2.748534306824124940e+01
-2.900400178272317930e+01 2.343447504947708282e+01
-2.122449829964690338e+01 2.313594148240105497e+01
4.309162435310179262e+01 3.750280521555617863e+00
3.489016632047521682e+01 9.532315855900336032e+00
-2.155548613899146559e+01 8.964050108949727758e+00
3.964238192521087711e+01 8.541834791436379248e+00
1.115869731859720559e+01 -3.587447642473640741e+01
-2.964207789305843477e+01 2.323417078589448082e+01
3.927804934456564467e+01 1.060253995644858627e+01
-2.785292210375748923e+01 2.210012858114660261e+01
-4.206300591543836731e+01 1.632477371200904770e+01
3.716444150487865983e+01 -9.255050109597265262e+00
4.799005079167848464e+01 6.415403924140732350e+00
-1.722815548397313634e+01 2.244097057092240988e+01
3.787195677563124718e+01 -8.226288985627521200e+00
-2.116832181281527170e+01 2.024735678940562522e+01
-2.379785353993123564e+01 2.246654476557175428e+01
-1.925794106564072905e+01 1.961097874711111899e+01
1.023806205467072061e+01 -4.073505745322830052e+01
4.004552925810601494e+01 3.887207529343964740e+00
-4.576472719119625765e+01 2.614135697506805300e+00
-1.630525334349007949e+01 2.057096949463169366e+01
4.411962296578385434e+01 2.966951432373214459e+00
4.071873609353917089e+01 6.993620195076268864e+00
-2.296741142680109249e+01 1.810006925871999783e+01
3.711505423698889672e+01 3.018827675405790778e+00
-2.317427287129632418e+01 3.192495839220049092e+00
4.594106018395973479e+01 9.561158814143146500e+00
4.216143351310098808e+01 8.731923319852803900e+00
-1.979449635445542555e+01 2.381414943034145892e+01
1.594419214338315349e+01 -4.081730882440009367e+01
-1.837561253306028064e+01 1.893586298802047807e+01
2.313551064401166002e+01 -3.495585218276102779e+01
-4.371357575889042124e+01 3.451639804017046398e+00
3.984124259505256305e+01 2.570168283803342835e+00
-1.702873732676586727e+01 2.168839407092578497e+01
-2.361077966924778337e+01 3.098168546086991881e+00
4.350448365931819694e+01 8.076904738776031323e+00
2.744223413767782560e+01 -1.831158520290136593e+01
3.635565910571980197e+01 -8.570434348792257406e-01
-5.074576914535767003e+01 6.307805401335116358e+00
-2.073829107075522415e+01 2.558752504381657999e+01
3.133422036300812863e+01 -3.349459801055629793e+00
-4.578344229404580545e+01 1.487171127920488445e+01
2.650981029437061309e+01 -7.748561842055212701e+00
-4.117803070772978202e+01 3.537993841719532462e+00
4.158271236477251875e+01 2.651980215855154199e+00
2.255108923666449172e+01 -2.828065846472815892e+01
4.936533213572585765e+01 6.822619607715938450e+00
-3.373774121737321963e+01 1.934318378182663389e+00
-4.264951842846192420e+01 1.424334999482384667e+01
3.082928423284534958e+01 -5.817841014669994593e+00
2.102873516578292268e+01 -2.476212752930454286e+01
3.907272023960027951e+01 2.936699673091531793e-01
-3.475535262937577841e+01 2.701718194986488797e+01
-3.075362874717401596e+01 2.482312894385331248e+01
4.438298913689948932e+01 6.078929343550591113e+00
2.130299913520076416e+01 -1.641465347102347039e+01
-3.431780841258096615e+01 4.615589298238388594e+00
2.961145723315890876e+01 -2.626327485716591426e+01
-3.562563253841417321e+01 6.153894904935326871e+00
-1.908875411050965099e+01 3.697415017077620991e+00
2.187053331158920599e+01 -1.209932747150350174e+01
-2.275902146361386613e+01 1.679197290568138712e+01
1.258024084634056194e+01 -3.327914025395991615e+01
-2.106470965602564505e+01 1.447008477801503012e+01
3.331052138124833562e+01 -1.531759992654597902e+01
2.289984499105839433e+01 -1.906885819769936319e+01
2.920522718433794651e+01 5.344509020156970713e+00
2.522158397716270883e+01 -2.595515812222192409e+01
1.777179690908413789e+01 -1.427592233170108527e+00
2.475136578948917432e+01 -2.722926964500806690e+01
1.944617578208511688e+01 -1.181254336681733186e+00
-2.059330546753841062e+01 8.620892430842069132e+00
-4.834137973232102325e+01 1.956421164158199488e+01
2.426516694308056543e+01 -4.769192289983800848e+00
-2.286137089351175433e+01 2.899198453248463281e+01
-2.177990882783890569e+01 1.398464479287714290e+01
-3.829184870085401826e+01 2.562503052322019315e+01
2.429041072489589226e+01 4.115298780007073276e+00
-3.768887587387310845e+01 2.140669710443362561e+01
-4.581657532306299174e+01 1.749625759052475260e+01
2.156186990684776106e+01 -2.368020228215398593e+00
-3.516576262984229828e+01 2.013763674761954547e+01
-3.604570588157933742e+01 1.352017102996474129e+01
1.810743513779110359e+01 -8.426300955309206087e-01
-2.134986847685590305e+01 1.296368521318751732e+01
-4.818763707552908926e+01 1.636223573642590168e+01
-2.027564656206173055e+01 1.297510832111826673e+01
-2.379127243583511131e+01 2.492864267766985975e+01
4.353505973812769980e+01 4.408422758314400891e-02
-1.383226609935992890e+01 2.227168927873420401e+01
-2.230991170648891142e+01 2.404994128848570512e+01
2.520455589517921169e+01 -2.585733125964915669e+00
1.941954931287648023e+01 -2.568730919147646574e+01
1.251094576125529656e+01 -3.989919194793316137e+01
-3.476576055956727629e+01 4.058443768239014537e-01
2.410838683221400558e+01 -1.602306856079356834e+01
3.105049926016265616e+01 -1.554858098326929339e+00
-2.175721211674537514e+01 2.686312484539049450e+01
3.593342764586267180e+01 -2.247731450217511640e+00
-3.450759433427245426e+01 1.811549199249736475e+01
3.040149944264824811e+01 -1.181506412064884692e+01
3.107976405632648920e+01 6.134007735469555911e+00
-2.438135851662211451e+01 2.874842178480045973e+01
-2.449758107440813504e+01 2.094635668918312987e+01
3.224826954962776426e+01 -6.122214294468371065e-01
4.389246308625212833e+01 4.196065288826910766e+00
1.939315261839797699e+01 -3.281916779466030221e+01
-5.085144067344164398e+01 1.103965616067276301e+01
-4.272839234029043354e+01 6.912185306348116676e+00
1.700673135072094766e+01 -3.960840780033928610e+01
1.641554772620834868e+01 -3.675061827307475681e+01
4.299874870808691441e+01 1.528059513885342113e+00
-4.919861639505256790e+01 1.075136574715556215e+01
-4.476183208528250645e+01 5.772891224888784478e+00
3.301051364481543260e+01 1.515941659107364448e+00
-2.312555559847124087e+01 5.820559934157239823e+00
-2.807041870419253371e+01 1.499346046639352359e+01
-2.914925193470001830e+01 7.758012500554815283e+00
2.342706330509386703e+01 -1.236120054532413981e+01
-3.409649073016633736e+01 2.599677635186086633e+01
2.889068413494132770e+01 -3.715344234895268549e+00
2.066511860815307955e+01 -2.384928157779932434e+01
-4.789379624775746436e+01 1.844042435033376748e+01
3.072636821742597135e+01 -1.003666224041005606e+01
1.648523633660498078e+01 -2.848167189909875319e+01
2.655651681391067243e+01 -1.676166487776982805e+01
-4.169695397331022946e+01 2.182999696251030741e+01
3.351635633403743242e+01 -9.374374791712961397e+00
9.444733181310256853e+00 -4.090250977835892598e+01
-2.729735490120092578e+01 2.937601545689395266e+01
2.715387929196757000e+01 -5.512297087309280919e+00
2.775995288837477304e+01 -4.952625875712944215e+00
-3.816579568537504485e+01 1.707883284832699289e+01
1.244183808916652367e+01 -3.829620573735300582e+01
2.659520917625615866e+01 -1.408030314949309592e+01
2.142618754254797153e+01 -3.061092786170400615e+01
-3.930294319349963672e+01 1.644841819987765774e+01
2.828539165312891868e+01 -7.399715700742467206e+00
-3.502239627445107573e+01 1.273519201685624935e+01
2.009794566896159651e+01 -3.684274795446921047e+01
1.580714479981580212e+01 -3.173283192590194446e+01
2.933873844798188912e+01 -1.280024209567675797e+01
-4.730114210322491886e+01 1.392120818221045475e+01
-4.615371065484268343e+01 1.029404159151014575e+01
-4.476552586340105222e+01 1.387645028231000133e+01
-3.676608131674090885e+01 5.951724424872419483e+00
-4.204460033039521250e+01 1.455490621310797472e+01
1.738779457524688610e+01 -4.104574657484133127e+01
3.380327413848290519e+01 -1.220654076969497837e+01
-2.844157933301383068e+01 1.968345640232317839e+00
-3.276727906726033268e+01 3.138929084452539797e+01
-5.139002784150553538e+01 1.062175391315260420e+01
3.102635992820453481e+01 -1.158981888565779528e+01
3.770544354858944303e+01 1.367128047240200095e+00
-3.396621498430356922e+01 2.760612020016818846e+01
-3.972139600083382760e+01 2.021979796990278544e+01
3.446482307884893714e+01 -6.347254461267071157e+00
-3.557198204194320112e+01 1.175428802069140133e+01
1.201204354435384580e+01 -3.675987336225983171e+01
4.222488013520175087e+01 1.142831904591288605e+01
-4.701866201484495633e+01 1.666123563507067118e+01
-3.379277474645881085e+01 1.208230643988394171e+01
-1.967271838308490217e+01 4.128878774942588592e+00
2.813913637978778937e+01 5.093644713740317798e+00
-3.645890600834181328e+01 3.653071426105034902e+01
-4.249718386781315616e+01 2.340024934192613060e+01
1.268644010079711570e+01 -2.798660602335828429e+01
-2.472688375031046704e+01 2.748532270568500380e+01
-2.670691545126241806e+01 1.121658434934657045e+01
2.617048629054286479e+01 -1.024077179489145273e+01
-4.011482668614360847e+01 2.336688710592694207e+01
-3.909444376848828284e+01 2.231055955584291794e+01
1.597317199100475982e+01 -3.482977811831895565e+01
2.430710086231168532e+01 -2.246861656058413814e+01
2.338108752617112529e+01 -8.031754621762037250e-01
1.003801615228115907e+01 -4.208439062801031838e+01
3.937783463158758224e+01 -4.449323669912707224e+00
2.878923104762144902e+01 -1.983511189042523437e+00
-3.855733075379627195e+01 2.147891457946247940e+01
-2.724402249473777360e+01 7.320697145414344575e+00
-2.885261986194969097e+01 1.656257436346310286e+01
3.178189356830955603e+01 -1.322601314399947015e+01
-3.996104993676730288e+01 1.609519838077820708e+01
1.858934081701696428e+01 -2.537376208268629796e+01
-4.082698420378420678e+01 1.330323318004998612e+01
-2.949955104715088794e+01 9.958099493117353873e+00
4.165299945163274487e+01 -4.046888070802442172e+00
-3.325790362119047217e+01 5.034931545771437200e+00
-3.250381028654529558e+01 2.088193929609559518e+01
2.860901862845355481e+01 -1.038683507402008743e+01
3.564480420548088802e+01 -1.022914066592927718e+01
-2.515823269917009597e+01 6.997488976907358271e+00
-4.378914574395488302e+01 1.071135638044684413e+01
2.270793126926464112e+01 -2.094440248681056715e+01
3.002007604080748493e+01 -1.641858934140557480e+01
1.591894942059088081e+01 -2.697874911680826671e+01
-3.706474914524314812e+01 1.410162487191024105e+01
-4.751069825310104733e+01 7.151968197998320953e+00
2.137469809974312440e+01 -2.002828878767152787e+01
9.831969435505405031e+00 -3.542357931960307837e+01
-2.833475121920863415e+01 1.420835422153310823e+00
1.811714953573867959e+01 -2.798352127240670129e+01
2.244181154460698124e+01 -1.985647202405739620e+01
-3.071800996757064794e+01 1.017380173093063433e+01
-4.795708213553120913e+01 8.078210571686900821e+00
1.310325092643031120e+01 -3.045234078628370966e+01
-4.806600587173772965e+01 6.676877646921522746e+00
-3.617127287932774493e+01 1.027315381510793202e+01
-4.529633572411722042e+01 8.795422013350998824e+00
2.781100242761042907e+01 -1.044218495540126845e+01
1.669210192925350000e+01 -3.130246468153602279e+01
1.456197474469464659e+01 -3.926387381489356443e+01
-4.815236159229175428e+01 1.762554264813645233e+01
-3.237199869864114987e+01 5.897755716556713601e+00
4.099136719536893736e+01 5.140542620385271988e+00
2.251547813219167082e+01 -3.003166265777514710e+01
-3.665147151430064554e+01 3.670130560296710343e+01
-3.742539681961535081e+01 2.634209496145378182e+01
4.812620333287231489e+01 8.240991586550677539e+00
3.092523535442495586e+01 -1.908712192792019735e+01
2.241919333878540144e+01 -3.284610861541450788e+01
1.687568107808970908e+01 -3.367368850658667867e+01
3.094519089030569248e+01 -1.636478120876066455e+01
4.939594796845798186e+01 8.181986782359610189e+00
-2.599128640650344479e+01 2.768446807943356447e+01
-3.564497496165320456e+01 2.840725421256188454e+01
2.590876528117347632e+01 -3.047425103835693250e+01
-2.588685529586331313e+01 2.125892594790824575e+01
4.686141075524682975e+01 4.545719547040276254e+00
5.127782115299698518e+01 6.671061758191044078e+00
3.052328860813256028e+01 7.641809422632037663e-01
4.221076378472535851e+01 5.626400829269924131e+00
-2.187849419240760085e+01 3.013105009248562283e+00
3.973523411523006388e+01 5.989151114310419466e+00
-2.772238208853400465e+01 2.523096990113608484e+01
2.720235878815618236e+01 -2.020843479094794048e+01
4.022344571001842439e+01 -6.321332193349553208e+00
4.053467572969542942e+01 1.027040652904945972e+01
