-1.403684581823272914e+01 2.934490774516327960e+01
-1.426992153522738427e+01 -2.880911372753917732e+01
-1.149149268464256224e+01 -3.491663871670944275e+01
-6.206038795955873821e-01 -2.260129948421122847e+01
-7.846180903947444385e+00 2.542563253672329537e+01
3.620962950091972488e+01 -2.230068422896052027e+01
1.333209985396031882e+01 -5.604693514050904213e+00
-1.328846224545007537e+01 1.229138549914665646e+01
-9.700251191038706366e+00 1.534885400911203668e+01
1.451318889079276175e+01 -3.381435642532290586e+01
-2.767571023982577572e+01 3.129414228082952576e+01
2.446327503611382781e+01 -1.667535742760938078e+01
-1.807035183557567493e+01 3.333018999314412412e+01
-8.152335092230716285e+00 -1.742736720571449283e+01
-3.892067158326564424e+01 3.517538684129152671e+01
-1.585203489526315579e+01 1.456578722279741811e+01
7.113456506594232343e-01 -8.778468721095366689e+00
2.035121257392296101e+00 -3.617237630427835882e+01
-2.626872097130714323e+01 2.041493554982599079e+01
2.994547342678126967e+01 -2.136478715417186436e+01
3.788222243207440698e+01 -2.498291009204973179e+01
-6.825655674996707667e+00 2.349088861112955939e+01
-3.012855011395168603e+01 2.628481387727725860e+01
-1.825158306601955616e+01 1.199482727847011354e+01
2.245436455761792161e+01 -1.964406092717255348e+01
-2.648081639910578655e+00 -2.848123024389509794e+01
-9.913593879029827249e+00 -3.871113050406903255e+01
2.069987166160953507e+01 -2.727554379634424819e+01
-4.058526668827665418e+01 3.422521319170324006e+01
4.799343574863423001e+00 -1.752636655184658210e+01
3.219543986421567183e+01 -8.298112005154035131e+00
-9.785893226403493017e+00 3.030788772034680534e+01
-3.861401906534004524e+01 3.020547296052972541e+01
1.401725585252833639e+01 -3.080342816176011311e+01
-8.361177113964624041e+00 -2.353458492512858058e+01
-1.521088281367947026e+01 -2.782766865542773260e+01
1.299182547651451181e+01 -2.789076714446462901e+01
-1.847273943636450255e+01 4.331368884708637523e+01
-1.581362892611885584e+01 2.166531641723585366e+01
8.816905256536674784e+00 -4.053948093329269753e+00
-4.846076315468088147e+00 -2.631953990492582918e+01
-2.075791581401643526e+01 2.290070936427775194e+01
-1.378485905428933300e+01 -3.158227791412539887e+01
3.088473047346601419e+01 -1.259491763490377281e+01
2.830362220194206913e+01 -1.374928857090466039e+01
-1.381615884310547770e-01 -1.449257689766776913e+01
-2.680578158034919056e+01 1.689125789321948545e+01
8.794185262000134173e+00 -3.149775382619730735e+01
1.556615626648446948e+01 -9.258823953328007006e-01
-2.830284622327099342e+01 3.407441400187301639e+01
1.500533715043374805e+01 -2.626955655039106574e+01
-1.214084249840880680e+01 8.370315581882051603e+00
-2.314484117220668224e+01 1.606284816304826535e+01
-3.852941631497389352e+01 3.585450976011817659e+01
-3.131665782606423143e+00 -3.856520684687802714e+01
-3.194907629882825972e+01 4.127458868917588575e+01
1.156561769303173826e+01 -1.540434245822318005e+01
-1.459506114332729254e+01 -7.771623779763957351e+00
1.637297243035141747e+01 -2.711546216625458428e+01
1.426144319539370464e+01 -3.526383274537805335e+01
1.048124964808169146e+01 -1.806764595181051902e+01
1.617622526594669807e+01 -3.194520442577020347e+01
-2.767256971029515356e+01 2.309007606437374349e+01
-2.587671472764761305e+01 4.564600588120990210e+01
-1.262182605567833882e+01 2.831986687560074145e+01
2.232412883131198100e+01 -2.309110070182155283e+01
6.998563747271817626e+00 -2.378915100957645379e+01
2.861051373293998878e+01 -2.513056331067643967e+01
-1.986851032645956394e+01 9.829798224089220327e+00
-2.322652293339700691e+01 2.350186086142654318e+01
2.840560622909260502e+01 -5.801292947863482041e+00
3.685766689134538154e+01 -9.999112497241291919e+00
3.221669578067881190e+01 -9.233198021076614026e+00
2.828222095750184195e+01 -3.909821909255892791e+00
-2.315773504060723909e+00 -3.331708107645832229e+01
-2.692926543825559804e+01 3.171774462941010242e+01
-2.548438049396335003e+00 -2.957668597795018073e+01
1.626364235731363905e+00 -4.096763951787232116e+01
-9.889005888204916772e+00 -3.603424461199497131e+01
2.896879922802435914e+01 -1.885572638257376354e+01
-5.342904124761263418e+00 -1.449886746790664738e+01
-5.110964614040253373e+00 2.635064764595729869e+01
-6.605532927771581519e+00 -3.791279861528328610e+01
-1.336708834597507511e+01 -1.938892710746862136e+01
1.079707737091781716e+01 -8.947538098908152548e+00
-1.383963798332137429e+01 2.620927318595898825e+01
-3.334650812002134757e+01 3.398205166557337265e+01
-2.993755731032928935e+01 3.226953714749109992e+01
-3.861772509334069525e+01 3.206620543992190164e+01
2.855544578082138329e+01 -1.920556182685868407e+01
2.764764548122749233e+01 -1.549317732965366545e+01
-1.378999081067851851e+00 -3.757859130898002320e+01
-9.633170872143118402e+00 8.951519054991331714e+00
-1.559509876211686930e+01 3.440538987633912882e+01
9.475930418696577817e+00 -3.473796659142467291e+01
-3.086960067805920360e+01 2.824632014964341309e+01
-2.246562991636897166e+01 2.683883985100676384e+01
-2.384894468235690468e+01 2.734659978425138149e+01
1.918182954021946074e+01 -2.021158107677232962e+01
-1.397107866837229473e+01 -1.977289427795497545e+01
-1.558425403795709663e+01 3.730831321074637685e+01
2.825118048717533981e+01 -7.265085675160971590e+00
-5.611908980099308053e+00 4.217180822209069646e+01
3.063162062281763909e+01 -1.865289059781602177e+01
2.510527084100291972e+01 -9.178970080724640823e+00
2.988305109859079778e+01 -1.374768157630152920e+01
4.255682454139792270e+01 -1.414899382216966472e+01
1.741456038490123959e+01 -3.159357693584279048e+01
-5.209738050708693002e+00 3.839564168425795287e+01
-3.189591569966475149e+01 2.252819924262401585e+01
-3.350003751419925635e+01 3.090633966989555148e+01
3.607538616013064470e+00 2.577524667060259489e+01
3.978678763251532757e+01 -1.111994733783267542e+01
3.957315682428452419e+01 -2.989240908499039406e+01
2.551093701347426190e+01 -2.851010356435047655e+01
-1.329534536657716259e+01 1.040668690658816864e+01
1.473357799119207279e+01 -1.746157970100863466e+01
4.074348712139913431e+01 -2.067380061570945315e+01
1.781989363710325236e+00 -1.083420385884069859e+01
-6.341195435828200999e+00 -3.509829862229385355e+01
3.960939132959445175e+01 -2.007952437517794664e+01
-5.030175183850642107e+00 3.407822967904426292e+01
-3.379966466683852389e+01 1.766870642333120855e+01
2.784497020976264992e+01 -2.404473844998040732e+01
-3.938471203514970398e+01 2.840242752445487184e+01
-1.206760903243897065e+00 2.417710033532206637e+01
1.006617492373093370e+01 -2.110104847117444749e+01
-1.013029760568484683e+01 -2.839383817014812905e+01
-4.360588963819163943e+00 3.077678717353446558e+01
3.935774072476412755e+01 -2.425090465282286090e+01
-1.038201612954502639e+00 -2.178758722861088160e+01
-1.723211224895255711e+01 2.253136541205914867e+01
2.255212643328718158e+01 -2.098613587903257738e+01
-1.302769603076765215e+01 1.587104699227921323e+01
-1.674869050775700430e+01 1.675165899864103380e+01
-1.323214232354650832e+01 4.554398341659254612e+00
-3.310831016594475784e+01 2.163594113354088577e+01
-1.087907903347392136e+01 2.434122761846801097e+01
2.538896958042128560e+01 -9.886773750775693870e+00
-7.179507657281843258e+00 -2.845854497584538478e+01
-7.489604463602896445e+00 2.427230353652986494e+01
2.248510330582541528e+01 -1.583049354031537170e+01
1.682353183427959920e+01 -2.362239795454987856e+01
-3.567409093551301424e+01 2.656153804579028943e+01
-1.619774194951712332e+01 4.118050721481797183e+01
-1.491418400932634225e-01 -1.848102322946780873e+01
4.314903594321897629e+01 -1.652226066870645482e+01
-1.840803021966195052e+00 1.738993623356853746e+01
-1.105548548324290614e+01 4.157593145408932145e+01
-4.768629442125381424e+00 -3.692527665563100925e+01
-1.151440493231212869e+01 3.389254845808308403e+01
3.427255009673276231e-01 3.194267809401036118e+01
3.764610047067353094e+01 -2.207465209318285204e+01
2.981397153795977317e+01 -3.237321565371475174e+01
-1.141182076612047958e+01 1.120163587023621510e+01
3.287212845641595038e+01 -2.874444382572609769e+01
-6.770589692748949062e+00 -1.673951858952869642e+01
-5.827191244610715692e+00 3.440313957640015019e+01
3.281225254523316437e+01 -2.949082513935734440e+01
-8.929020092710796774e+00 3.122260644593369250e+01
-2.624237159298622757e+01 4.000250104744155522e+01
2.565100810060324221e+01 -1.973689567896126462e+01
3.797702789279141200e+01 -1.251057524178143687e+01
-1.634386256391168635e+00 2.611572488318232033e+01
2.955692416227743635e+01 -3.327556031061909181e+01
5.419395075602878364e+00 -2.782737462241487947e+01
9.032056949606203089e-01 2.219537328310367030e+01
-8.619567624362186820e+00 2.761893803027835048e+01
-1.104050435908682992e+01 2.588008818502929387e+01
-2.028706100703937754e+00 2.050648212803383785e+01
-3.346646516630929824e+00 -3.949534691366934425e+01
3.311708457246745496e+01 -2.045471361073665761e+01
-3.713955732829983702e+01 3.360071009868752157e+01
3.812100015363442118e+00 3.000409248613836510e+01
2.788542820208995110e+01 -1.672766073765655648e+01
-3.507471453295580854e-01 2.875495676575561887e+01
4.083204644665141814e+01 -1.548617460786385180e+01
3.020577912221574124e+01 -5.383336418396082124e+00
9.573181979158658095e+00 -1.320033180923382510e+01
-9.219361329827391316e+00 2.329620901804016952e+01
2.483585937730668292e+01 -2.461990966850229867e+01
-1.244383430034412097e+00 1.622331312859094865e+01
-4.464542600579526344e+00 2.586359476223558573e+01
3.228431656569508590e+01 -1.577180125235972241e+01
-2.149091269953524730e+01 1.577699517068460899e+01
-4.497576807795170772e+00 1.389898181039555958e+01
3.883965119841948166e+01 -1.438277310942898701e+01
3.707253881371959636e+01 -3.069348023050555341e+01
-8.008683045351634888e+00 3.389224558862281356e+01
-9.355703002981076821e+00 -3.123377533863084210e+01
5.113062012520246391e-01 2.717188647280319458e+01
2.684690584832294391e+00 -2.072894303642881653e+01
-3.595992729822682321e+01 2.086062933470830671e+01
2.755940606912097834e+01 -2.073157793507579427e+01
4.173356000649356190e+00 2.916850031587525649e+01
-1.891996573215153887e+01 1.371385566814224433e+01
-1.120287318341706140e+00 -2.437388548136079081e+01
3.674004063846088997e+01 -1.965733617811888934e+01
1.282542090402832535e+01 -2.467688962767613603e+01
-1.373855756259347416e+01 4.464576422919446941e+01
2.162721276290265848e+01 -7.909813162375873397e+00
-3.252916392509771271e+01 2.005894809702672177e+01
-4.080069792838242648e+01 3.569099642092728430e+01
-8.263474817616936363e+00 3.832099879721016578e+01
2.199193421009141147e+01 -1.174986994433236909e+01
-3.054324007672982333e+01 3.454834442715183940e+01
6.286077941169518901e+00 -9.531453567808918947e+00
-3.992635147263950302e+01 2.666803648523042369e+01
3.816244094725360725e+01 -1.784882412154389897e+01
-1.757989935138042803e+00 -2.741689930822111165e+01
2.246316262330241287e+00 -2.152835199828147239e+01
2.167655130753737680e+01 -3.096451017663106242e+01
4.159276512093373412e+01 -1.532735192246901512e+01
-2.131277305304670122e+01 1.445372666454259480e+01
-2.499976875545480937e+01 3.875952919638336169e+01
1.603384986691157366e+01 -1.593085967784979395e+01
1.710290758844408643e+01 -1.089750243496330739e+01
6.543452715585096335e+00 -2.037389382637173796e+01
2.560377284565862155e+01 -5.209368104242540376e+00
-1.778560896121973656e+01 4.319374069551378170e+01
-1.183376921973363771e+01 4.155571805344450098e+01
3.740114296311855924e+01 -1.639988404840771352e+01
8.732369337814148480e+00 -1.596638692936184789e+01
-2.509328589325528114e+01 3.302401345823324874e+01
2.016642897384139044e+00 1.840009080044297818e+01
1.836350008051821092e+01 -3.457541444143181053e+01
-2.227418095149846877e+01 2.127998578655009609e+01
4.105253868833874975e+01 -2.452865492825205962e+01
-1.470005600407033874e+01 7.935987016318890142e+00
5.619296565079944017e+00 -3.142069962778243664e+01
-1.420660293734431612e+01 1.877401593454797535e+01
2.656908857301197635e+00 -2.709578021318118957e+01
-1.277560803600472639e+01 1.282657691210313544e+01
1.599733878178441060e+01 -2.070493221865311284e+01
8.654197291372126344e+00 -2.264130453579786462e+01
1.797998698168715492e+01 -6.579233609211470934e+00
1.802378573078830470e+01 -1.882487679560601634e+01
-3.648466899512635475e+00 -3.257690141461510791e+01
-3.854477114651114977e+00 -2.551908372343107345e+01
-2.264655207145275018e+00 -1.671000223120732286e+01
8.326675985014135861e+00 -2.707860103286629183e+01
2.473442120085091123e+00 -1.020998235620881367e+01
-4.760872366160244340e+00 8.245623064466389707e+00
6.910516210011473426e+00 -8.740883842726184128e+00
2.935211301479379742e+01 -1.084827932686740759e+01
1.229108931137449900e+01 -2.149859168702913337e+01
-1.977598902016530147e+01 3.516994746171714326e+01
1.958710271265626446e+01 -2.791055795944528484e+01
3.478257350263730530e+01 -1.200116166339224932e+01
-8.201309132371733313e+00 3.995416272021314086e+01
-7.727212941689492354e+00 2.048022053328487146e+01
-6.340024822013647920e+00 -2.888959653352293699e+01
-1.822157849414722142e+00 1.913025399019791095e+01
-4.050817539801774281e+00 4.100718464284170750e+01
1.165429312381319171e+01 -9.154400968027253782e+00
-1.699632726829813123e+01 3.088861378733695773e+01
-1.998376570822392040e+01 3.209995797511498239e+01
1.432222722760221068e+01 -2.204213579097075737e+01
-5.157359380384055392e+00 3.031901197101301904e+01
-2.525433485054558602e+01 2.385672262873031002e+01
8.853805445738222701e+00 -4.815062426001326834e+00
-1.033785848501885418e+01 1.176040262687741844e+01
-2.953795125743457106e+01 3.342705398462729249e+01
-3.980711020810599743e-02 -2.213029742769730301e+00
1.021641684518054483e+00 -2.564015005195592778e+01
-2.171896878627135763e+00 3.525632565292126230e+01
3.089084979928896502e+01 -1.468900597367223604e+01
4.511557331027161943e+00 2.659840231402427690e+01
3.280282720412807151e+01 -1.669904607486704862e+01
-1.884961846024669763e-01 3.068236206165783386e+01
2.095217115444571832e+01 -1.267748044814600661e+01
4.330188748238424701e+00 -3.624170010982699353e+01
-3.569229649384326741e+00 -3.325692855985033702e+01
-3.352703668667957970e+01 2.058017576959605321e+01
1.044603642872201377e+01 -1.331470590153305444e+01
3.612915852024611496e+01 -6.389832054596971567e+00
-1.769009340903594074e+00 2.296211723792675841e+01
-1.574321003114790152e+01 2.696973551090526655e+01
2.262325957392952702e+01 -2.268540316283451830e+01
-5.040127871691299610e+00 4.023756355974687438e+01
-1.098641998023703792e+01 2.024309157295319395e+01
1.373339233059208198e+01 -1.397566301392073029e+01
3.317664101812619037e+01 -3.086852929981222005e+01
-1.867531045253447708e+00 3.869918817842156500e+01
3.019218918904505333e+00 -5.553490572822780358e+00
-3.704988973413070319e+00 3.209804980291436749e+01
3.844295936945509595e+01 -1.999950509751624139e+01
2.073022428477887402e+01 -8.110142895946991004e+00
2.652541837226559451e+00 -2.396697451993671280e+01
-2.659302828539583885e+01 3.843668383779697706e+01
-3.046979081466554007e+01 3.105174883929755225e+01
3.762065217729687561e+01 -3.065336144443754662e+01
2.205595397726682894e+00 -3.143992586250685761e+01
-8.756262167588289458e+00 -3.775519810539824306e+01
-2.101985183909597055e+01 1.845945534917885311e+01
2.240039861668012477e+01 -1.717158259043374002e+01
-2.785262107524698649e+01 3.841546949500557417e+01
-3.160633255717234746e+01 2.654256550811992810e+01
2.155552880218866463e+01 -3.513247744884028467e+00
-1.737068150283620227e+01 1.005493369709487084e+01
2.981006125721141231e+01 -1.682577183597871340e+01
-1.585787978634804496e+01 2.439686900487943433e+01
-2.467347317884196656e+01 2.140245136792010427e+01
1.962703104142436672e+01 -1.210456023091033728e+01
-1.337024653290949061e+01 3.935834822974803160e+01
-2.364497462090696800e+01 1.783182723469025532e+01
2.016526826357892688e+01 -1.710206561856515250e+01
-6.315234286605640790e+00 -3.575146292673195347e+01
-2.076597431687115147e+01 3.365750187298917950e+01
1.886850728484186845e+01 -6.496007745325088401e+00
5.708051504073729632e+00 -3.540396686942490589e+01
5.833065206091836430e+00 -1.729159394104043201e+01
-1.700654987587715183e+01 2.538633323195886859e+01
2.341864577655195134e+01 -2.576975026899768650e+01
-1.465176184550857030e+01 -3.138849922457018948e+01
3.584545117282503246e-01 3.870669062704457275e+01
1.960682056341200763e+01 -1.853325804982519287e+01
2.698293897832646238e+01 -1.270134532255247883e+01
-2.290162582782958012e+01 1.204978125104869946e+01
-1.087533785659287311e+01 -2.977784387095609375e+01
1.027423770122181246e+01 -2.417102169731725425e+01
2.029247694746178254e+01 -2.434707576149972752e+01
5.032775378047565695e+00 -2.525828867242237052e+01
-2.748448292155725525e+01 2.842485967359739973e+01
1.339091609025793694e+01 -1.214044073448429550e+01
-2.045793165187184215e+01 1.977067438009365219e+01
5.624294921265420300e-01 -1.127473935624267121e+01
-8.986903922394628097e+00 -2.642424370606857309e+01
9.339348111925016127e+00 -2.770455836604515909e+01
-3.013719752698580834e+01 3.685800223693742339e+01
-2.189470419033870741e+01 3.238049495546896139e+01
-3.121604220186452849e+01 4.076025637443953542e+01
-3.572679648575797984e+01 2.383345457003390422e+01
-2.640400154964168422e+01 3.681796273578174095e+01
-1.172121531715376008e+01 3.449650822237763492e+01
-8.712040656097117974e+00 -3.255495700686731908e+01
2.113039813743951711e+01 -3.213511900726383175e+01
-2.767159724484471184e+01 1.241541602344918971e+01
-1.693841888746868563e+01 4.322957731670027215e+01
-3.313796549478303888e+01 2.591853334780864415e+01
1.670873263723558111e+01 -2.787601142505010188e+01
2.327714130168628159e+01 -3.125552753385468918e+01
-6.252434174802584899e+00 -2.514289505603682429e+01
-1.760593536697714612e+01 3.789615104401623569e+01
-5.524096107580899861e+00 -2.031503912254755306e+01
-2.239899316212389024e+01 2.758401197304203478e+01
3.976421365185036905e+01 -1.826743250404879504e+01
-1.966811570921426622e+01 2.530157147664094808e+01
-1.061726827336250123e+00 -3.429100295764789053e+01
-4.099220471013257594e+00 -1.632333333977064882e+01
-1.918059893282173078e+01 2.811365220671128640e+01
3.796746440856896498e+00 -9.649172664025810420e+00
3.361301497437865038e+01 -1.431669875305959749e+01
-2.383318356059044518e+01 3.526685500241450910e+01
-4.077001079851708454e+01 2.964060932347902266e+01
-1.991977599045048208e+01 1.688309954735896667e+01
-1.059483381596320584e+01 2.857301190592814066e+01
-1.378456509795765683e+01 4.100265984258254726e+00
-1.473781006839737984e+01 2.458976540077228989e+01
2.259724833357110185e+01 -1.442648492433843543e+01
3.118864860751486034e+01 -2.348290247373241968e+01
-1.524633086783413560e+01 -6.774356100076212250e+00
-2.797944809602840976e+01 2.727464263190426053e+01
-1.178997130178528785e+01 2.807265650071613550e+01
-2.046977085389180218e+01 3.939565365286346577e+01
3.033964217386172724e+00 -1.301281768876965117e+01
2.986571805070159957e+00 -3.595622332357048379e+01
2.782314345172387515e+00 -2.582898182627823047e+01
-3.809189860040813613e+00 3.711026926312640484e+01
-6.259002991326754639e+00 2.975158288259668282e+01
-9.336508698207991230e+00 1.664764624659357395e+01
9.734317929905532907e+00 -2.881704868469447689e+01
6.775002940073662216e+00 -1.337808310815656476e+01
-2.672200714466598370e+01 2.664753649176957140e+01
-1.334320687881183254e+01 3.271420571579445635e+01
5.347384803246923113e+00 -2.205151389683982899e+01
5.714920696676108136e+00 -3.766931799348814280e+01
1.316611124794181542e+01 -6.735579618556357673e+00
-1.385740313428856929e+01 -2.830836961740240199e+01
3.016651561045447494e+01 -2.756641087496879550e+01
3.978847696525221522e+01 -6.901710427602901099e+00
-1.833629133415662338e+01 2.851220384371162453e+01
-3.491706918274103799e+01 2.853492753578219165e+01
-1.372977621967791073e+01 9.301681118606197174e+00
-1.800778995594271592e+01 1.973420764946655126e+01
-1.513952888426124055e+01 1.947424059740077240e+01
-3.516611434202816966e+00 2.096618477410575565e+01
1.037979917305134059e+01 -1.738191217394132693e+01
-2.081649798716582822e+01 2.933744482347750804e+01
1.588606695935212443e+01 -2.192724817367117041e+01
1.070868441941822624e+01 -3.010508487182247706e+01
-2.339949975497160395e+01 4.157620635334536274e+01
-1.215862960699499240e+01 2.055575966060347071e+01
1.643543348351436606e+01 -2.953515179817767944e+01
1.668764898647331663e+01 -1.027785245245788559e+01
-2.248247804132232730e+01 1.254364623497421505e+01
-1.875768927936433528e+01 3.189346747157322426e+01
1.874149932815114283e+01 -1.586878507890225087e+01
2.393957416310138697e+01 -2.214430360102384654e+01
3.148433930217155119e+00 -3.122363080900478494e+01
7.708938827045203723e+00 -2.917217248220088877e+01
-1.574319060484815935e+01 1.187129479081273686e+01
-3.307966566331715796e+01 3.644211322227621253e+01
-3.038425527944432769e+00 -2.188928753889047485e+01
8.150003771427266841e+00 -1.414544351819576917e+01
-1.259382874103228289e+01 3.004384842771652586e+01
1.944880908935412123e+01 -1.455651503129080915e+01
-5.713342025850660200e+00 -1.606910569585961923e+01
-1.847803812521703293e+01 2.295073280266606730e+01
-4.673317969257821503e+00 7.083369644358414874e+00
-3.529435078143327331e+01 3.370009134594410938e+01
3.110654986703807801e+00 -1.696486650165104848e+01
4.824984152322195463e+00 -3.929662503040776045e+01
-2.658421615368871116e+01 1.309525210587499977e+01
-6.254716510508250948e+00 -2.036737878020177206e+01
9.655712263715162891e+00 -2.391832156953121569e+01
-1.371027677158651414e+01 2.172817084927504894e+01
-2.258660547650446659e+01 3.135288273014493754e+01
1.555362139968072732e+01 -3.297253895118523559e+01
-2.963900123588572910e+01 2.463189560221224994e+01
-3.767787748243767609e+00 -2.368282638027748632e+01
-2.091527844978190487e+01 2.543601939817123636e+01
-3.389735040276131883e+01 2.980088023192069002e+01
1.546339917276046805e+01 -1.667902263605963498e+01
-1.091315364851042347e+01 -2.592109282866647035e+01
-5.566844967817636380e+00 -3.200866541585586589e+01
-9.882422175063524605e+00 -3.546117880721990900e+01
-2.190093875735196605e+01 3.554882942214997144e+01
-4.114732457476270255e+00 -1.986221954911680498e+01
-2.466987567197389808e+01 2.275393780182866621e+01
3.186698806838517939e+01 -2.275889559127907091e+01
-3.658250877094785913e+00 -2.411911220296465785e+01
-6.051267536695991822e+00 4.523914894317509550e+01
-1.685137930471028866e+01 4.588183980579118071e+01
3.316362772137594561e+01 -2.253707852087510588e+01
7.543418618407936371e+00 -3.811302618377231255e+01
1.387338137698122864e+00 -2.832791256145965164e+01
-6.737443282102580921e-01 -1.911741012940884588e+01
-1.189045609438848139e+01 3.792318291670634522e+01
1.996555918443870326e+01 -2.253536731234210322e+01
3.869494701613373167e+01 -1.164257950062306790e+01
-4.095548038996646056e+01 3.318527618350485398e+01
-6.320422097776193127e+00 3.674384320198772258e+01
-2.896840772493748162e+01 1.150387504961285501e+01
-8.258922916136441472e+00 -1.948324167064122392e+01
-1.788307515236432943e+00 2.916094456108320543e+01
3.382330237042424415e+01 -1.915066730401834150e+01
4.280921305030887680e+01 -1.027728708396386281e+01
2.445481180694065415e+01 -1.347735827088044047e+01
3.517572000045451830e+01 -1.305187783676120539e+01
-1.527471777067261094e+01 6.519302842688141197e+00
4.226750440606198822e+01 -2.432193495706830078e+01
-7.466686525465270563e+00 3.801365867740016569e+01
-7.388699986578244783e+00 -2.472558154372558548e+01
8.050570293777163045e+00 -2.137592412416186605e+01
3.306297308733220319e+01 -2.444956507089889897e+01
-1.016449834509803551e+01 3.727077716534342500e+01
3.639247837037907374e+01 -2.602993958900413674e+01
4.349744096764472800e+01 -2.256400579601017498e+01
