-2.371455060484061850e+00 2.048180310999294562e+01
-1.535853567385689722e+01 -1.312764196408786255e+01
-1.021821124945756054e+01 -1.607905161907205382e+01
-1.109527974896741043e+00 2.316919761513909393e+01
1.045125670153239383e+01 -2.527700346357129746e+01
-3.895407470405077843e-01 4.275503679626067033e+00
-6.818459942338202850e+00 -2.277051690518318594e+01
1.272170001601917555e+01 -1.407935007843920694e+01
-2.656462588099110622e+00 2.389827150178495074e+01
1.986693285389399222e+01 -1.796765816098561075e+01
-1.948671575725663274e+01 1.037313916225495980e+01
7.330765236201990387e-01 1.375869014702229265e+01
-1.149267255898874218e+01 -1.045803720763149514e+01
-8.379608299386488213e+00 -1.461842888710328303e+01
1.757482019380056659e+00 1.539200828336224269e+01
8.723360542416216390e+00 -2.649780801179699807e+01
1.745842676648489089e+01 -2.714794749132828500e+01
-2.912261591949762085e+00 1.243267623188375559e+01
-1.247692742664260557e+01 1.253182955860072667e+01
8.708125410037558467e+00 -6.390992345975965883e+00
-2.635621940871765378e+00 -1.501520444327665338e+01
-1.242428659860164153e+01 -2.293534894044272221e+01
7.039677313300899186e+00 -2.609618095946336069e+01
-1.818848161389133722e+01 1.421335370071668258e+01
-5.621229254272718912e+00 -1.603596790656339977e+01
2.022606773352887544e+01 -1.032873134932101955e+01
-1.591385963383278401e+01 2.314654606321113306e+01
3.719730709878859010e-01 -1.259086084867859689e+01
1.235033009872307908e+01 -2.276745917369209504e+00
2.285602135839767790e+00 -1.240273569790736019e+01
-3.676899915672493524e+00 1.645803835587651065e+01
-4.414352192676533448e+00 1.550352639659005227e+01
3.248755252209751809e-01 -7.972746714984205951e+00
-9.345122175105066376e+00 2.803298705034259797e+01
-8.597381176096671851e+00 -6.850392670535034867e+00
2.267939403108987229e+00 -4.905119748576727723e+00
1.111415446424794240e+01 -1.825271185027723675e+01
-3.950123244686948976e+00 -1.881255245322140723e+01
-1.676011763895737516e+01 4.748663029835047844e+00
-1.421702990792444510e+01 1.675659548989949599e+01
5.972952604587401515e-01 -2.286189310255736018e+01
-7.751216543273605097e+00 -9.697751301892559850e-01
4.579462540214387922e-01 7.911921398920400250e+00
-1.292834761910053842e+01 7.353513273680643003e+00
-1.352834502667952243e+01 1.756829012285841074e+01
6.609714251470559354e+00 -1.998448662580666380e+01
4.966619717306051562e+00 1.409094853440062911e+00
4.974550428517679812e+00 -1.604852984290540974e+01
2.200920022151672040e+00 -1.025148441990729431e+01
-9.737686495683611554e+00 2.408271607186003394e+01
-9.349275944981695119e+00 1.536966861808576823e+01
1.381417468086439371e+01 2.419937420401378603e+01
-1.601267455177643351e+00 9.742983406289489778e+00
1.601852741431661542e+01 -8.359196756288151064e+00
9.343098035690477587e+00 -2.127494350588898087e+01
-9.488523238375965008e+00 -2.543016595677676861e+01
-9.784095040173641067e+00 1.832913121734920381e+01
-6.685680441100483762e+00 -1.667568657072841631e+01
-7.723720596397098959e+00 -1.068029108331278465e+01
-3.867665653324091846e+00 2.734978780756878081e+01
8.835471876924694712e+00 -2.276907224704223509e+01
-2.038404076198451875e+01 1.837247093866741565e+01
-5.482176472714091808e+00 2.781504821803044081e+01
-1.916324794721825953e+01 1.656804805342704512e+01
9.606368155272512865e+00 -5.419430860462116861e+00
1.757038924031556704e+01 -1.039774072928624093e+01
-8.722332992210446889e+00 -1.547142765831147670e+01
1.430465264924378310e+00 2.038872045956735235e+01
4.029789814368768930e+00 -2.051708248485653385e+01
-1.217616193449504536e+01 1.351810707303038050e+01
-2.903941655374046249e+00 7.354346920041194835e+00
9.382817595332371141e+00 -1.381952413415785053e+01
-8.834499827129400629e+00 -2.037327304983891807e+01
2.787656342132394549e+00 2.170065799163215914e+01
1.483765393770550389e+01 -1.898731351439649728e+01
1.866607014829320477e+01 -1.504843473837192569e+01
6.754828112163035136e+00 1.857114049150575497e+01
8.496074794416477616e+00 1.594208129678947117e+01
1.257928289184072312e+01 -9.980675703814835487e+00
1.369590598960621897e+01 -5.935545153442859601e+00
1.282434408213094734e+01 -1.984486305230607428e+01
1.054763111733960912e+01 -1.607892010674532202e+01
-4.214444181324786598e+00 -2.226242835430877776e+01
-2.898678879894322158e+00 -1.412890850413107380e+01
8.857620623872465515e+00 -1.697379148124658954e+01
7.901001173104939213e+00 2.458066647197351529e+01
-6.940419993133968291e+00 1.300749753014706833e+01
2.193171114549097567e+01 -1.365048279906336148e+01
-1.500440554467501286e+01 1.388950072647136302e+01
-3.848584281122671147e+00 -7.116153351869510146e+00
-1.446063946230452757e+01 -1.782225758670533011e+01
4.065058209820432644e+00 2.882521131912919543e+01
1.300986856750358811e+01 -1.641602234074900935e+01
-6.579921512781684356e+00 -2.173110210591853431e+01
4.995534866703284393e+00 1.507884614116461997e+01
5.640604747352365500e+00 -1.433844737320581153e+01
4.086143698484032249e+00 1.911570999233140711e+01
-8.043800886259678151e+00 2.916387233787321165e+01
1.109045713048924675e+01 2.425932839438937449e+01
-7.742599190532906128e+00 1.286943931183536449e+01
-1.237000777484585434e+01 2.754380449616084903e+01
7.760305086363156413e+00 -1.599760515656659443e+01
-1.072795241856680448e+01 -1.359776931347294138e+01
5.329843520633008147e+00 -1.759423710460841406e+01
-1.208055753998526782e+01 3.375914533608010970e+01
1.073366278254295203e+01 1.411915951157216220e+01
4.460799786172922055e-01 1.677761711524121324e+01
2.549102574229941798e+00 2.660354155154106337e+01
1.135219303197230412e+00 2.393160720841823164e+01
1.604967259186091155e+01 -1.309226495291723147e+01
7.752960980731489649e+00 -1.010512277935719183e+01
1.419573248731800419e+01 -1.163423114498587552e+01
-1.249228524409365271e+01 -1.372780631570606502e+01
7.680868788399713987e-01 2.175859296142118637e+01
-3.202020525366545023e+00 2.202100334165722018e+01
5.661573504216010022e+00 -1.172915716214111015e+01
1.007110204104082563e+01 -8.645763458530799639e+00
5.008715422466202050e+00 2.334379360514876822e+01
8.961637048749116374e+00 -2.042289665336981130e+01
6.273169734184123492e+00 3.098582969354389860e+01
1.222864579011507580e+01 1.207217669051378905e+01
-1.470933035696475422e+01 -2.173432951788304379e+01
1.077030478850403838e+01 -2.484610251556781435e+01
-1.696118778288328244e+01 1.367068440982023247e+01
1.558207780228615746e+01 -1.162264311386504367e+01
2.067903057797756361e+01 -1.461318024946911542e+01
1.588535003878174479e+01 -1.525514794289974319e+01
-5.897560045178774857e+00 9.040963825600924153e+00
7.129915709527484324e+00 -2.120646367989626668e+01
1.401448087490489947e+01 -1.899079160370279951e+01
1.114680784531777391e+01 2.027637463937293916e+01
5.633559346165073478e+00 3.116628474615676225e+01
-8.477735932194522261e-01 -4.250654411578346448e+00
-1.851947101022646081e+01 1.007927134460759611e+01
-2.803952403283327843e+00 3.500529772394534689e+01
9.499764763217996233e+00 -7.672347531951764665e+00
7.207736850604262280e+00 -2.968815811453948683e+01
1.203530105723172028e+01 1.986271632322312186e+01
1.436949136342855837e+01 -1.427099405294052481e+01
-2.012807847848477749e+01 1.798469665277564999e+01
3.238037297366002321e+00 -2.555320916089200267e+01
-9.526963611345779626e+00 5.351836777906059162e+00
1.919938355220481796e+01 -9.230034709700385420e+00
1.569670237757257958e+01 -1.716321829596938642e+01
9.716788460632604096e-02 1.201847128297491807e+01
-1.423298584658881083e+01 2.313308717112319002e+01
1.930837223682344561e+00 -2.238842106570200485e+01
-1.128472401696431326e+01 -1.114390713129242272e+01
1.519298383567356581e+01 -2.101820241378718279e+01
-1.951107073450466745e+00 2.196138266537250416e+01
8.675253594756783926e+00 -2.978142172376674779e+01
-1.509793057184126708e+00 -1.172414072769443116e+01
-1.378728328224149102e+01 1.159209340416794376e+01
-4.609903577930388074e+00 -8.808845133765272450e+00
3.332522504529524365e+00 1.212793442942619215e+01
-6.842812843859076288e+00 5.979349070492115281e+00
-5.217995827697481381e+00 -2.718737484130789994e+01
-3.999610618112741101e-01 2.573999901928923606e+01
4.647514680702048651e+00 2.054548254663724904e+01
1.063912734113334935e+01 -2.225616706909976372e+01
7.078838335001191417e+00 -5.794745486236578813e+00
4.464355193777231889e+00 -2.629322444258409774e+01
-3.836485987409829601e+00 -2.022147636480681143e+01
-7.872811171995848234e-01 -1.930449111523648043e+01
-4.566617857354532184e+00 1.370113700621588038e+01
-1.118501586627828637e+01 3.440130784812492948e+01
8.122205865029757277e+00 -1.763989898871814788e+01
1.536117758780717102e+00 1.915520427113393964e+01
4.447962621283553908e+00 -2.759399537148128445e+01
5.119819560334773811e+00 2.525295472201140612e+01
-7.437263534325758485e+00 3.273836184459208454e+01
1.991916333179974430e+01 -2.242253232274940800e+01
4.694521718332612004e+00 2.577073878741895641e+01
-1.062901610456668955e+01 2.050647581601807445e+01
1.050735284452387619e+00 -1.910308770391471356e+01
5.127579047906392518e+00 2.078762054690067629e+01
-1.558075392198422904e+01 1.895168580118467716e+01
5.446285127046265551e+00 8.002339294247063251e+00
7.834594250029525142e+00 2.225469905234128731e+01
9.270779557652362612e+00 -1.152955481966760942e+01
7.176409686036418378e+00 1.798886887707417870e+01
3.139887197705384825e+00 2.722696147581599035e+01
-8.286136295242512162e+00 -2.548411405484101877e+01
-5.786375063603527380e+00 -1.140649777168377277e+01
-9.979242151875286737e+00 1.265872838409324963e+01
1.759031138860489563e+01 -2.386303845129972601e+01
7.764091811231208062e+00 2.554517185755340947e+01
3.322247921760974609e+00 -1.164721372507852060e+01
-8.899234310757607957e+00 2.135506952563624949e+01
3.683225969386572096e+00 -1.695429096282619241e+01
1.280466137119232251e+01 -8.435338596107808229e+00
-5.835158703189267104e-01 2.094229356793448815e+01
1.296991168744564682e+01 -2.552130285875713511e+01
1.206888648447508317e+01 -1.189937439211525216e+01
-6.237966963815938293e+00 -1.875721486433619489e+01
-1.707889538831298282e+01 2.356958130660769868e+01
-1.245729258128989159e+01 8.398945528127002902e+00
-1.273237940091830644e+01 -2.175391472486534994e+01
1.602124790488610273e+01 -9.357285429064134519e+00
-1.614538520397294619e+01 2.070307669815980844e+01
-1.784800974894040948e+01 9.497808599031909438e+00
1.678091559550668777e+01 -1.128007240023666569e+01
-5.212721838329199997e+00 2.616185719317288161e+00
-7.266327823537475916e-02 8.618422509479277238e+00
-4.770121478366565526e+00 1.087500751906176255e+01
-2.013233753576885721e-01 -2.304139157724659626e+01
-5.607557259344162048e+00 2.281310934825272696e+01
-3.922033349765484900e+00 -2.366050813638074501e+01
-6.173786267467043842e+00 2.537334375208709147e+01
4.941385564153393695e+00 -9.913066947248166727e+00
-4.299000324315363386e+00 -1.610256972810693199e+01
2.990719213554557943e-01 -1.470852553597334378e+01
-3.251488198868028867e+00 2.792819516033104676e+01
1.423893616949581897e+01 -2.862180577325788278e+01
-1.409736719188488507e+01 -2.257653447359948107e+00
1.633611324620039085e+01 -2.469582044165033352e+01
-2.102590387217758983e-01 -8.548240469219583915e+00
-1.346539907796331192e+01 -1.828227431819891891e+01
-1.553518015713539491e+01 -1.220290945304290098e+01
-1.637981424295438471e+00 3.400045984612910388e+01
-8.341572542704209781e+00 9.764725289880271220e+00
-1.206539072009752545e+01 -1.937346902250463287e+01
-8.643912405036854096e+00 -1.246455057770109143e+01
1.615905199405000214e+00 -1.903969060168367733e+01
-1.031837186557804209e+01 2.553702224377949648e+01
-1.293149935368073322e+01 2.182250066685335455e+01
4.668215638402642753e+00 1.143891171998776635e+01
-2.897179598809544565e+00 1.783274705231043100e+01
-5.469062554644399832e+00 -4.184379869851681200e+00
2.319805145080237274e+00 -3.167327643006982996e+01
-6.534921509494929559e+00 7.173644026865183321e+00
-6.632108364307799597e+00 2.274774663193493396e+01
1.516815359428298704e+00 -3.196072755136449928e+01
1.940917556737964844e+01 -5.471086138780585806e+00
-1.538912515970758399e+00 1.755365183156528275e+01
-1.646930187137949986e+01 2.780867231767722814e+01
1.711653224029048914e+01 -1.952309106884920453e+01
1.191254997891643619e+01 -1.481747277052211054e+01
-7.841093487671670914e+00 3.229457024345851579e+01
-5.104670985294203156e+00 1.608849119227620861e+01
-8.823914394532206273e+00 -4.861855673877943040e+00
2.801269902882103646e-01 -2.734439020480229487e+01
-7.644969866266686509e+00 2.191961636691686977e+01
-1.549776639996549576e+00 2.885667062540798256e+01
-7.432134187828350669e+00 -1.445340407522017401e+01
7.423931721974107667e+00 2.093382635911922662e+01
3.952372308609437002e-01 1.427761661358934298e+01
1.412720670912307463e+00 -1.601516154624511756e+01
-6.778289925067232380e-01 2.928557743277667313e+01
9.739103856665237702e-01 3.076812042116112522e+01
-9.654696565656777807e+00 -2.275037141255164741e+01
4.154572102445108328e+00 -7.558383556547433102e+00
-1.193089189122630422e+01 -1.612640161997745736e+01
8.860567856923832863e+00 -1.400882095538469230e+01
-1.536616866840070816e+00 2.642684987743161429e+01
-1.043889460746481390e+01 2.696659462971365784e+01
-2.056876525823906121e+00 8.601253417325738226e+00
2.149612985281174460e+01 -1.952361297845057209e+01
-1.379757728023099972e+01 2.364637239323004891e+01
-9.476596236539750251e+00 -1.868872627848080370e+01
-4.445378944604136073e+00 1.983196038002347095e+01
-9.875909830512769716e+00 3.057930413591539676e+01
1.096870862887071318e+01 -1.949259219761794526e+01
-5.909975329354194784e+00 9.999683527495056623e+00
-4.930708959841721750e+00 2.413588702779339812e+01
1.351407888005943647e+01 -2.242967720963866185e+01
-4.264288760628390129e+00 3.040724985239767619e+01
-8.526137904953847269e+00 1.660947202558627467e+01
-4.708188080624035265e+00 -1.338967756393226871e+01
2.094089440498479959e+01 -2.100362289917373104e+01
-7.990660891452086467e+00 -2.081357670904304413e+01
4.434039549035040828e+00 3.190973937555283513e+01
-1.228416043945510694e+01 1.810179239353498204e+01
-4.787852136813365078e+00 -1.814680639764086223e+01
-1.808691801446481762e+01 -1.631824374705169589e+01
2.897839570148448285e+00 7.381935094930560659e+00
-1.729665001400198188e+00 -1.615916684403247316e+01
-1.539233508125922789e+01 -9.873828907417752987e+00
-7.639975393512102642e+00 2.921689714965116025e+01
-1.154007023719116454e+01 1.811546336496531140e+01
-7.034168265870645698e+00 -1.005262770244557124e+01
-6.109485229846376875e+00 1.876114179535115056e+01
-7.603889198504034219e+00 1.566300041960806411e+01
5.191331370987740890e+00 -1.973161191648460644e+01
-4.268496665700718395e+00 -1.223338672902947799e+01
-1.525735073195506253e+01 -1.726396705136622245e+01
-6.937462433815302809e+00 2.492865244478074160e+01
1.336185092591840373e+00 1.220082741170242713e+01
1.795259559275558203e+01 -1.415593158047204270e+01
-9.953220794088595724e+00 -8.955385311169539619e+00
-1.403197984867321857e+01 -1.398545770694410884e+00
1.128011638333596700e+01 -2.765862555886885232e+01
-8.321907958337588340e+00 -1.146480329131436804e+01
-7.178889835430276589e-01 -1.340674133916467348e+01
1.283167204296868924e+01 -7.808409523368309735e+00
-2.641609988731731917e+00 1.512900751244644937e+01
3.366099473495677952e+00 -1.477574132426444642e+01
8.953437202176090182e+00 2.901241399584285929e+01
1.871964153069412262e+01 -9.023072093136388361e+00
1.388985010408579157e+01 -5.376876807788534052e+00
-1.086984734854207879e+00 -2.646747755609919039e+01
1.143333141709998557e+01 -1.237499591092111118e+01
5.944159729102469036e+00 -1.344124686997653839e+01
9.032978016812430511e+00 2.046666704350666421e+01
7.881614614966669485e+00 -1.139066658128303011e+01
5.853034090542451828e+00 -2.358692912176343270e+01
