-9.096191907254548070e+00 -2.151348631374051124e+01
-4.040839992951344328e+00 2.283492529708736285e+01
-1.357580505085270417e+01 -3.113260128377312697e+01
2.149423322316385310e+01 8.369657317988329126e+00
3.363493848757361349e+00 2.528815713865425252e+01
2.512281064996174962e+01 1.743909331913661376e+01
-1.506091096777958604e+01 -2.106588900950523069e+01
8.983640359433451295e+00 1.460955340594779450e+01
-2.063711112800738334e+01 -1.039031730363353212e+01
-4.870550415774227204e+00 1.734487310226331402e+01
1.009396527958110745e+00 2.372491486855029308e+01
1.455184402908320962e+01 1.573644684645863201e+01
1.770135937409036231e+01 7.730785781039456239e+00
-5.823353528507789534e+00 -2.023983341931851498e+01
-1.756765432933717719e+01 -1.626665147665661237e+01
1.531645686285807173e+01 6.913325877151421217e+00
1.010925961132006223e-01 2.316432277954552532e+01
1.568965781619580824e+01 2.096380159718146885e+01
-1.506438952980314883e-01 2.702894608815401511e+01
1.901665580696190005e+01 1.978242420259795509e+01
-2.038459280469222534e+01 -1.413898031336917427e+01
5.973858347265823987e+00 1.851239074282176844e+01
-8.002136400405010619e+00 1.848322894073530520e+01
4.437102948038833539e+00 1.867027233316417067e+01
-1.724893252534078414e+01 -2.980665202243015699e+01
-9.018243840610219664e+00 -1.800792145467742600e+01
1.471168602281425741e+01 1.703898659012142147e+01
-7.867045476601941978e+00 -1.891265351965981978e+01
1.932582610496072917e+01 1.835641725168728300e+01
-6.818859791381844282e+00 -8.253071186831075323e+00
-2.382437636780977286e+01 -1.553636982310744052e+01
9.796778872613517208e+00 2.154332105558939858e+01
-3.109975963036198721e+00 -1.319319795463246514e+01
-9.983933609984726232e+00 -1.823653486170344351e+01
-1.973842402748783442e+01 -1.106283790388671129e+01
-2.201674505991874042e+01 -1.321050919430181558e+01
1.460295650121866728e+01 1.778633009770815221e+01
1.816769421664154294e+01 2.006830182889915548e+01
6.307429930677053598e+00 2.013298323697465619e+01
-2.017890226403535436e+01 -2.113205564872418307e+01
-2.269194814305767238e+01 -2.234526978189132862e+01
-5.732424892461136068e+00 -1.573740110423729632e+01
-9.492652534194586877e+00 -1.998750462048242937e+01
1.721200798199688364e+01 1.021541802452039072e+01
1.535809500274552519e+01 1.399217521603873138e+01
-5.762128030953339142e+00 2.198762064066679756e+01
-1.590455912865513000e+01 -1.817244931852956569e+01
-4.485473902044422312e-01 2.463299405571192580e+01
-8.328727218098297413e-01 2.180233178450924569e+01
-1.331109319516017919e+01 -2.556567404659990217e+01
-2.101320793454604896e+01 -1.522164772806636535e+01
-1.974437529246222311e+01 -1.358605469036869096e+01
2.389188139367786690e+01 9.318786617445544707e+00
2.050669272910374374e+01 1.446820773364082591e+01
-2.900702215495937430e+00 2.795735188113311764e+01
-1.225579275161684478e+01 -2.917342497336876406e+01
2.115488955412602845e+00 2.493654855729166897e+01
-1.848499622501581996e+01 -1.683472693395492570e+01
-1.923609132944544697e+01 -2.324408951337665030e+01
8.238084112158365002e+00 1.372127620103373857e+01
-7.759085750476285348e+00 2.298939121042541345e+01
-9.829715396259988580e+00 -2.623948341977341769e+01
2.263410568952584256e+01 1.008821559284464797e+01
2.382193760156979323e+01 1.657675574899252169e+01
-2.838357263104772876e+00 -2.644651280650344916e+01
2.856401219323253216e+01 1.043888577814518293e+01
2.775677597825943010e+01 1.152079076787804723e+01
1.393861675130131950e+01 2.003119624527398557e+01
2.043154556750209139e+01 1.214373346702592116e+01
7.180755797209232849e-01 1.840765106972087395e+01
3.788492521034929617e+00 1.972582662109935470e+01
2.074178727098946595e+01 8.128475030228447196e+00
-8.097174964385883911e+00 -2.549350361528499320e+01
-1.043239876739406213e+01 -1.412188128650070951e+01
2.071679733241228050e+01 1.297371621481046056e+01
1.215714813985168519e+01 2.406112555549583831e+01
-4.422228319376444894e+00 2.141888697580584378e+01
-3.336258008071998571e+00 -2.446683662979584994e+01
2.380193767138675653e+01 1.314928756795210774e+01
-2.752732331694417223e+00 2.564281880315133932e+01
-9.357650172163195279e+00 -2.442992446394642059e+01
-6.742518409930315926e+00 -1.794273223220873703e+01
-1.206995800390476781e+01 -1.631537411167702700e+01
-5.323638926777499947e+00 -1.692977560508868962e+01
-1.209578993293743032e+01 -1.274292635505596216e+01
-1.163899447378889462e+01 -2.776444293273933539e+01
1.707664805649629258e+01 1.232364235737068547e+01
-1.964347455746233706e+00 2.096157957711234943e+01
1.730626786070953926e+01 1.629558295074686569e+01
-8.477538131570810265e+00 -2.617816378569268920e+01
-9.895907134330016675e+00 -2.956439931743014071e+01
-9.427143837013055361e+00 -2.757416300668587894e+01
-5.004363678722056008e+00 -2.783137516978647241e+01
2.171676534744123899e+01 1.146709745238992895e+01
2.203314789689416742e+01 1.563168198210322757e+01
-2.345278808690432371e+00 2.412347161703886300e+01
-9.651492421476307371e+00 -2.855759289595798478e+01
-1.113014674826863981e+01 -2.540758611313442827e+01
2.067602282301668382e+01 1.698254807803308353e+01
2.522633048087733698e+01 9.894298361156195654e+00
-4.169682491494012488e+00 -2.589524464514675728e+01
1.831968208136287402e+01 1.672454144873633908e+01
-4.819033945161208088e+00 -2.376397319117452156e+01
1.968844483360657804e+01 1.579437341733156153e+01
-2.345715967029900995e+01 -1.309307225545817310e+01
2.299593239453307802e+01 1.209486124146891584e+01
2.424665994523358492e+01 8.567144526403211557e+00
2.359319820244854071e+01 1.183101751271779811e+01
-7.510942066068690970e+00 -1.435950724617221397e+01
2.185686652088579507e+01 1.364207316213110133e+01
-4.929602517144776819e+00 -2.854010036163995423e+01
-3.928999190675278808e+00 -2.469765534319886413e+01
-4.737557273279576542e+00 1.658491686634879514e+01
-7.786189601400130833e+00 -1.496438295349282122e+01
2.621844148020058540e+01 1.435104535534316028e+01
1.223565990695601791e+01 2.147483382275849095e+01
1.962188674404062994e+01 8.363330288840250759e+00
-1.908842596964887051e+01 -1.881174913595471665e+01
7.704195003718146140e+00 1.993736613321810225e+01
-1.541276345086628652e+01 -1.188944720448210290e+01
2.063241613677648090e+01 1.114528901758826862e+01
2.709636292775463673e+01 1.200523388684691994e+01
-2.130555880378687661e+01 -1.841929596989576723e+01
4.378739890691452530e+00 1.619113358957976345e+01
-2.173530046612613731e+00 2.271091301239613003e+01
2.190128299770439568e+01 9.374936688217420766e+00
-1.027769280253724204e+01 -3.124944118815227867e+01
2.502056522179827169e+01 1.490267730223682285e+01
5.011653939347439746e+00 1.930987670412538648e+01
-1.325011095747086465e+01 -1.391276386061530879e+01
6.184165793513741960e+00 2.431509356105763686e+01
-2.233400252976859335e+01 -1.754780283450672940e+01
-6.321639071907174667e+00 -1.311415262751136446e+01
5.350860299384857299e+00 2.339689267325933031e+01
1.283489377537594045e+01 1.344989113995432639e+01
1.684192395880750226e+01 1.236634195175423834e+01
2.056533578161124087e-01 1.903918538627980794e+01
1.078998675541732766e+01 1.040052821300848684e+01
-7.396764318787943715e+00 -1.606128230973334681e+01
-1.792616580389853098e+01 -2.184460214497238795e+01
1.362707901182208658e+01 1.564186439656350380e+01
-2.171569955537173158e+01 -2.510498387292947342e+01
1.665630043512912906e+01 2.173647538204831520e+01
-1.681082383939284242e+01 -2.452768392046621670e+01
1.181006140694884721e+01 1.186799371113204948e+01
-1.400249277382677882e+01 -2.443339296787910087e+01
1.496683830609880772e+01 9.287406164879934423e+00
-1.747917600081320799e+01 -1.827465664845985671e+01
-4.260724928584147975e+00 -1.908220269066606534e+01
-7.800060228050995192e+00 -2.627876960431574815e+01
1.776787521311861440e+01 1.403268495314631537e+01
-6.840100716368608502e+00 -2.706372447922827007e+01
-1.597689950039045570e+00 1.970841016090752262e+01
-6.741917814795363562e+00 2.018731837875770907e+01
-7.130235592822206314e+00 -2.394108645747729724e+01
2.083817663914778251e+01 5.840286945369394189e+00
-1.141592794813197820e+01 -2.280390405271270993e+01
1.250603214973205723e+01 1.964402523636386633e+01
1.620045514538000830e+01 9.923515739103885736e+00
-1.002547524030627280e+01 -2.389621510155373940e+01
1.927894554848597153e+01 1.025812741020529018e+01
2.094807742565615172e+01 1.430176358197673636e+01
-7.505450773401680653e-01 1.982475926904939101e+01
-2.347128813131726943e+01 -1.900458443496276928e+01
-3.092503940854549604e+00 2.008527892102075896e+01
-1.775095647216982186e+01 -1.362204754073191459e+01
1.953260110908660607e+01 9.832143702264724894e+00
-2.857403859809514390e+00 -1.290364364372709538e+01
-8.376359306463678323e+00 -2.156181653565637291e+01
-1.456877190327335647e+01 -1.628989191254407132e+01
9.093328022442122460e+00 1.955716463891068813e+01
-1.450348709619293430e+01 -2.895602959143090160e+01
-4.431823894050769042e+00 2.512878630568398108e+01
-1.601070136760813156e+01 -2.019498054289843836e+01
1.047175056499735923e+01 2.165263885546548650e+01
1.287858255776854199e-01 2.565530913083960485e+01
8.526186501711537247e+00 1.765535665805835208e+01
-1.916851304119399657e+01 -2.342822494630095065e+01
1.069505065244926456e+01 1.483788100624220263e+01
1.109090574360525316e+01 1.936541467774278047e+01
1.098589973166680700e+01 1.932399365562031690e+01
-3.411241538865505074e+00 2.130364171914038707e+01
-5.443702117112319883e+00 2.467543820236793550e+01
-1.499885145395197306e+01 -2.807735418076122258e+01
-1.484396093837330532e+01 -1.811416118671768416e+01
1.382156325793029339e+01 2.215649705499181366e+01
-1.995438663423242787e+01 -1.701045176352873511e+01
-1.649988799763368519e+01 -1.409180080777756849e+01
-2.319071190252318715e+01 -1.990190832500612927e+01
2.085746073984316773e+00 2.779552849841885376e+01
1.312494686159983459e+01 1.940071200257376560e+01
-7.024821053487513289e+00 -1.234419556044799826e+01
-1.814170528400014604e+01 -2.945309539256573927e+01
9.430894062414648005e+00 1.494347786963982827e+01
1.970895112788869596e+01 5.724770349858396834e+00
-1.590821115725137602e+01 -2.976458300765536436e+01
-2.073676195601919048e+01 -2.692164829645835056e+01
1.623310246204784235e+01 1.852227085230522263e+01
2.286984379003927259e+01 6.140325961146747780e+00
-1.716420270516536206e+01 -2.000118873882826165e+01
-1.105918525825116205e+01 -1.924596177705527111e+01
-5.648075979339316710e+00 -1.295295739689271741e+01
1.523319827879330113e+01 1.206785808897538104e+01
-2.141152998073480518e+01 -2.769223602391424066e+01
-1.854151541558799821e+01 -2.593784663288188952e+01
1.045036505231464297e+00 2.136339256503345041e+01
-7.085567616285321613e+00 -2.824832556804879147e+01
-1.376616071817893960e+01 -1.914802851272938611e+01
8.634836435140892164e+00 2.183699277648899084e+01
-2.036376156727837028e+01 -2.630082909922368373e+01
-1.700425684616877220e+01 -2.454481247315685266e+01
1.194751628223574969e+01 1.098882316740565912e+01
-7.408922681305597280e+00 1.943542819346742334e+01
1.583618725865022370e+01 1.531130252870278952e+01
-1.484551199020812540e+01 -2.425779660361554946e+01
-1.170796674610340382e+01 -1.701257371449111844e+01
-8.537858572562203818e+00 -2.059892728427935893e+01
-1.559091634057535458e+01 -2.713050650009403242e+01
-4.494222670813470266e+00 1.956189095158476121e+01
-2.055312053285624074e+01 -2.018070234918132400e+01
-1.253723197623060415e+01 -2.011723552413271321e+01
-1.644098088644118860e+01 -1.576564750140179072e+01
-1.057501950911434996e+01 -3.037296377302537209e+01
1.135184570029780105e+01 1.621537003244741726e+01
-1.039176641163329684e+01 -1.619435791925789303e+01
-2.141139370946409670e+01 -2.210636574491990203e+01
-1.916506744030671783e+00 2.304863884104281624e+01
1.237696161952733043e+01 1.791099462574245038e+01
4.933392072732222466e+00 2.068046410473373342e+01
-1.351031426921899836e+01 -2.267239672544336315e+01
2.918657453086913378e+00 2.316327472468276483e+01
-2.410112949824538831e+00 1.806483296250222637e+01
-8.672709314283812532e+00 -1.729794198485215162e+01
-3.625863386547133693e+00 2.318499343887712527e+01
1.671879280993339378e+00 2.103880346377957977e+01
-1.347347727429753839e+01 -1.765063999018449081e+01
-1.981160988986003346e+01 -1.593297285017633946e+01
2.356194295482975765e+00 2.321502138269272564e+01
-1.992554138747753356e+01 -1.736223854696120839e+01
9.670120854624849827e+00 2.367588058369210202e+01
1.540234518571180988e+00 2.568460348347874600e+01
-5.236600584737549191e+00 2.029209677343602536e+01
-1.779561364942343005e+01 -1.947933819636435260e+01
2.296922253653403345e+01 1.821013377327177807e+01
6.875378503670265040e+00 1.586116712530372119e+01
1.081374192184171612e+01 1.704259955750696776e+01
2.560160482929245873e+01 1.200610615698057515e+01
-8.059584299543791630e+00 -3.038622399887554693e+01
-7.167976306993808500e-01 1.584216474879856662e+01
-8.677223012544050817e+00 -2.344147977558010254e+01
2.805515681354564350e+01 1.301847081912209170e+01
2.683853812276674589e+01 1.076333886055913602e+01
1.701150502868033598e+01 1.468294512138749575e+01
-1.151930344935225214e+01 -2.790453214861569009e+01
2.217979072324476419e+01 1.743784065789425952e+01
