-2.404550397576209164e+01 -2.375965921782509938e+01
9.558933776186288256e+00 2.351522862080642184e+01
3.458411745714264640e+01 -9.725141678202330553e+00
-2.632474764854637428e+01 3.383118104299963846e+01
-4.362624689282265678e+01 -2.512017507093329627e+01
-1.523272033548404458e+01 -4.598540902398030994e+01
1.184537487249145471e+01 4.593122133523453243e+01
-4.266374213870587795e+01 1.816123225071238778e+01
4.580357315839476584e+00 5.939414129211278981e-01
-1.930209792476495068e+01 1.314165710916815577e+01
1.025826936240695098e+01 -8.607774148650618073e+00
4.823876834405871783e+00 -1.893539883283592218e+01
-1.574766949475874611e+01 -3.314736761935333398e+00
3.006570167659025117e+01 2.246102875743724425e+01
-3.125846944746233902e+01 -1.281162451038064454e+01
-1.452574849143705382e+00 3.296245310528469474e+01
1.712182655051798363e+01 3.275012002632994523e+00
3.371616635797896322e+01 3.441336612356425206e+01
-1.827288534228564743e+01 -1.114594852878113684e+01
3.109113691678078339e+01 7.896952978827453506e+00
-2.535872308382439932e+00 -9.462849405820977111e+00
-7.421180445465325626e+00 -1.916935858005152582e+01
5.293430539781804001e+00 1.101677620408348801e+01
2.839630827849011396e+01 -2.493791970794745083e+01
1.791126043013194646e+01 -1.475487679600539082e+01
-1.578858610414030750e+00 -4.148069103874410501e+01
-2.810307479124378816e+01 2.324515803569126238e+00
-2.842953879157801111e+01 1.459930888542339567e+01
4.271892205068127168e+01 -1.492048964606668093e+01
1.416688807635966008e+01 -2.993440043465539091e+01
1.684041276666918563e+01 -4.282159575249706052e+01
1.564646825201325520e+01 3.061591971059474204e+01
-1.077807832563216550e+01 4.436986462070314730e+01
-1.040094334033684653e+01 -2.803602248912243411e+01
2.055248008021362693e+01 1.512681627165442677e+01
-1.424531257528869510e+01 2.691025847098574175e+01
4.585773714390854394e+01 5.006740799824349608e+00
-4.465487470451517993e+01 2.553042827763293499e+00
-5.728945223432678979e+00 1.780829584640379437e+01
-6.465705171566070497e+00 7.919913050041774483e+00
3.239373599001611925e+00 -2.951065560620044792e+01
