-2.921411709724268135e+01 7.899484554986861085e+00
7.985925513774504658e+00 2.837442683019361311e+01
-1.308014174305244026e+01 1.559543529296758635e+01
-9.015338169973221127e+00 1.480322680475576025e+00
1.469649407355460546e+01 -2.509131194410660370e+01
-4.931381123152261736e+00 1.283904077102155306e+01
4.212736177567218299e+00 8.519491577026309770e+00
8.569987895059103522e-01 -2.466892209582544027e+01
1.771349195971022539e+01 -3.204438881624044200e+01
1.528055243302681454e+01 2.547433437768785058e+00
-1.770657487838138877e+01 1.808009417503349070e+01
-1.944844820413773334e+01 2.716287344920480251e+01
1.709786431370968529e+01 7.025512187869012770e+00
-2.539140366804392102e+01 1.572351310873093055e+01
1.036551647039234147e+01 -1.476337279195668550e+01
2.983459265452701903e+00 -9.498657852748616293e+00
-1.968522682371295218e+01 9.478134127481462556e+00
-1.568357512534065812e+01 -4.576260796940806230e+00
-1.191119113317456524e+01 3.082599092985854483e+01
3.206070859754834856e+00 -1.584943929708806643e+01
-2.588346047627019431e+01 1.622054909487486318e+00
-2.003767069997656858e+00 3.477954973405593364e+01
-2.594945785179443742e+00 4.080758197404523280e+00
5.057900141734953392e-01 -3.524927025358477550e+01
-4.771314439300118337e+00 -1.285462897353552236e+01
6.650721825077838822e+00 7.672751023965549422e-01
1.128040411970128254e+01 -8.631988184435503086e+00
-9.676470264365551799e+00 -2.337741542429458619e+01
-4.586648232122535696e+00 1.918287832105845325e+01
1.713102586012993100e+01 -1.119034592776073467e+01
-3.811578698062530468e-01 2.516144160446266298e+01
1.776938139410051321e+01 -1.754338200291389072e+01
2.524433747539735151e+01 -1.526023062325265656e+01
1.151995731888496266e+01 1.836035781141119116e+01
2.314700010963136734e+01 -6.787020820653277831e+00
-1.215311860160506363e+01 2.364973719165409349e+01
6.684784424982858297e+00 -2.158324870570885778e+01
1.164640177003642751e+00 1.433592634183452930e+01
8.156981066932841529e+00 -2.904841399698005233e+01
-9.797975404530209431e+00 1.052221321381741070e+01
7.103712290561903231e+00 2.253025502431416527e+01
7.217250408405838868e+00 -3.692238149111284429e+01
9.814076908109957031e+00 9.599539353136881559e+00
2.529109498335851214e+01 -2.357691536570015245e+01
-1.493758357140725579e+01 5.303802143425452087e+00
-2.022642855210505886e+01 -6.929946706238382603e+00
