1.347778511541971547e+01 1.200670087695255361e+01
-2.750423987886874855e+01 -2.096355585433104629e+00
1.615331458452589786e+01 -6.497997337628958370e+00
1.537945957415987763e+01 8.828586312160117799e+00
2.017409360610098545e+01 -4.236738752616673764e+00
-3.201734133073761512e+01 -4.476183019318653145e+00
1.652965250272439945e+01 6.499396211873393892e-01
1.465103890290834343e+01 1.083155071985029672e+01
1.852689540551898162e+01 -1.164125064050350211e+00
1.611889325657550742e+01 -2.581913198749697713e+00
2.183011136557840715e+01 2.492433539613948756e+00
1.997804537499920130e+01 -1.141218688539253900e+00
1.459019564239307876e+01 8.823286336310598443e+00
2.275100152750640703e+01 -6.032588047834204659e+00
1.748172757493745522e+01 6.601936170680835048e+00
1.698806179942020123e+01 8.221543199437396865e+00
-2.178857261235798859e+01 5.934644693186384989e-01
2.092001136355587931e+01 1.945784752259783756e+00
2.143791637106126657e+01 -5.959770688891477874e+00
1.375984185651969227e+01 -3.529405910793789736e-01
-1.991641905609166230e+01 -5.383215450839841765e+00
1.709728400433130346e+01 3.750610385997905638e+00
-2.241550531221129106e+01 -8.853476588029758787e+00
1.527950893870725046e+01 3.904859876335643687e+00
1.870834831392581066e+01 1.523750891744323210e+00
1.896281347739614986e+01 6.433072178302600364e+00
-2.523634172909178730e+01 -4.874522842535779610e+00
-2.386007724864118984e+01 -5.498320479923949122e+00
-2.094962696822931036e+01 7.905742090444756176e-01
1.822326525544679043e+01 -4.429588148702463535e+00
1.314720113298581339e+01 1.408212986959730273e+01
-2.595190645481281067e+01 -2.233602940976132878e+00
2.016533009950561350e+01 -6.871175138569883600e+00
2.054103799004242958e+01 -5.529688309907125898e+00
1.660188541687307762e+01 9.912744721272996884e+00
-2.275693014944999959e+01 -7.115383993117169403e+00
1.976025440641238617e+01 4.157701885456027036e+00
1.689832664026489439e+01 1.255997357856432295e+01
-3.087798327065067028e+01 -1.911355250556911356e+00
1.817546958803226076e+01 -7.825439803346506018e+00
1.735729081069948876e+01 -8.800033196668248792e+00
1.607450693284694410e+01 -1.125442589641948032e+01
1.666978792865296910e+01 -1.075500080742312292e+01
1.778819566942404506e+01 -7.217307804372597779e+00
1.697569103282140901e+01 -5.785971659276192725e+00
-3.082108073385581193e+01 -9.282388922362169170e-01
1.373676886731570690e+01 1.254991573246855374e+01
1.487366357407353945e+01 1.295604683236452104e+01
-2.737638138247420017e+01 -4.573819940807726248e-01
-2.128176481681327559e+01 -8.225375953295398501e-01
-2.617052881966548838e+01 -8.653919833766154923e+00
-1.861403704389759639e+01 -6.155670015807326312e-01
-2.800075840967355845e+01 -1.653901753018201415e+00
1.354188599699996765e+01 9.139450581589736444e+00
2.008798289442089313e+01 -1.848670076177012511e+00
-3.001321965042380668e+01 -4.511469722517956527e+00
-3.039141850916627874e+01 7.307119488678249786e-01
1.932089949553117236e+01 -8.551854894147046693e+00
2.082079678644595688e+01 -6.584082781066650902e+00
-2.940435365965182157e+01 -1.338298594829191890e+00
-2.950283329533397136e+01 -2.636948120530079986e+00
1.794420916754609507e+01 -1.154248681998951476e+01
1.985622591469131493e+01 -2.647308659751712034e-01
-2.915928347240703999e+01 1.528783759587349023e+00
1.913283778895316800e+01 -5.433325530029672557e+00
-1.925646653628345817e+01 -4.882866217015553012e+00
1.824313741147469869e+01 -9.238997848645336575e+00
-2.053624881846961969e+01 2.104514896789460021e+00
2.081691384392221877e+01 -8.369539107691686297e+00
-3.097578757523216098e+01 1.294654184314150580e+00
-2.990993009072808206e+01 2.620159039443212379e+00
1.185026823313481081e+01 1.110905362969135446e+01
-2.068702586067396609e+01 2.120523073328679509e+00
2.007003083371248664e+01 -9.901111519122984816e+00
1.526650345924024244e+01 -5.384442037734885389e+00
2.041910195370448378e+01 6.145895674730769365e+00
-1.834834066950740450e+01 -2.143544513502479987e+00
2.356708000738741049e+01 1.443881763696158949e+00
1.620862374149483998e+01 1.051311624649257936e+01
1.836888725035530712e+01 -7.355569588958235094e+00
-2.886694508109549062e+01 -3.057650551831120556e+00
1.680964349746987097e+01 6.690010054779359727e+00
1.518345455908616159e+01 4.908783806630879099e+00
1.749464867399494139e+01 1.924488126126709941e+00
1.852973290340990431e+01 -2.871918921633205279e+00
-2.496701527207038041e+01 -2.632899576883248827e+00
2.090327683983008100e+01 1.120681334843713489e-01
1.410430970274119034e+01 1.877971850862823811e+00
-2.063890502791937109e+01 -6.832471131770242678e+00
-2.483134000484933779e+01 1.841869306555415697e+00
2.231911693637242777e+01 -4.330734110507229673e+00
-3.055467103248812677e+01 1.657442883601267791e-01
1.564908761329288467e+01 1.186414073657071633e+01
1.186601646479016559e+01 1.428288163382009657e+01
-2.710963292420090198e+01 8.873395367198358974e-01
1.714743207277614090e+01 -4.235293780546012243e+00
-2.882125334277552042e+01 -8.135386676622000102e-02
1.934880026173787826e+01 -8.081198747778591596e+00
1.296017855435012578e+01 9.575671064928590326e+00
-2.393407166860131952e+01 -7.580830773166660208e+00
1.420220371343322618e+01 1.344236189121367708e+01
1.565346694927825766e+01 -7.111870977614884737e+00
-2.639237884758825103e+01 -4.408818088566013871e-01
-2.137480323574672525e+01 -1.095492093155388202e+00
2.018666597291081644e+01 6.224214500817328855e+00
-2.870599127982621113e+01 -4.208050686901505522e+00
-2.044322336861305445e+01 -7.741308383905118440e+00
1.797857252735878575e+01 5.225020694023319479e+00
2.140362566735156946e+01 3.042426861685925132e+00
1.343751973349756135e+01 8.385438439218429352e+00
-2.690239718860337703e+01 -3.963025842573126400e+00
-2.570236440348171314e+01 -3.952425171186267683e+00
-2.729730287743056039e+01 -5.121379001586803703e+00
1.372443078549857276e+01 1.483947616128259028e+01
1.877922910349036201e+01 2.520115143959627435e+00
-1.943808994844932059e+01 1.233543376325928032e+00
-2.802947332483464749e+01 -6.212610678961834942e+00
1.947523408817762558e+01 3.451802765615383350e+00
-2.814436394080734871e+01 -5.025594106427718089e+00
-2.354679200067851497e+01 -4.238126693849471494e+00
1.832119395497169378e+01 -9.785136837133164844e-01
2.062235238165265727e+01 -1.016484736566367708e+01
-2.142729444773899061e+01 -7.521502592189531988e+00
-2.692417701870853719e+01 2.754881190973871519e+00
1.958630653201580785e+01 5.273190693929600492e+00
-2.335634388492328384e+01 -3.924690372903805624e+00
1.165046352921305406e+01 1.514213244150257509e+01
-2.385210235039200555e+01 -3.196288722607815824e+00
-2.648526014862378375e+01 -8.959024896197356203e-01
-2.540389971240283629e+01 -6.083771387588529755e+00
-2.314519649838166160e+01 1.442875850762967760e+00
-1.965640531328584828e+01 -3.204417047545281561e-01
-2.481603234858459217e+01 -1.141281456392641003e+00
1.862882436011124554e+01 4.212876237586364314e-01
-2.265776141245748576e+01 -7.608629928190543401e-01
-2.211305563878276814e+01 -4.778320407025112182e+00
-2.231050800183723837e+01 -2.574946187795859043e+00
1.612303532093847380e+01 1.418427339132944631e+01
1.495999569019068076e+01 1.147025061241885879e+01
-2.319085997573969848e+01 1.191281722934316223e+00
-2.131216442414770640e+01 -5.194924217264280664e+00
1.380269033240152332e+01 1.089566153045246466e+01
2.055504820589185044e+01 4.492004176117895042e+00
1.458676040638638938e+01 9.663124921421058389e+00
1.265956325739169408e+01 1.434104130041051839e+01
-2.034847933033983125e+01 -7.175791252331359615e+00
2.088088720248473962e+01 -4.727183514176364731e+00
1.715926776183077607e+01 3.471803581037251618e+00
1.748455615221893922e+01 -1.138771307580980974e+01
1.842960245790167662e+01 9.924235255815530010e+00
-2.980927254040861385e+01 -1.437015791990205127e+00
1.889055549800404066e+01 -4.806378181118756032e+00
2.143642082508361923e+01 -1.647446728879941702e+00
