-7.356730390590871416e+00 7.999905613152193951e+00
-2.724952115299059230e+01 -8.072425771102798464e+00
1.737650815375519464e+00 -2.504202448254042324e+01
2.932719467203801145e+01 5.537090193162143237e+00
-3.878863599420124331e+01 -1.008140051150124350e+01
5.628503676006501877e+01 1.506692236527136508e+01
-2.352797926519260230e+01 -3.061593108046449530e+01
-3.300509542293174547e+01 -2.095340018948917660e+01
-3.608314153144156933e+01 -3.755878572347241828e+01
2.787123904753355319e+01 -4.365817372435782495e+00
1.752005460450973473e+01 2.966753635048007709e+00
-1.879078146850575060e+00 1.547209982503120473e-01
-4.702759368309431665e+01 3.026457822335043790e+00
-4.854925214894802110e+01 -2.630750606978518036e+01
2.553212984375297623e+01 -2.146662467114069983e+01
-7.199459461556785733e+00 -3.901917819453272784e+01
-2.014736707103786983e+01 -1.783808510059940033e+01
-3.362136374273813288e+00 -1.335545172127736535e+01
1.952673667016882675e+01 2.956546731918482607e+01
9.572359192987979881e+00 -1.133996604702723587e+01
-2.350039451215635466e+01 1.616578962632461369e+01
4.856506773769329044e+01 2.611377266214497794e+01
3.487470182992811374e+01 1.590942138795036520e+01
-3.299153007357974587e+01 4.234690711773551719e+00
4.540451172484487330e+01 3.814367531077465401e+01
-1.528617053218692057e+01 -6.370740454137115094e+00
1.927592274619535218e+01 1.788282767716381372e+01
4.403817002698258598e+00 2.440372546835256529e+01
1.331382960167596963e+01 4.157555880838220475e+01
-1.971946706432886032e+01 4.093030648099509783e+00
4.306467178716653166e+01 2.660816684158824330e+00
-2.326896126633148398e+01 -4.627302867391452423e+01
3.275504898651481511e+01 2.581201566077316656e+01
-3.619192050509158065e+01 1.762916027076646230e+01
2.755792915996176973e+01 4.350102458898117419e+01
-1.145346758632566520e+01 -2.378246138862919423e+01
