-2.719925141557201087e+01 2.432835486319494933e+01
4.007895845304845750e+01 1.021560632502379917e+01
3.971453533875665798e+00 -3.354473790655912779e+01
3.262347279693786906e-01 -2.970839740788358085e+01
1.886228094886358875e+01 -3.031357832800548735e+01
-1.928200069711426679e+01 2.121888911311178560e+01
2.886533633568791757e+01 1.959558246267886217e-01
2.487833719503700891e+01 -1.054824589940536939e+01
-1.806457437702616531e+01 1.053739330803196061e+01
-1.915887796454493497e+01 1.289601474923241042e+01
3.012938172232692935e+01 -2.976149784671524756e+01
-3.417227470227683028e+01 1.220170343615174247e+01
-4.897395839353487901e+01 7.106180717735190555e+00
3.105017800703187447e+01 -3.189087673911985998e+00
-3.321146631912634462e+01 1.468376999657838233e+01
2.565860515045079282e+01 -8.772381363006545030e+00
-5.542171750308061462e+01 1.512944158020792962e+01
-2.116849151083019009e+01 8.902801530178344080e+00
4.591523736215505913e+00 -1.433664092128278789e+01
1.740252112478209767e+01 -2.551756010522224116e+01
-1.259444122573962588e+01 3.108628407871792376e+01
4.164722012912147875e+01 -4.083035920423835563e+00
3.500201796802176801e+01 8.001149249284576825e+00
-2.139335253861516506e+01 2.091548664515276101e+01
-4.185873791573077796e+01 6.647907396752346543e+00
-2.690146345818456197e+01 3.733560434415939877e+00
2.703399831420899702e+01 -3.921121665047495153e+00
1.755672739226212187e+01 -3.637781807132317624e+01
-6.176863518896716920e-01 -2.607122110691476990e+01
3.456430277696285458e+01 -4.939486128585731883e+00
-5.324649891161057980e+01 1.756072540715912211e+01
2.884240926945438943e+01 -1.885734569478553979e+01
4.907851844952617171e+01 -4.670501032581781509e+00
-3.698812397666581120e+01 1.978217970637332712e+01
-2.824667506219503110e+01 6.700287594437292604e+00
-2.204069555935012303e+01 2.256773815244725867e+01
-5.018471382188029395e+01 1.390818888249379803e+01
3.058085382535296404e+01 -2.135969966509221152e+01
1.329331370691391001e+01 -3.729486175303828333e+01
2.949487161367142285e+00 -3.254142547699637333e+01
2.177262218366375279e+01 -3.675029147085101755e+01
-4.142885693537657943e+01 2.634761751629916304e+01
-2.484156908271466691e+01 1.085865973304620624e+01
1.645400710536910438e+01 -2.465585771018619354e+01
4.193038974531498297e+01 -1.770157432862545477e+01
1.654399193701363302e+01 -3.352796087402004588e+01
-2.946986803212664441e+01 1.005989036737057418e+01
4.855300356627351377e+00 -3.635415902952634326e+01
4.208107113299955415e+01 2.788517375459043102e+00
3.208609214174556712e+01 -5.323516155487458823e-01
-3.832843962212722033e+01 1.426295374912186453e+01
1.595539799537546166e+01 -7.886751306855978250e+00
-4.849900951511485658e+01 1.576420277479349252e+01
-2.557783460540348486e+01 6.104807237760343952e+00
1.400481829146383639e+01 -1.562760109772353445e+01
-3.050738023476715099e+01 5.422336409712301908e+00
2.115330177931162225e+01 -4.464122125931854868e+00
-4.397061391580346168e+01 -4.011717663760405728e-01
2.480813958658428575e+01 -2.116854341871065515e+01
-1.925704941131580128e+01 3.961980938516178163e+00
-1.325803469029048642e+01 6.707588728012235713e+00
-5.605329019334796214e+01 1.533562729681326431e+01
2.215350707687617771e+00 -2.088364550550258514e+01
-4.745093422401917138e+01 1.648655420559246210e+01
2.043473584177741387e+01 -1.132998727775174963e+01
-4.608449616755832423e+00 -1.209355000080057785e+01
2.757098417242832866e+01 -1.647749735281762895e+01
2.972615609729898623e+01 -3.079402450156347726e+01
1.776868191607745473e+01 -1.133358772062220332e+01
-4.428768077521259272e+01 1.056596055691636593e+01
2.894974055411778480e+01 -2.616794259218384155e+01
-3.095758276540551535e+01 2.469726992620215711e+01
-3.655778267373641199e+01 9.762439227515441686e+00
-2.705979723949053550e+01 2.213057138318956518e+01
3.175538807802026042e+01 -1.513938948261267115e+01
1.129956589160275549e+01 -1.708107462626995243e+01
2.601827854749326718e+01 2.803178761702337152e+00
-2.594474412173574152e+01 2.762246480640854873e+00
-3.170007466783609118e+01 1.101801197062172477e+01
3.819380820391097586e+01 -6.251421369062091671e+00
4.631703872813166356e+01 7.611090354320363183e+00
4.832625758809343353e+01 -4.339436387663377914e+00
3.935774268681918642e+01 -6.836849400707492919e+00
1.151512151870227640e+01 -2.757482653282944440e+01
-4.960519756153240678e+01 5.813085356917675917e+00
1.288984169409110159e+01 -2.936403880728107296e+01
5.397675647100013130e+00 -3.908772605624243113e+01
1.288099748308128012e+00 -2.744507358915816297e+01
3.426935678695693355e+01 1.011405427282605185e+00
9.322816544060776422e+00 -2.602378731471003448e+01
-2.508687321532436343e+01 2.760773023683285032e+01
3.598922803222659006e+00 -2.429694676748203364e+01
2.418419757920839075e+01 -3.222489135937333771e+01
1.804040333653674821e+01 -7.109945967250536292e+00
-2.731279593121579197e+01 1.845641853949603117e+01
-4.501797121461843432e+01 1.046698865492902009e+01
-4.171542103512229716e+01 1.586952427710494895e+01
-5.036961362240452900e+01 1.224066879243574668e+01
3.720692943411367537e+01 5.221084185578375170e+00
3.390408598623050551e+01 -7.904873466489611422e-01
1.698671013363561855e+01 -1.922872286669661790e+01
-2.012710685977013370e+01 6.048066470952208284e+00
-3.805124848678638472e+01 2.864419433314597185e+01
2.161870570069749320e+01 -2.279854886990218077e+01
2.648190194791888885e+01 -2.254005757475141536e+00
-4.409436346282487307e+01 1.273605812245094526e+01
-3.444823770313389844e+01 2.260907211418235363e+01
-3.545500362776283509e+01 2.274381417685298956e+01
2.733980112330773693e+01 -7.052739271678356126e+00
2.260377836654160433e+01 -3.218636368362339084e+01
-3.341558802372249204e+01 2.968872997483790854e+01
3.814398688158134121e+01 -5.021699394729511212e+00
9.789249005054218244e+00 -3.336635178590222495e+01
-2.651249962765801982e+01 3.473872228708137300e+01
3.550925149276723403e+01 1.065365274240791971e+00
4.671786168776127823e+01 -8.686752858091670859e+00
4.108267038647034042e+01 2.936840259380937290e+00
4.253785818498436555e+01 1.151797386448620308e+01
2.831919996030729436e+01 -2.479500948670139238e+01
-2.482528187269898012e+01 3.293184596432336519e+01
-4.119005959482937129e+01 5.052414340855102992e+00
-4.344688385637224570e+01 1.015927244136111085e+01
-1.500678386133088793e+01 1.710787700640619491e+01
4.114943464100308290e+01 6.708661365408740807e+00
3.039638262582093375e+01 1.214948088873760845e+01
4.234682503774330797e+01 -9.435274505337268636e+00
-2.138462415666799643e+01 5.074000437314009737e+00
2.680888057372325051e+01 -1.272177385007399941e+01
4.424944458293654748e+01 2.115629136857506865e+00
6.170522714871970571e+00 -1.517972567753139757e+01
1.538390055795748523e+01 -2.548766011178600976e+01
4.462841039424760226e+01 8.588252316575415435e-01
-2.058086800305854780e+01 2.694887752674288350e+01
-3.259030530902163747e+01 4.503179755785066796e+00
2.608309422282241030e+01 7.142124055934381488e+00
3.838730287461882540e+01 1.567429950245990078e+00
-5.174324242098740712e+01 1.203224874629302832e+01
-1.370108306936251275e+01 2.865682177741656744e+01
1.925792847729067248e+01 -1.935689441998569293e+01
3.534209734573036599e+01 -3.609922041059203668e+00
-3.105268160333044491e+01 9.875859655076922650e+00
6.311143532477667684e+00 -3.311308008202056641e+01
-1.803595900354445902e+01 2.450594228207698322e+01
3.588423767186120017e+01 9.002683369861207652e+00
1.208051773078103786e+01 -2.231977862688849257e+01
-2.370020689335120778e+01 1.215445529240939671e+01
3.024976651736494659e+01 -1.281723271355025773e+01
-2.206976516910640029e+01 5.885888850455901711e+00
-2.372136221311567539e+01 9.105455286346932908e+00
-1.983364497388047454e+01 -6.564413307534715247e-02
-7.588021981273539218e+00 2.069990357823726512e+01
-3.643180832845705908e+01 2.424388616724742818e+00
-2.180697504999810477e+01 3.822294041456187585e+01
4.579263473131734230e+01 -7.400369847899301412e+00
2.584776745968553158e+01 -2.682978503530003422e+01
1.849853622047339030e+01 -3.486310404905091076e+01
-2.004884639782843436e+01 2.041599581533040819e+01
3.129972155980956217e+01 -4.974591414604163653e+00
4.269586489448455069e+01 -1.306404614616957005e+01
-4.442573937963913977e+01 3.804310448044065929e+00
-3.388651865251348738e+01 3.030978061646462507e+01
1.315959135296472304e+01 -2.175481092921091886e+01
3.988359248819699587e+01 1.330515324236542973e+01
-8.237435222523897593e+00 2.214248145538899237e+01
-3.203162254837539535e+01 3.307301041548268472e+01
2.797691072678111457e+00 -2.195507971197083563e+01
-2.298656840452506245e+01 2.523780442386026124e+01
-1.543379052749141422e+01 2.325269093644846308e+01
3.810962836782216812e+01 2.813567793588808819e+00
3.027515257197635279e+01 3.934674321976124212e+00
-1.800458607276440404e+01 7.909088989292263783e+00
3.144005939530753579e+01 6.950362975277090349e+00
2.125522090333146608e+01 -3.033023019207546866e+01
-2.051615252127697886e+01 3.032088274185597854e+01
3.155993410356113671e+01 7.487034066955679634e+00
-2.080303213404365081e+01 2.481374001059338141e+01
-4.488550318287997953e+01 2.324896371776883086e+01
2.658055027105902823e+01 6.835699942178863786e+00
-1.753795299732006541e+01 3.063013523581998498e+01
4.409925304021067660e+01 6.285691997654353713e+00
-1.464175305337015587e+01 2.917085250353585124e+01
2.929090959028151886e+01 4.217772929636756096e+00
3.130181398462092091e+01 2.561655638023624171e+00
8.607935958814847410e+00 -2.323866157796452825e+01
-1.238608262831582429e+01 2.279746987909254585e+01
-1.979005279657176430e+01 2.313514783812656006e+01
-2.282799879792963793e+01 3.768411171358544465e+01
-1.144178391911836101e+01 1.962380158494249116e+01
1.258005945636674561e+00 -2.096868981887294581e+01
3.852138044472415856e+01 -1.150954286605565979e+00
-4.988613047658738253e+01 1.139869880774002908e+01
-9.426011158538880608e+00 2.732634809317574565e+01
3.287828159991450150e+01 1.551196188084536853e+00
-1.721662472898823637e+01 2.724126884814101501e+01
4.311353140943139550e+01 9.876489128698546338e+00
3.851357341445903160e+01 -9.314202541595149043e+00
2.258264788412679636e+01 -1.615305561309210347e+01
-1.728862216982759392e+01 1.986049455631724925e+01
3.515017907120357421e+01 -1.402211131785353970e+01
-7.520949013057494525e+00 2.283396275778479634e+01
-2.299030895593672597e+01 2.766273796294595400e+01
3.545484510570319969e+01 3.566713049448944517e+00
-2.314879364583154242e+01 2.747614879365877893e+00
-7.121554603174562459e+00 1.554468576890468157e+01
4.323753744690726109e+01 8.477600115008096182e+00
3.181750942546088368e+01 1.053770528606793455e+01
-2.001711933562880574e+01 3.153610790800199837e+01
3.547149872768944334e+00 -3.691628550915103091e+01
-1.255794908130170029e+01 2.571871350582387450e+01
1.142108603761295527e+01 -2.002761541714143689e+01
-3.775680922822895980e+01 7.125115452544786843e-01
3.772593252541921061e+01 6.680391582501521874e+00
-9.261367985765605937e+00 2.648335967267256663e+01
-2.454833441459417287e+01 5.074592295384777962e+00
1.559114168571162473e+01 -2.911273755801126839e+01
4.144527509420804989e+01 -1.401548993430263568e-01
2.863026477156004290e+01 -2.703422972526403001e+01
-1.815516141359058366e+01 3.436096754735731906e+01
3.641878767811943618e+01 -1.596979752626726068e+01
-3.986640879777597490e+01 2.766980794736081162e+00
-5.407396435404953650e+01 1.609708189099695019e+01
-2.444237592718915053e+01 3.058752583814325021e+01
3.293389057693257627e+01 -6.927047332989056727e+00
-4.134733891744984646e+01 1.229747905674846820e+01
1.005229377259007251e+01 -1.204927295426057121e+01
-5.293174469784973013e+01 1.086034860929104617e+01
-5.074905195311858819e+01 4.433706486803224323e+00
4.636226823514543582e+01 2.027313030585208509e+00
1.676338741176834546e+01 -3.756143191071488019e+01
1.223973229973272936e+01 -2.036456296063069260e+01
3.781760633506693381e+01 -1.200680757160753309e+01
4.162247174700401331e+01 1.104231128125226569e+01
-2.809735839714475603e+01 3.933621086919261600e+00
-4.387459198035582375e+01 2.273284977507533000e+01
2.758167093524540903e+01 -1.105348466976553645e+01
3.392629550686553586e+01 -9.610958399703100952e+00
2.527695637873441470e+01 -2.857122362174961339e+01
3.633446401246939672e+01 -7.083383914333281517e+00
-4.122217977843723702e+01 2.643375026466413047e+01
-3.267234832051649818e+01 3.277555488387469751e+01
2.190243248072238558e+01 2.730663994912811088e+00
-4.560486359032953629e+01 1.988566654667134515e+01
-2.028230210971582181e+01 2.630257008314027445e+01
4.711146199576982951e+01 3.965097284588277038e+00
2.193836171437204285e+01 -1.476763417077360963e+01
4.088949407460778218e+01 1.497491831330684597e+01
-4.213938067873483106e+01 6.562811879941124471e-02
3.964711636594681465e+01 6.209818178673251587e+00
2.537940168622090908e+01 -2.448420349670803731e+01
-4.314955467405416911e+00 1.648436378956335346e+01
2.388759358328040250e+01 -3.081079660267064035e+00
-3.350806108837807074e+01 8.993710867604171710e+00
3.625340410786720469e+01 1.026554857371117890e+01
-2.075979048026101381e+01 2.558301148342874587e+00
2.756114203990462030e+01 -2.016098031001660473e+01
-2.485980097038920178e+01 1.679840586747933173e+01
4.263631929967037593e+01 -4.863362206004883781e+00
9.661268626080865118e+00 -2.161133079095851173e+01
-1.773200707218015282e+01 1.129859938767309480e+01
1.665508909789194547e+01 -7.624859748543108218e+00
1.910931595032740660e+01 -2.115066605282519063e+01
-1.635177339502093119e+01 1.322079526890804857e+01
1.719839561106410741e+01 -1.730152776380053714e+00
1.526914326876642392e+01 -2.005016151277968817e+01
1.333984704817040345e+01 -2.761095847625670885e+01
1.533292965837135569e+01 -3.160124081599199641e+01
6.542505631612733907e+00 -2.553334550488399302e+01
3.240264661954041969e+01 -2.259952643196453792e+01
6.864877801526400702e+00 -1.403587660534496884e+01
-1.609330214017122884e+01 2.567328623562670220e+00
1.039797720104858314e+01 -1.039048759723915261e+01
2.067610030649812458e+01 -9.776609733889328524e+00
1.374126145744992478e+01 -1.092408317312248123e+01
-1.273949786578650389e+01 7.029200733506237420e+00
-3.523447030634009991e+01 1.673988607881863189e+01
3.401155484508846882e+01 -1.939349264134279949e+01
4.638562649285844230e+01 1.215018536568269347e+01
-1.583995339546703107e+01 3.042738651679103157e+01
-1.446730926834413999e+01 2.076744562677889405e+01
1.959986679633766826e+01 -3.539634033506067823e+01
-9.802458228251877514e+00 2.202586487017041605e+01
-2.837578575082190113e+01 3.425881211125164327e+01
1.841475435920995452e+01 -9.268525202873433955e+00
-3.257972471722146679e+01 2.818755141430677469e+01
-3.598058105885073843e+01 1.570598240329056772e+01
1.327527925534723607e+01 -7.969978002640894843e+00
-2.429905500129911644e+01 1.922532851471797599e+01
-3.069618691135011446e+01 1.330779694374100153e+01
4.094574753169268178e+01 -1.826430783739952091e+01
-1.704865564101723763e+01 7.379406761185344443e+00
-4.150444764381980889e+01 1.384271381016380076e+01
-1.317359147831026611e+01 1.186559421871769437e+01
1.385611571818113141e+01 -1.856599573328279007e+01
-2.207145758117797740e+01 3.418110637497762383e+01
3.139182408174120908e+01 4.590563525948202717e+00
-1.167604718635311478e+01 1.616523250441553827e+01
3.452873424745260422e+01 3.972854635191016115e+00
-1.845856469141091338e+01 2.771667881321724280e+01
3.153057685108645458e+01 -6.014028379306529892e+00
1.998635373155320849e+01 -2.456490692614514870e+01
1.306745508124392963e+01 -2.787688666552580230e+01
-3.757939470610774890e+01 2.484260389110985567e+00
2.320698552686228666e+01 -1.699366284068115363e+01
4.373904876261453012e+01 -1.249693738406207455e+00
-1.476495131613398115e+01 2.424288246610986519e+01
5.840497551373023732e+00 -2.905838605535922170e+01
-3.013990999778745206e+01 2.154860357935308457e+01
3.176755111088243311e+01 -1.438200206837812800e+01
-2.654475038086873795e+01 3.381681184342300384e+01
-2.731344982093958862e+01 1.548570818691528928e+01
2.238602271384450049e+01 -1.181995177516495055e+01
3.875144368899431413e+01 1.329548733978483455e+01
-2.102826093691048470e+01 2.826460513057166324e+01
-3.526552738131807274e+01 2.118170851840162516e+00
1.013713108943444574e+01 -6.507430836862155843e+00
-1.524375778640543366e+01 2.567727026988429984e+01
4.437806385280131138e+01 -2.608829465876143505e-01
3.537590552779874997e+01 -1.740923267206830971e+01
6.823550453437048802e+00 -1.926903390792204718e+01
-4.603365313261354430e+01 2.171763991650795589e+01
-4.896343773757741502e+01 8.278330155259000733e+00
3.141948321028575108e+01 1.101044203773689745e+01
7.749860631768058283e+00 -3.316246827508815187e+01
1.047468626348759813e+00 -2.602357401403519432e+01
-1.512657730500289865e+01 2.682655459862736436e+01
-2.760519362819974631e+01 9.065941144179122446e+00
2.959357454192563708e+01 -4.062306681874533254e+00
-4.762697292588124043e+01 2.190877839757853351e+01
-4.456252838422626184e+01 6.524019910082573759e+00
4.884510076471444506e+01 1.917984260955136300e+00
-2.674281232487628657e+01 1.404806927258789528e+00
3.750164304340225385e+01 4.683942952111242342e+00
-2.914292775480627995e+01 1.975273393291512747e+01
-3.069420582480274007e+01 7.332473642374730538e+00
3.025083995423422678e+01 -6.932165204233348810e+00
-4.203175861795295276e+01 1.903416371285672781e+01
-3.280029690273575937e+01 -7.067604488880918634e-01
2.823879044378494285e+01 -4.231888446407978677e+00
1.410049225352452495e+01 -2.554012565245420063e+01
-3.662377095350505130e+01 1.730612467927359788e+01
1.664858564464275403e+01 -9.609334855752713622e-01
2.006238143136423346e+01 -2.720153903312239407e+01
3.019959313526939937e+01 -1.841056220679723054e+01
-3.488211377669485813e+01 1.955426375951970996e+01
3.366940124573335424e+01 -1.578749731301516945e+01
5.749935160726718841e+00 -3.529185266953490441e+01
-2.863516947693285530e+01 2.287822157005484058e+01
2.681604869566357863e+01 -5.332689636278464818e+00
1.605361610460429844e+01 -4.553664537415578195e+00
-3.018304961537077702e+01 1.607090040471417236e+00
4.100199385498246585e+00 -2.980175805943142109e+01
2.106510153310218669e+01 -2.060153141301819701e+01
3.774505487997632258e+01 -2.175133396698284827e+01
9.966812437597072361e+00 -1.758190814829762516e+01
-3.756931858514708011e+01 1.189749134134719810e+01
2.547120464811416340e+01 -1.588843366173656158e+01
-2.952165856701977731e+01 1.378895145756964524e+01
5.950803086658828178e+00 -1.628198750400837369e+01
-1.555690240952381131e+01 1.670982994894771423e+01
8.509682023764590042e+00 -3.509830204106505391e+01
3.225447992857937862e+01 -2.076352527013930782e+01
-4.505924857102342429e+01 1.879883859482299968e+01
-3.869334316654640560e+01 1.996705888759234071e+01
-4.517772349696944190e+01 1.683462277769736914e+01
3.177708879520095309e+01 -1.644556204627041751e+01
-3.801697670216318414e+01 3.802173220471953385e+00
-4.204821135580007052e+01 1.748897096891501945e+01
-4.063931465042881541e+01 1.596568891308716154e+01
-2.381219356620388794e+01 2.517401573256991654e+01
2.225393129245843316e+00 -3.785467553812308950e+01
3.861673914476142500e+01 -1.258635217149164909e+01
-2.510149190941038455e+01 -3.093233173043764772e+00
-3.942416921261985863e+01 2.806848708407724402e+01
-4.596301263955064798e+01 5.970327052460742578e+00
2.739506081152804029e+01 -1.625181637268739010e+01
2.426244703943152814e+01 -9.532873084811912534e-01
1.422183952549548103e+01 -3.461146802834065284e+01
-3.744242837600260287e+01 3.140961864649764479e+01
9.089548796127781216e+00 -3.030399162995008666e+01
-3.634877561004532964e+01 2.076284585114106918e+01
4.690552200320736631e+01 3.810282909696321996e-01
-3.185349190416097542e+01 2.201686848984452993e+01
6.287345893340741121e+00 -2.864077171285735446e+01
6.797111739350265580e+00 -2.548689337069291838e+01
-3.242139491161001530e+01 1.819846342609676881e+01
7.629909742687470242e+00 -1.272540778986783394e+01
3.967920053475254605e+01 3.869957638395120192e+00
-3.909259353488025823e+01 1.719511315615603309e+01
-5.153598004078415329e+01 1.466987677768880793e+01
-2.673014683405857994e+01 8.029841869218470762e+00
3.901312225003523793e+01 -1.812906089315309899e+01
-2.491139842555222472e+01 2.190950584930007139e+01
-1.938905317193808031e+01 -8.904237140591025890e-01
-2.794286598894321472e+01 1.997267116015765254e+01
2.750240807492291495e+01 -1.881715800500346480e+00
2.006249670305680510e+01 -2.354260549089046251e+01
3.372509427828968853e+01 -2.836455644777317708e+00
-3.725500946802796420e+01 2.393273382563095097e+01
-4.027964722737489467e+01 9.010359631418229043e+00
-2.597813333588398876e+01 2.204624468842795793e+01
-3.387162019376425093e+01 2.483863351032568900e+01
1.562196448390832160e+01 -2.293027119510284351e+01
1.669122089862213443e+01 -1.751734363376430892e+01
1.376502715854385883e+01 -1.716250873124091925e+01
-2.269524428569702934e+01 3.225044555078591202e+01
-2.419371116311979009e+01 1.777112387306863894e+01
-2.024406318999652044e+01 1.443815900853426371e+01
3.307502965748466295e+01 -2.016913521984102431e+01
2.477350997576868963e+01 -2.015904843600491958e+01
-3.995651846440087951e+01 1.008226543304965261e+01
-3.055414551083841346e+01 1.700607266285239305e+01
1.726359611163213970e+01 -1.640536031957355689e+01
-2.593667324701596755e+01 1.967898752064629520e+01
1.215060494189269491e+01 -2.436613968887864345e+01
8.251330057111433192e+00 -3.874923139538697114e+01
2.293925987220452711e+01 -8.579508108461926241e+00
4.706353959888411431e+00 -3.292398300142667011e+01
1.993909379171960694e+01 -7.113230804273753538e-01
4.525406554801873682e+01 -1.306898929248409225e+00
-3.229432783834643317e+01 1.738823777051736741e+01
-3.779049223291496418e+01 5.790565991414140967e+00
-2.107319409781558406e+01 3.497163033267720600e+00
-2.167971946941446504e+01 1.453145636702693011e+01
-2.641084859705497223e+01 1.075156022746285700e+01
-2.438934854123966289e+01 1.406663593920906585e+01
1.950101289337159116e+01 -1.248762438678492082e+01
-3.648934053046018278e+01 1.477535436228344601e+01
2.772620804834648212e+01 -2.245565240894386250e+01
3.433743387616725329e+01 -2.466302691362114885e+01
-4.495154189681331758e+01 2.603641086815715155e+01
-2.776997158300418889e+01 1.367922724117215161e+01
3.060089119893084231e+01 -2.572135634566721407e+01
3.414696399107716474e+01 -9.843685979874658543e+00
-2.975566944064684805e+01 2.191785610152590991e+00
-3.527440870848259635e+01 6.902917059400706989e+00
2.935184022368201795e+01 -9.929517184021927179e+00
3.237820790377629265e+01 -1.327290707191632180e+01
2.338805017777898954e+01 -2.357426216158645005e+01
3.430094875275442945e+01 -2.186064660656031933e+01
-1.114659329617988881e+01 7.109049783372264564e+00
-4.612279591045215454e+01 9.160979159161012575e+00
2.575582236316328277e+01 -2.598067051168995434e+01
1.219915697317337866e+01 -3.179654215298986131e+01
2.389811520718204463e+01 -1.668778873360684045e+01
-2.605413684897959925e+01 2.428996090716626099e+01
1.610714448419456701e+01 -2.078185931431849554e+01
2.500530818653504994e+01 -6.060038647228943809e+00
3.085164625923158255e+01 -8.769751018156602740e+00
2.022972264031714573e+01 -2.881337563479951669e+01
-3.884434452253062631e+01 8.435397424925062282e+00
-1.709023246580924749e+01 2.225202437916756537e+00
-4.335876041456174335e+01 1.500379077805022554e+01
1.816932032252371698e+01 -2.304706098219035937e+01
1.931320021266132159e+01 -1.401852199363403528e+01
7.111076919687365994e+00 -3.962523115345175739e+01
-2.478004893600270009e+01 -2.227161544332831422e+00
9.471955617787484627e+00 -2.964224267303746885e+01
1.981040043251972094e+01 -2.092147123290498456e+01
-2.728549432217496928e+01 1.232908361215348414e+01
-3.954158200012593483e+01 2.098480576265418662e+01
3.069141368300678607e+01 -2.850539348266745776e+01
-4.694812397467015330e+01 1.335405948353979433e+01
1.413677740498677338e+01 -3.252141549949254795e+01
-3.284931914775282280e+01 2.150805655014628215e+01
-1.908243765081212828e+01 8.929217730932274222e+00
-4.218687356439544800e+01 8.942307335454001915e+00
2.722010889066667971e+01 -1.212555903490295073e+01
1.103427222900503502e+01 -3.604701524155530024e+01
1.363681110921758766e+01 -4.050950118901361918e+01
-5.556935150694054926e+01 1.322967175434164488e+01
1.416574354122115853e+00 -2.808936010312774911e+01
1.015513966082190755e+01 -2.612805063722635879e+01
-3.769202623543313280e+01 1.639719137230571988e+01
8.386366033012730981e+00 -3.161554939489472815e+01
-3.278946105011392120e+01 1.081182186863276584e+01
4.043061149540156407e+01 -2.400937563174685874e+00
1.447886029235418981e+01 -3.246134566952459721e+01
-4.265691351580263557e+01 6.519481885290606016e+00
-4.122173195358011810e+01 3.036341050913530637e+01
-1.708341055420321908e+01 3.659338034258423278e+01
4.072806782435758777e+01 -1.698948125650323604e+00
2.236104828627540186e+01 -2.738029542472559541e+01
6.930765533718139082e+00 -2.016990368432406200e+01
1.772744429361115692e+01 -3.356485107361422848e+01
-2.749100130255000352e+01 2.808069221059976073e+01
3.023310063254547231e+01 -1.521891541914730261e+01
4.310970117822006387e+01 5.485166521919074611e+00
3.678105060416052652e+01 2.959518842759003565e+00
-5.311719782014689883e+01 1.825023626311176628e+01
-2.677909004705109197e+01 3.132774490704523984e+01
-2.544987192582033941e+01 -4.352595068740150452e+00
1.758116661963107674e+01 -2.786284000055532672e+01
-1.926371131326650854e+01 2.598687925205800298e+01
3.715095090919781740e+01 -7.724890542693115814e-01
2.465584855960768351e+01 7.663008931326310780e+00
2.845974996371711185e+01 -3.302893530270888389e-01
4.523840622726301319e+01 6.249676926524079690e+00
8.432577531566433082e-01 -3.491280841887806474e+01
-1.118968909751420426e+01 2.195501398810516847e+01
-2.245890367020223977e+01 1.209804015245443010e+00
3.494967390801773632e+01 1.143206018390933210e+01
-2.482518296242002620e+01 3.075116081686863012e+01
1.321766230791974195e+01 -3.588154927811903150e+01
2.005664032709458056e+01 -1.694995253656002276e+01
4.224772227871568475e+01 -7.884448200186039202e+00
-2.960110916132517289e+01 3.035202946252590905e+01
-2.644050233786246196e+01 2.798836336872325603e+01
-1.967264417863439263e+01 1.851945905240044965e+01
3.427098323864134954e+01 6.549477438899377724e+00
3.493117292860113565e+01 1.316830789714464522e+01
