3.468832594308588000e+02 -1.695120646159606679e+02
4.411820786420837521e+02 1.431370222514821648e+02
-1.966447524620687091e+02 -3.958140978974452651e+02
-1.221563023467948028e+02 3.821701782585917613e+02
1.573645447055656916e+02 -4.419183556302618854e+02
-3.933552998969991563e+02 -1.386352832279807501e+02
-1.555016617156872201e+02 6.472169273224696440e+01
2.011185889752382536e+02 4.064511112597820670e+02
1.318838808795893840e+02 1.030882182315127693e+02
-4.237768784117363907e+02 2.135490017105119875e+02
1.300254219995056282e+01 -1.672374230724791744e+02
