-3.739375475638041735e+01 1.652803223490295537e+01
3.570639394627008301e+01 1.006351300005309035e+01
7.235714729230091180e+00 -3.108987771684259016e+01
9.429105636317526518e+00 -3.710697812758530745e+01
2.119379991290592002e+01 -3.805593803136214603e+01
-3.240579486606120696e+01 1.615249901826416945e+01
3.567291559161676417e+01 5.297978870956910474e-02
1.087081850616003109e+01 -1.724737002195229962e+01
-2.676377899561920159e+01 6.795471744817318083e+00
-2.864211995199344329e+01 5.142315944305194009e+00
2.211537494650580271e+01 -2.370008968947222172e+01
-3.165791431874084694e+01 2.245123540911780680e+01
-2.720388539591693799e+01 3.839605336343181108e+01
3.132624724226522162e+01 2.586911959566610797e+00
-3.066790915942322471e+01 1.262984707240032378e+01
3.144398843354792561e+01 -2.308125269878320296e+01
-3.489569922380719902e+01 4.242061241971923380e+01
-1.872667424654974155e+01 1.702897732680089860e+01
5.839371021709545140e+00 -2.411121679842755583e+01
1.823111919161429029e+01 -3.278894000575544965e+01
-2.655953086762192328e+01 1.133706675446354240e+01
3.369604076128396741e+01 -9.437327466924017472e+00
3.970665942260070835e+01 -1.839337210991278937e+01
-2.650353507106764539e+01 8.463260655252403453e+00
-3.129912693424113002e+01 3.483238077845140879e+01
-2.303263216399416891e+01 9.814686030206196676e+00
4.073533568680713302e+01 -1.641411275510658641e+01
1.828342643764615261e+01 -3.387350925697211323e+01
5.473266531704831905e+00 -4.080410948614676414e+01
3.286248717571438505e+01 -2.274204754167859388e+00
-3.113445561450271271e+01 4.283263815775523398e+01
2.283370493311754146e+01 -3.199034460754171150e+01
3.293441533705465218e+01 3.842599077787382633e+00
-4.442300726722790927e+01 2.682441528869186698e+01
-2.507122352827041212e+01 2.124729546757645338e+01
-4.053774145392988260e+01 1.375903863634117918e+01
-3.513221301978591526e+01 3.459992953899903512e+01
3.024416063784407527e+01 -2.604567421688585682e+01
1.711904489725315770e+01 -2.929237831435854744e+01
1.713434486701704396e+00 -3.950132292247386800e+01
1.526024715342043869e+01 -2.211966669877646297e+01
-4.308712272846985769e+01 2.718155479155306864e+01
-2.537315869451339978e+01 9.433861800201089665e+00
2.247458598653033945e+01 -2.153149266655283256e+01
3.925721024724312969e+01 -1.556095617086293359e+01
1.098956108418162358e+01 -4.058979505951845113e+01
-2.692821079219286418e+01 1.556353935240034581e+01
1.108492544779899269e+01 -3.473001286076008398e+01
3.045964216558786930e+01 8.930607529028213420e+00
4.565812104250778702e+01 -1.995769923460750661e+00
-3.950369328398203095e+01 3.825184483842296856e+01
2.231948977767680375e+01 -1.473650731748812248e+01
-3.191945276734634973e+01 3.757420075594634312e+01
-1.782239613200983541e+01 1.995092398763788921e+01
3.265296292364398312e+01 -1.966486389639435117e+01
-1.880050560550402494e+01 1.914675914986347038e+01
9.857058711453035471e+00 -1.502636044377466895e+01
-3.625030493522017139e+01 3.795232689148935634e+01
3.591497841304206418e+01 -1.823104719641217031e+01
-1.450656085386806637e+01 1.139958350255437303e+01
-2.341742118162350295e+01 2.149177749727352449e+01
-3.648047805889078177e+01 4.161491094198011353e+01
2.848721964927245054e+00 -3.670181818235110427e+01
-3.388653886638371660e+01 3.987337999561485447e+01
2.104300892434313752e+01 -1.467334958141352352e+01
-4.677392343980418588e+01 2.732507503151527928e+01
3.467353305136336417e+01 -1.987631898925373619e+01
2.975747646725679374e+01 -1.911718336226174486e+01
2.604471784317702188e+01 -2.066715007020809125e+01
-3.456359979012972872e+01 3.132462926192193819e+01
2.669426709413632537e+01 -1.982674153908133619e+01
-3.355906052083882685e+01 1.955662610388098699e+01
-2.052889571614181108e+01 3.082371181700419882e+01
-3.124239503932046347e+01 1.845650717898194415e+01
3.284059022623334556e+01 -5.633945658963613212e+00
2.041462122593420148e+01 -3.193961915674671204e+01
3.658177652848779360e+01 -1.186396250463701563e+01
-2.245121948626492170e+01 1.009438656265556311e+01
-2.420203342558951576e+01 1.740051739396560038e+01
4.231372062193234029e+01 -6.501864543405980967e+00
4.094012246829018409e+01 -4.003446555225929515e+00
4.704507449928505025e+01 -2.895791397825968616e+00
3.984979779480629247e+01 -4.013434018688522897e+00
6.367198540263569129e+00 -4.160201013390434355e+01
-3.436167761594467862e+01 1.701620673559852648e+01
1.338145905931698820e+01 -2.209952970738305211e+01
1.998077474164547240e+01 -3.753505740454411921e+01
6.338180643008987758e+00 -3.387098348928090985e+01
3.751247844713215329e+01 -2.260699462692831840e+00
1.161917952125528508e+01 -2.587765243703190876e+01
-3.712903053614206073e+01 1.219594427618350352e+01
7.246983869566366643e+00 -2.802466732125179405e+01
2.253054040945665903e+01 -2.649954534793864980e+01
2.473098757598620168e+01 -1.257779721164458309e+01
-2.908682414099732583e+01 1.445261747694464383e+01
-3.813925629731589595e+01 3.406637365592912658e+01
-3.498560871045540921e+01 2.933884944284957896e+01
-3.190579327095278117e+01 4.049759478107507249e+01
4.050802913706052522e+01 2.910483099147936237e+00
3.654334238139468738e+01 -3.571876596397494552e+00
2.762256237409953386e+01 -1.789621482507349981e+01
-2.090902824372567181e+01 1.578339047193298228e+01
-4.072404060649436275e+01 1.612873397037447631e+01
2.183180563613139924e+01 -3.071576411414356755e+01
4.099995815973874613e+01 -1.614304446092113565e+01
-2.796680478738602460e+01 3.163739865327530154e+01
-3.455447812301436272e+01 2.559009374828780992e+01
-3.022464761613438355e+01 4.181489894596406032e+01
3.700599867419489186e+01 -1.312865648746532443e+01
4.448702209556367748e+00 -3.370954615025151213e+01
-4.633913749665715187e+01 1.257295330486802243e+01
3.900634612173458038e+01 5.404011644727725994e+00
1.420305617557309041e+01 -3.573675599300243988e+01
-4.845863882673288714e+01 2.551258443028136824e+01
3.866479208161364056e+01 1.330032564301025921e+01
4.207565258796159213e+01 -7.599020630136879895e+00
2.980908362743254614e+01 6.045327220653637923e+00
3.205143706278347082e+01 7.616746521646715173e+00
3.084322819412224703e+01 -1.720695239457316106e+01
-4.613025779293951700e+01 6.514385479621483732e+00
-3.138746148238224620e+01 3.250918668300808179e+01
-3.164687948019663466e+01 3.838370790664600207e+01
-3.983829576546056472e+01 -3.097288889068168238e-01
3.713121988442647847e+01 1.349515898924467017e+01
3.963794320724725395e+01 1.383065176113388972e+01
3.496524868900539929e+01 -1.585220846966732999e+01
-2.471213749963723316e+01 4.634557058729635415e+00
1.138787489178586831e+01 -1.809216744424248446e+01
4.028655369177173640e+01 7.426499372595235515e-01
1.858417939729678281e+01 -2.245574394422768449e+01
1.907583706680171431e+01 -2.452558594875581832e+01
2.896722564830796287e+01 5.763991309080343406e+00
-4.462550694965965192e+01 6.365248055650820191e+00
-1.963445226669021082e+01 2.104885118664131127e+01
3.282496928812630443e+01 9.340288003710252696e+00
4.042570196300194851e+01 7.037824419592366709e+00
-2.975559606544170776e+01 3.751836281638149018e+01
-3.966282669475304345e+01 2.169634015450249365e+00
2.911251982534815141e+01 -1.319146142964773638e+01
3.366173375148576241e+01 6.632489761573039821e+00
-2.201709704362954767e+01 1.738039845000558969e+01
1.745213708810253550e+01 -3.516684608200313278e+01
-3.765010957647037770e+01 6.197317699312944406e+00
3.501952471136159062e+01 7.155733166119665256e+00
1.430021190019995281e+01 -3.337817965112009233e+01
-3.922137523429109507e+01 1.092377108179474376e+01
3.025801587646403945e+01 -2.314732185811763898e+01
-2.185164402890204727e+01 7.838822699977193054e+00
-2.740444933537552075e+01 2.433781824988270870e+01
-1.823245729743110388e+01 1.347687525311843970e+01
-4.044849399226771425e+01 -2.978082670288058065e-01
-1.658248951589837716e+01 2.143586286390158691e+01
-3.814922052591629864e+01 1.070997454156153061e+01
4.760960757898838835e+01 -1.380024869574201785e-01
3.262838425035173628e+01 -1.523953415480655238e+01
1.595840335522949438e+01 -3.017692702762344581e+01
-3.941002222389015941e+01 1.146422691291873974e+01
3.120083202059367267e+01 -8.175014738741563036e+00
4.325481025416993219e+01 -5.527411272284069810e+00
-1.946885672171324089e+01 3.022460511631845037e+01
-3.440774311315535527e+01 2.170760168457062278e+01
1.194620814786113172e+01 -2.794950045835880914e+01
4.503795859748394292e+01 3.675967546351389004e+00
-3.498676784174702448e+01 -5.840676610342560027e-01
-3.737666446369927797e+01 1.425534044729703531e+01
8.327186579842349445e+00 -3.882278224391503585e+01
-3.871280771695624878e+01 1.423707783802903393e+01
-3.705966848453411444e+01 -1.043647199975179074e+00
4.258501362623799480e+01 3.479369785387253611e+00
4.821503269543874381e+01 -4.963945872988350771e+00
-2.067994248603299567e+01 7.412796136725073204e+00
3.869617760417007446e+01 5.478024553225445681e-01
9.098185743066700581e+00 -3.043774524537031212e+01
-3.834411637068140521e+01 1.301870603701991946e+01
3.807312053971292443e+01 2.324799255353529492e+00
-4.429272194348944680e+01 1.317798816154309449e+01
-3.750499672228427528e+01 2.736621980249110209e+01
3.377952790772220482e+01 -3.286664048188562948e+00
-2.585661694101890262e+01 2.242647114501991723e+01
3.732815871825000897e+01 9.527629744688951519e+00
-4.200537815197582603e+01 1.484257184185453049e+00
3.367016979472483484e+01 -4.039032369468000816e+00
3.345004816334211739e+01 1.418032572383243872e+00
2.771759028396890301e+01 -2.314184290018875245e+01
-3.791835201451261383e+01 7.384716413708975580e+00
-3.619788484097546188e+01 7.562813692837124790e+00
-2.985115144672309384e+01 8.574875882861993759e+00
-3.624859687265683306e+01 2.043788950190243092e+00
3.897808128486739410e+00 -3.836906007953403019e+01
3.752733696534169638e+01 -3.013497202196910862e+00
-2.931060788497610403e+01 4.045105335727210161e+01
-4.300630715704292584e+01 1.466654462752615684e+00
3.818839928965818586e+01 -1.703458916269392054e+00
-4.320214311434849463e+01 -2.136358034036021092e-01
3.493439236644315571e+01 1.083597031971692104e+01
3.461394389738750732e+01 4.567554669259753730e+00
2.800342345491234042e+01 -2.991910309488806519e+01
-3.975432290940602087e+01 2.648808665386225503e+00
3.975846233001828978e+01 3.314954389284376468e+00
-3.208697328394193704e+01 -1.064075676927909719e-01
-3.632988576831362337e+01 9.481219350798538059e+00
4.114811372761863595e+01 6.933305889806769429e+00
-1.601117193486341961e+01 1.270385238521624061e+01
-3.738207628244552438e+01 1.827957786233015858e+00
3.431196441776596373e+01 1.179264279053932363e+01
3.581940252332172037e+01 3.011612448960728994e+00
-4.152333193796400224e+01 4.186922708207341692e+00
8.212686239430119883e+00 -3.636046240432877852e+01
-3.543328838403494530e+01 -5.582798440633029990e-01
9.212350824876649469e+00 -3.263634485160202559e+01
-3.042109817133671967e+01 3.912705843479392342e+01
3.710730187576936601e+01 2.190529630072839407e+00
-4.381018414171458630e+01 9.433206247179968251e-01
-1.553690644951566924e+01 1.555533745767577791e+01
1.607868435316856903e+01 -3.413434199424074933e+01
4.325898181836414125e+01 6.284731377974484445e+00
2.913910727148330437e+01 -2.291090971745338578e+01
-4.120491038057605948e+01 1.042212889875339776e+01
3.018790530294490893e+01 -1.380220922085218627e+00
-1.837917923825623134e+01 2.463268845891880687e+01
-3.533945350068024993e+01 3.594576124630920333e+01
-4.200044177834929116e+01 8.070217576684566296e+00
4.287892370741568016e+01 -1.512081487550576853e+01
-3.910575729998721783e+01 3.802144088679285971e+01
3.396147145004350421e+01 -2.686583346458439792e+01
-2.133036456698767580e+01 2.471912238710780230e+01
-4.345721577262846580e+01 1.140387314816168818e+01
4.360830611406537116e+01 -1.699049613168492678e+00
1.827552078888546916e+01 -2.591200808789060517e+01
1.654709613673885116e+01 -3.125186706588725727e+01
3.746488681850086522e+01 -1.394167317010126261e+01
4.158352273637844121e+01 8.328122261667513015e+00
-1.627775810962443259e+01 1.865292190074884005e+01
-3.834062651698668844e+01 2.855238307089900829e+01
2.690356166686692774e+01 6.148403600650885759e-01
3.491353156217189735e+01 -1.217578900089404925e+01
2.548609639842975838e+01 -2.731553566472909012e+01
4.313847815996795276e+01 1.270037625267738335e+00
-4.352271007451289364e+01 2.304710267730301254e+01
-3.936558797999260406e+01 1.530809210382008523e+01
4.596079245950281233e+01 -7.530491266901201186e+00
-3.243625063499364813e+01 2.870719619446132143e+01
-3.958199989568304744e+01 1.210939296004529275e+01
3.619708271632097762e+01 3.604411798313920556e+00
2.967341292147622056e+01 -2.000362756316447488e+01
4.657337762265990477e+01 8.384967547530742138e+00
-1.594073661320589963e+01 1.991020585567301282e+01
4.584909804485979379e+01 8.280536024032926434e+00
2.228683098304920662e+01 -2.750364322694917263e+01
-3.453181188357443432e+01 1.048889415226684463e+01
4.543899053039015712e+01 -1.198518946652949246e+01
-2.755605968820560747e+01 2.038687053683807804e+01
4.820344419633516964e+01 6.155392302577600283e+00
-1.623971318525304497e+01 1.173722277495140887e+01
2.026386029649023612e+01 -1.900611737426192249e+01
-3.832084203572512138e+01 8.595389662661405694e+00
3.020730265524103686e+01 -4.708720809339655311e+00
3.556278375168013373e+00 -4.028186864522449184e+01
-3.127159241448122629e+01 4.200387492017071622e+00
3.605597923253719728e+01 -6.222056149200104080e+00
2.702793828824958311e+01 -2.404492484392672580e+01
-3.962390144201200570e+01 9.003494400747847237e+00
2.917441225460249399e+01 -8.681839106966087627e+00
2.018433223767912210e+01 -2.859139876404316638e+01
1.228423945252690253e+01 -3.085926447694806996e+01
2.109509855560503055e+01 -3.279642651455858271e+01
1.591405786938685551e+01 -1.696055158613744851e+01
1.430022535997117750e+01 -2.657747178977287916e+01
1.973335409241665062e+01 -1.151583650189224350e+01
-2.626984775425389529e+01 3.827472362455620392e+00
2.132721175150421900e+01 -8.753318357852071685e+00
2.502437982177828957e+01 -9.352486130470685666e+00
1.991769201236996167e+01 -1.246439588164713541e+01
-3.190569990107940868e+01 7.231382441967187269e+00
-3.053087102652786911e+01 2.461917551287430683e+01
3.322510966552568590e+01 -9.740985446372778966e+00
2.577963383516573970e+01 -7.674329722489668271e+00
-4.431798407557516839e+01 8.975066661629764297e+00
-2.926687242967381053e+01 4.237092029635055823e+00
1.188540714090470019e+01 -3.224382933953198460e+01
-3.375665754215059877e+01 4.524069410918873047e+00
-4.595059609108523091e+01 2.190453583088158140e+01
2.490422728170825550e+01 -6.019061410920146571e+00
-3.116535449020899051e+01 1.242907593871363048e+01
-2.991443088145149787e+01 2.879280027413703991e+01
2.628770017912915691e+01 -7.418185082521207008e+00
-3.420934945345730682e+01 1.324460762453685092e+01
-3.312185609367477213e+01 2.172924723641902034e+01
1.765726998073705190e+01 -1.359618761349222993e+01
-2.330071608807791961e+01 8.409834780952039068e+00
-2.781944388141245028e+01 2.606741420401408860e+01
-2.861745686198321792e+01 2.714365952887072275e+00
1.724417180983276765e+01 -2.743196367417103332e+01
-4.767519050762624744e+01 1.052601131060474415e+01
3.727141249936786949e+01 3.065772535516527730e-01
-4.900493434155676198e+01 4.810111170824285409e+00
4.585281542452878512e+01 4.382552262792837716e+00
-4.514772841943694459e+01 1.601170660659036793e+00
3.745672014190857624e+01 -2.253039921988620975e+01
2.211417687774260799e+01 -3.798026197717519636e+01
6.261361858529003399e+00 -3.662071845295302097e+01
-1.609476788224916177e+01 2.264422404729550564e+01
3.005207345957631659e+01 -2.491065775407820126e+01
2.803620327516568977e+01 2.429453046062075572e+00
-4.103597790826068348e+01 1.209425940037238512e+01
7.093090454559967561e+00 -3.377431967893613773e+01
-4.373161570515508600e+01 1.579564579518900658e+01
3.864496978023286999e+01 -7.742054479614517426e+00
-4.648673734965669269e+01 7.717644110071820940e+00
-4.048203419710830531e+01 6.084917761077210052e+00
3.399626752382236816e+01 -2.078333342277711893e+01
2.850804773053909358e+01 -5.303411532893044900e+00
-4.848979473604671142e+01 6.564562689334717760e+00
-2.251560676217787460e+01 2.686102959699684689e+01
1.724211251434601166e+01 -1.723593454074064368e+01
-4.625513876879130493e+01 5.404502351593133191e+00
4.076840451636408602e+01 -7.767640135005151603e-01
4.178196817633930493e+01 4.243612623469114276e+00
1.623037934208806732e+01 -2.723864557413218890e+01
-3.688448029740573020e+01 3.063599984220229899e+01
-2.796895090289467234e+01 3.235780349518071830e+01
4.566833215366204968e+01 9.879563666009355316e+00
9.928158130024279160e+00 -3.748039207028772779e+01
1.077238236603005639e+01 -3.413838875527571304e+01
-4.807687545948120800e+01 1.049945657766154739e+01
-1.668292675127111835e+01 1.748928343830503707e+01
3.738855762946169392e+01 7.045676848078643140e+00
-3.633086093984188381e+01 3.664037365481078012e+01
-2.844228730480757861e+01 3.712665224617045823e+01
4.151215019259183947e+01 5.868423860009232662e+00
-1.392584219502001019e+01 1.373521227867233918e+01
3.784853532176634872e+01 7.930114036886618756e+00
-3.202104352636584395e+01 8.400828642976755134e+00
-2.290946444515660829e+01 2.527905932184805238e+01
2.416514901351175837e+01 -2.198408969533768342e+01
-4.426820371345277749e+01 2.110952595274558519e+01
-2.911117394007309045e+01 2.353261905336764670e+01
4.254656407821283182e+01 -9.877826247291467965e+00
3.006339010538652090e+01 -2.700125269497027602e+01
-2.874850198256441658e+01 2.702408088242717454e+01
4.446406899433672066e+01 7.811507384936490217e-01
1.265551166823594187e+01 -2.371794833756656473e+01
2.738354257553507409e+01 -1.793739564882541515e+01
-3.433705693873980636e+01 2.446617071586934244e+01
2.617564003785510351e+01 -3.400177197651762517e-01
6.166907696322338595e+00 -3.846595726660629566e+01
-4.042151018881391877e+01 1.941138189767969635e+01
3.407373250554859823e+01 -2.310881019062395936e+01
4.003684854276632876e+01 -1.120897450011730889e+01
-2.451180792212606718e+01 3.034306143049651538e+01
9.135818337600454697e+00 -4.064508961226456307e+01
3.353625985922948871e+01 -1.855593038843336728e+01
3.083143479360780503e+01 -2.074513840105422346e+01
1.540068647071579733e+01 -2.264673385094805269e+01
-3.669707905118165314e+01 2.332015395148100723e+01
4.210613017965579985e+01 -1.774819351278680912e+01
-3.048251614214568761e+01 1.678482486394253215e+01
6.856027124050147137e+00 -3.053537729385952559e+01
-2.807837325859837918e+01 9.277670220473375196e+00
1.785939069252101419e+01 -3.955878755276383885e+01
3.281625708902489436e+01 -1.085235601077879330e+01
-3.058293272865489598e+01 2.895089138332264866e+01
-3.402433011597279489e+01 2.988513289657178973e+01
-3.950341151294181685e+01 3.345786996264371993e+01
2.897450359974871148e+01 -1.674620176054313347e+01
-2.905581389170928119e+01 3.472696327767338431e+01
-3.741829647270440518e+01 2.962621849895772286e+01
-3.892854014503710403e+01 2.977353900534242115e+01
-3.649416908182440977e+01 2.512017142279036719e+01
1.130653603296387821e+01 -3.793607473497269922e+01
3.581157765236557111e+01 -6.825834165943466481e+00
-1.365872712387861831e+01 1.981039278092219291e+01
-4.628672956173706154e+01 2.726784750040601324e+01
-3.352899470060919640e+01 3.498323393624777111e+01
3.308759283138773810e+01 -1.758704498688522122e+01
4.539127357541192964e+01 2.849399639710007204e+00
2.312833515117092631e+01 -3.172240835469686360e+01
-4.498945112870860896e+01 1.957569624033833122e+01
1.871518491293598530e+01 -3.640622353289685265e+01
-4.004819564138076515e+01 2.011655076501905270e+01
3.931445230864126472e+01 -6.672518293897697461e+00
-2.958207634347038706e+01 2.217771817900149145e+01
4.371652040682947771e+00 -3.998185968675706903e+01
1.978920567073373249e+01 -1.775507532979129977e+01
-3.956620824762875799e+01 2.321862795145574410e+01
2.622674426633214040e+01 -8.922188894726863495e+00
4.229653631540207215e+01 1.065838244362568332e+01
-2.836142165617411948e+01 2.874067106918676373e+01
-4.631513819850841429e+01 2.864944848579296277e+01
-2.487296377971669870e+01 1.339901598193150534e+01
2.627765534684061066e+01 -1.673784307740785238e+01
-3.088634697120194872e+01 1.923423414668353360e+01
-1.608798291705732453e+01 9.963118222759787201e+00
-2.502601302639345704e+01 1.216554098340443346e+01
3.053709560421447478e+01 -8.871032338539121653e+00
2.581821041540410278e+01 -2.413900066964765756e+01
4.574795000418293967e+01 -2.827547598367442738e+00
-5.001658611610121596e+01 2.736966267429116684e+01
-3.259193241911577843e+01 3.311287508374798705e+01
-2.789080658118478340e+01 1.573747860957572975e+01
-4.258022201876200086e+01 1.335348514059622183e+01
1.443350076606949095e+01 -2.522938967808079624e+01
2.344829865654764944e+01 -3.880249475698168027e+01
2.480017254418689987e+01 -2.866594254532631325e+01
-4.181293981128391124e+01 5.350998675736556187e+00
-3.278943678090524116e+01 1.263686808561630492e+01
-2.398324762233547958e+01 1.160328357680328359e+01
3.299792700873094020e+01 -1.731209146156183465e+01
2.014296004633724024e+01 -1.670816276777349785e+01
-4.103004205413056127e+01 2.160462649032522719e+01
-3.253918403026234074e+01 1.340228637316870497e+01
1.620704183153005218e+01 -2.587653388806916865e+01
-3.534596419687760971e+01 1.405943877249685059e+01
1.581830733065294758e+01 -3.631910363754367665e+01
2.845483686772393739e+01 -2.533309702893356175e+01
2.718342790768816641e+01 -9.639267422377910677e+00
4.805070106231612570e+00 -3.776731808791053879e+01
2.953330863508815440e+01 -2.806847940419421317e+00
3.666651775878433028e+01 -1.043126200680030990e+01
-4.384697143113496764e+01 1.717232429792716175e+01
-1.834067533293827879e+01 3.019259991103282204e+01
-1.561091311844066709e+01 1.246557654081969524e+01
-3.837240597228758787e+01 2.057433656504655417e+01
-2.337605777086980297e+01 2.488546157479992260e+01
-2.934771062805437580e+01 1.641918547280745244e+01
3.276080004428649062e+01 -2.518380333056535036e+01
-3.921339980541807080e+01 2.664587604590259673e+01
2.742008727677047020e+01 -1.513410521779674234e+01
1.856770313897666824e+01 -2.991874212713953440e+01
-3.497809109759376867e+01 2.765575097194602705e+01
-2.245805189509309230e+01 1.269422481131072544e+01
3.702645495943382059e+01 -1.943117153560877597e+01
4.101990691462572158e+01 -1.508914772814569760e+00
-1.924203442602405900e+01 2.157204984540993564e+01
-3.379145247420700571e+01 7.441928117684839528e+00
2.779042319449644438e+01 -4.285496839326877527e+00
3.314713625128305807e+01 -1.327886823097193592e+01
9.897178468381104821e+00 -2.311988326296441087e+01
2.552091143563907139e+01 -2.665668365177044663e+01
-2.918716917423912705e+01 6.948952332817286859e+00
-3.310152228603869418e+01 3.282412473100591654e+01
2.371480058145840530e+01 -2.259573556270872530e+01
2.609852799334140272e+01 -3.190284647749189872e+01
2.468664217546709594e+01 -1.814077694085668924e+01
-4.782820133168755916e+01 1.425544250538385072e+01
1.452543026674053905e+01 -2.891999050297725660e+01
4.408327740154978613e+01 -1.068730680096467189e+01
4.076118932196378353e+01 -2.241822063856630720e+01
1.259401533774737736e+01 -2.574184953732451930e+01
-3.216445237274509594e+01 2.578103098869296872e+01
-1.945896604580691758e+01 6.207663433340080417e+00
-3.339906061099843981e+01 3.723002999220813081e+01
3.329053202366866060e+01 -2.814112352941407025e+01
3.218347259566064622e+01 -3.174870789224527101e+01
1.451236970460545983e+01 -1.887355837509102585e+01
-1.408927929160829073e+01 1.987446992328544226e+01
2.284563574055359680e+01 -3.640177763072838957e+01
2.469917588538623576e+01 -2.452383159221714948e+01
-2.270729740362827798e+01 1.363121569889687201e+01
-3.686360771376476464e+01 3.278743220553187854e+01
1.871333392338243939e+01 -2.676621861523991797e+01
-3.370767683391493819e+01 3.894703713583762550e+01
1.486562581224140800e+01 -3.756604799123702776e+01
-2.759090643865026493e+01 1.804614373056449139e+01
-1.705479902180967855e+01 9.869479520923043481e+00
-3.765298732274560223e+01 3.498512751376762964e+01
4.052867561379844830e+01 -2.232898915397908013e+01
8.803126401997078077e+00 -3.814540414627609977e+01
1.460170480941609839e+01 -3.522087799682005027e+01
-2.815101079392207595e+01 3.483571014068387228e+01
8.437739798096155042e+00 -3.412966266348625766e+01
2.386266247626009118e+01 -3.584842029350348014e+01
-2.721537231453160643e+01 2.638556355718215585e+01
1.159104691830055422e+01 -2.874100728367893609e+01
-2.396852416497721450e+01 1.817085586391306862e+01
3.564969957356935026e+01 9.283765201383415988e-01
1.270685551471617458e+01 -4.093769348947107289e+01
-3.133354009448723332e+01 3.516616870137549000e+01
-5.039885991718186631e+01 2.758977296573919347e+01
-4.821679166634150704e+01 1.967371699759498682e+01
3.288404062245445658e+01 7.747387393533301747e+00
2.846600930816355302e+01 -2.045733392323886335e+01
1.559458642966329123e+01 -2.737504112031711756e+01
1.365657616908107030e+01 -3.705466248465096157e+01
-4.468591490683864720e+01 2.032425405992107059e+01
3.055972041935214989e+01 -1.407371433990621057e+01
3.883261452655047208e+01 1.037534865370079018e+01
4.226168218482543892e+01 1.220036982967696915e+00
-3.503657704990408206e+01 4.139880670813780483e+01
-4.293569723978671249e+01 9.363125778844848313e+00
-3.719505736974276289e+01 2.308463498062998909e+01
1.038743756859854983e+01 -2.748464098398674338e+01
-3.570525563006640368e+01 2.072413973657058506e+01
4.289560706649487543e+01 1.130334819812701852e+01
3.980831022825136500e+01 9.723683522650505395e+00
1.553912045863435054e+01 -1.542578714162572950e+01
3.324067886848276032e+01 4.222473984907344935e+00
5.082279425551342378e+00 -3.065902269578115735e+01
-3.008091713096091624e+01 5.109313344252706557e+00
-1.844234188712576383e+01 1.210106137268498117e+01
4.504414386739648535e+01 -3.953733549600824126e+00
-3.497496571294234258e+01 5.292179768819964103e+00
1.518327252426618301e+01 -3.053013523852386157e+01
2.832300625734402999e+01 -3.006119445201696649e+01
4.886018484166123699e+01 -6.013325016875299689e-02
-4.775859172775854233e+01 1.955341904337571890e+01
-3.686743855471623732e+01 1.790061737347187432e+01
-2.954780019767069632e+01 9.639955630304793743e+00
4.353497291842555939e+01 -1.772046711828516363e+00
3.662881429233756592e+01 5.030379067307423568e+00
