4.743704546272018518e+01 -5.590348686316695126e-01
-4.508240196728008442e+01 4.219708333466394379e+01
-6.182737702668738677e+01 -5.047669336501449067e+01
2.340918157816285472e+01 -7.968701807389058978e+00
-5.504297751079142387e+01 -8.754059785138910854e+01
7.697986297510611919e+00 2.092984431947801838e+01
1.459603453836247056e+01 4.580442386897960461e+01
7.197731814561691976e+01 6.502505419651454588e+01
-6.595086921549497561e+01 -2.767267847499815403e+01
-7.706662060924745816e+00 -4.073054762321755895e+00
2.723260129788451778e+01 6.985250304061348459e+01
-1.438403869717716965e+01 4.381836772996963703e+01
-8.268680897661745632e+01 6.868475320820669694e+00
5.900737736965933955e+00 1.007201045894404530e+02
-2.919925519447125595e+01 7.776078433606608087e+01
-2.327222954319972459e+01 1.768523321072679977e+01
-7.477722721785311499e+00 -8.558093092051909423e+01
-4.444336584192987516e+01 2.352396117014440513e+00
-3.075055198136257317e+01 -6.876419526032626095e+01
-3.576034672387575597e+01 -3.872132857110485560e+01
6.398137645170651666e+01 2.719386929954747600e+01
-8.281363902607161265e+00 -4.678450271457737841e+01
3.192294519014029319e+01 2.437801487395134714e+01
1.048760787245822712e+01 -6.787495476256684412e+01
3.685111494536462828e+01 -4.942720049881334177e+01
1.676281741103226253e+01 -1.031801258817147726e+02
4.664628284004930237e+01 4.831665263695960277e+01
4.983251627173519438e+01 9.220264589274658817e+01
7.839658899105620549e+01 1.003173898389028595e+00
-1.613697880437981169e+01 -1.163670072594627527e+02
-5.129204862181429903e+00 6.888238033294787499e+01
