-4.670353633890377409e+02 -4.625985290881371839e+02
-2.370060675447566325e+02 2.461999249335621016e+02
-7.006656362341995292e-01 -1.017925375669771348e+01
4.359739510923353123e+02 -5.410197493922203194e+02
-3.340223132979408547e+02 -8.459251099903983118e+01
1.362605376961935200e+01 -6.743626023947019803e+02
-1.131843022774004766e+02 -3.497027290666789554e+02
2.603883268233586250e+02 6.322858356829746072e+02
3.361742496499376216e+02 6.578557564132887592e+01
6.327582143708534659e+02 -1.430571888583045279e+02
1.029408075291492679e+02 3.218930348101951040e+02
2.263835908546632538e+02 -2.665402298792018883e+02
-5.674993729207380966e+02 3.650195930184009967e+02
-6.758370034722200899e+02 -4.708999722031150981e+01
5.672660356849860364e+02 3.322693713628994487e+02
-1.802261412365751312e+02 6.156894552059328589e+02
