-2.172177673428723566e+01 2.334565503222562555e+01
-1.500573488256132793e+00 -3.356137686691656086e+01
3.939803998178930122e+00 -3.603017496848774215e+01
2.360513437096027456e+00 -2.489037113614744001e+01
-2.675532195508735001e+01 2.868515902408896423e+01
3.329792157413643139e+01 -1.388181085473330634e-01
7.475939237178824470e+00 -1.926745358279546849e+01
-1.611020497264680174e+01 1.447395720530213303e+01
-1.798497327327106987e+01 1.537023863425238268e+01
1.888970242933458721e+01 -2.399459879369060644e+01
-4.450064868471266522e+01 1.929115928449369832e+01
3.593055300049051226e+01 -1.672730645906386648e+00
-2.837494066183130670e+01 2.595094108654961573e+01
2.283900538059522134e+01 -2.386467511561246013e+01
-4.853243257797221588e+01 2.379775253699826010e+01
-2.159233822648685930e+01 1.114800380356202680e+01
-5.579433132423424757e-01 -2.839380880146529051e+01
6.681637730396376540e+00 -3.093708381203602542e+01
-2.475246961379101762e+01 1.610299173960466845e+01
2.804185695119154786e+01 -1.184400016536528177e+01
3.578217386347440510e+01 -1.896730374460961599e+01
-2.414385468822845127e+01 1.879892392549285418e+01
-4.039452900419526316e+01 2.060910186754967199e+01
-1.945950833031279004e+01 1.275555400537066753e+01
3.462388626945104164e+01 -1.773929494893532777e+01
4.987507897014780589e+00 -3.096189478486389035e+01
-2.715881265163218039e+00 -3.849457327826858943e+01
2.509069765076852221e+01 -9.259916203706158200e+00
-4.796588686079641661e+01 2.017726591161093452e+01
1.311270951006849472e+01 -3.702591034120442970e+01
3.820145617289162487e+01 -3.801048598298951697e-01
-2.475217563597649928e+01 2.869419625946180830e+01
-4.365808303136005719e+01 2.828932644135330676e+01
2.489675132248033407e+01 -2.245570655855410180e+01
1.658193144157519683e+01 -2.980612304068301910e+01
-3.386488267156772647e+00 -4.085716885546452204e+01
1.065793102142968252e+01 -2.538071530991688007e+01
-3.513809540139939003e+01 3.119256554958217009e+01
-2.073935585922091818e+01 1.357996824570505545e+01
3.365255274580182032e+01 -1.747844943104719917e+01
7.314145925890661815e+00 -3.901388094794812389e+01
-2.218930040261970760e+01 1.498896515723031442e+01
4.185787842753162735e+00 -4.139374219486405337e+01
4.405152841641324102e+01 -6.770645592446115302e+00
3.138697768063180860e+01 3.631931061413080641e+00
1.777996950483291272e+01 -1.321922038142166400e+01
-2.348309855829755577e+01 3.668778757191912820e+00
2.123966678281423626e+01 -1.703579232534002941e+01
6.451449450752196668e+00 -1.818802600077890830e+01
-4.352124047314802624e+01 2.307589210282256786e+01
1.966005042283298465e+01 -1.611738591277143939e+01
-1.673780448908802398e+01 6.035821264103253370e+00
-2.972687168649923706e+01 1.374441481303445833e+01
-5.022578996037933052e+01 2.264549234344335105e+01
1.127178196239631669e+00 -4.140150826150399865e+01
-4.710653314645081480e+01 2.298816816140456964e+01
1.585367568166241625e+01 -1.361266376374287645e+01
-3.723767661879053037e+01 3.360223983716189622e+01
2.109375678796311959e+01 -1.442640964922807889e+01
2.467106763153398674e+01 -2.054395456981418278e+01
2.031303643666279513e+01 -2.239791345223575902e+01
2.021591493844652376e+01 -2.104647752580373066e+01
-2.848371872968512264e+01 2.159824830656144812e+01
-4.015440007546611412e+01 1.398430834302625136e+01
-2.772883958897364565e+01 1.955805859907491850e+01
2.332014409043278391e+01 -1.083532041826133430e+01
1.066532308413820473e+01 -3.456376367007271710e+01
3.014474733198737866e+01 -1.461713912585508979e+01
-2.025384360470227918e+01 1.227795381953811926e+01
-2.275060348195313864e+01 1.272042442040971011e+01
2.987667894781841582e+01 -1.634989913458422039e+00
2.894069326352805405e+01 -2.582474896514984408e+00
3.119711666478056600e+01 1.576423015661757354e+00
2.948891322583844499e+01 -4.406099717204551069e+00
-3.465533608343051242e+00 -3.789936087901731554e+01
-2.903357262766500568e+01 3.041765695218425947e+01
8.945899672067069375e+00 -2.388524545146081479e+01
2.834493466153955143e+00 -2.733344568131395036e+01
2.988139608491495292e+00 -3.364476159051988446e+01
3.216000253230765082e+01 -6.801362135572538214e+00
1.386535726902992316e+01 -2.995925004898955635e+01
-2.260479897183178011e+01 3.123925037794799309e+01
1.338621824319635056e+00 -3.145728087327862710e+01
2.262117812944692119e+01 -2.745665696085643503e+01
2.098506457729790853e+01 -1.502629484143737981e+00
-2.486530144216474980e+01 2.440717691042233284e+01
-4.231542477342765807e+01 2.628875087087595475e+01
-3.881941576691424700e+01 2.341728772270723624e+01
-4.250276646481020748e+01 1.963812803414836949e+01
3.425965988613434376e+01 -4.512461286015701845e+00
2.999127570364656492e+01 -6.302945363429780734e+00
1.999046239200328046e+01 -1.962628327569743547e+01
-2.324778418400240554e+01 1.073830560527613720e+01
-2.580070007941392518e+01 3.158910869057523385e+01
1.129039598941733402e+01 -3.640130928536432720e+01
-3.994382079374916827e+01 1.586120390793473511e+01
-3.546487819315922252e+01 2.349762630444422129e+01
-4.828665697604041895e+01 1.805878745594338142e+01
2.992065739970529137e+01 -1.689042868694540189e+01
9.119070302597883426e+00 -3.509784988262099148e+01
-2.136282359552410881e+01 3.638242867317893570e+01
3.675109645445099460e+01 9.135525205221901590e-01
-1.723973687152301437e+01 3.719923550889689068e+01
4.505621129998904451e+01 4.069444672625810000e+00
3.017620571326798995e+01 -1.162031542571255471e+01
3.936505113602041206e+01 3.581070554076989598e+00
4.104449204652446781e+01 2.313597832807868571e+00
2.449031432333140401e+01 -1.668907649479868738e+01
-1.468386992102315780e+01 3.269881431647681325e+01
-3.803880250600089141e+01 2.069122293124499734e+01
-4.526844310268326410e+01 2.009041437247950057e+01
-1.166579524052900574e+01 2.439231252508232117e+01
4.435681127183222827e+01 1.972628021652507835e+00
4.618445671606644964e+01 3.466520996999525650e+00
2.666236974865320875e+01 -1.529257408573884369e+01
-1.695704263551677826e+01 9.454843567004477478e+00
7.705821444049194113e+00 -2.049730226607493222e+01
3.569858659613925767e+01 -5.783883446560321495e+00
8.376233498700022650e+00 -2.725339634684204171e+01
6.596230068173591476e+00 -2.644689547774066796e+01
3.913726162101614392e+01 5.882621781468100330e+00
-1.500601258627450996e+01 3.375151590450250438e+01
-2.985356313442820664e+01 9.018091717287648024e+00
4.022609613754650582e+01 -6.652115280597450386e-01
-4.494650491998351782e+01 1.751145874126070012e+01
-1.323824403025696483e+01 2.547690383733145225e+01
2.563351397671096521e+01 -1.733200921882719925e+01
3.943826660992744593e+00 -3.009538690896777879e+01
-1.732214223152905319e+01 2.363365755675074809e+01
4.221483366900158529e+01 5.352661537053817753e+00
9.951795779894878180e+00 -3.125785577536393234e+01
-2.147584070383531341e+01 2.498685808652208706e+01
2.321954187588824681e+01 -2.295493445651447573e+01
-1.755417234305064866e+01 1.227614965863011420e+01
-2.058983384593497590e+01 5.484972840116479453e+00
-1.964838158285119007e+01 8.649821137839946772e+00
-2.745807501272833662e+01 6.073378358467600435e+00
-2.080422473150502682e+01 2.525816500523833597e+01
2.487864348624405864e+01 -1.794694774155296324e+00
1.585981839690848716e+01 -3.260867692127280293e+01
-2.215888423219864478e+01 2.515161911425028762e+01
2.668978828900946354e+01 -3.594508384153838332e+00
2.820494466336078432e+01 -4.588766880040842655e-01
-2.205517945724383111e+01 8.558877271531654785e+00
-3.054465637831953018e+01 2.830080350630420583e+01
1.228722022597647801e+01 -3.002105997483115019e+01
4.286338183758952880e+01 -6.701453188281377926e+00
-9.166388890476547147e+00 2.546737991592969408e+01
-2.174007271466985358e+01 2.901905361275030515e+01
1.313957379019278227e+00 -3.743139503033368243e+01
-2.330461643844286712e+01 2.984551943316734324e+01
-1.605054813810885150e+01 2.614398613174516584e+01
3.754699232498199990e+01 -5.760166839139644779e+00
2.491260117031081123e+01 -6.099648964843100707e+00
-1.629679422421698476e+01 1.209033836957086727e+01
3.303771192860798322e+01 -2.297913199682585894e+00
-1.711699918160195510e-01 -3.399054844840476619e+01
-2.284387033554868651e+01 3.029167400112847730e+01
4.067259779416398402e+01 -5.116904863838986905e+00
-2.399381627444151377e+01 2.653532657011083629e+01
-3.665662784219199466e+01 2.792876272902514501e+01
2.546709501390130015e+01 -9.768460223567585032e+00
4.229220711523452536e+01 -6.176969841234851710e-01
-1.349634774507092239e+01 2.815265835129046934e+01
2.674745134131438462e+01 -9.839891910294605637e+00
2.111284545715730587e+01 -2.408352898842006340e+01
-1.882546339959286286e+01 2.488896123269528360e+01
-1.920972146364525557e+01 2.287209092832126345e+01
-1.559711428485190332e+01 2.058594443220065173e+01
-1.500410286508798663e+01 2.230235798306111050e+01
-4.364375654953007166e-01 -4.072650288525988316e+01
3.129893556333583149e+01 -5.970677919440887216e+00
-4.756087935632708508e+01 1.741490983227099321e+01
-1.253790353599445950e+01 2.907033165353054471e+01
3.257366383612228589e+01 -5.526368578006898957e+00
-1.099264563978123910e+01 2.941783474244206076e+01
3.918571346133618505e+01 3.239674161296808852e-01
3.756589827398051540e+01 -1.948636097248472199e+00
1.963225623116714758e+01 -2.699418058599474790e+01
-1.370740180714049927e+01 2.633592121054495294e+01
3.537246231642785688e+01 -4.114013170132329478e+00
-1.024155684375129027e+01 2.366268645391457071e+01
-2.065414095499681579e+01 2.080325965999776017e+01
4.247772134878111672e+01 -2.600134321361177392e+00
-1.867405722569363391e+01 6.054348373483801282e+00
-1.326972092709856099e+01 2.400687726877157147e+01
3.930418902213054366e+01 1.153138005641177077e+00
3.949173127850400533e+01 -7.992359308784717342e+00
-1.738308923740493839e+01 2.955354292155249851e+01
2.807834683927131536e+00 -3.493574782907859344e+01
-9.185946041083568048e+00 2.566853304848584827e+01
1.511043609051851355e+01 -3.226332038027997129e+01
-4.616151470433702286e+01 1.899531945667330035e+01
3.883480133285077329e+01 -7.863864917543545552e+00
-1.166365806873488431e+01 2.919769715992500281e+01
-2.256473026616378164e+01 3.212432251784016479e+00
8.845173178597125485e+00 -3.262383747742552487e+01
3.839209722652655188e+01 -4.699524869064387822e+00
2.147433352020829389e+01 -2.284721957831390782e+01
-1.215168964872033719e+01 2.012895149816150564e+01
3.652805967014588617e+01 3.206300376012942710e+00
-3.099982751727145924e+01 5.674373294704014192e+00
-4.421488344386285263e+01 2.483745864091753930e+01
-1.908196370648204265e+01 2.915071666966673547e+01
3.665482312820730471e+01 -1.662693075325017844e+01
-4.409048308451773579e+01 2.717259227089834894e+01
2.640943005936293986e+01 -2.187632987585253730e+01
-3.206097345793745035e+01 9.403510307163299942e+00
3.390329512788675004e+01 2.382770024135991260e+00
6.041642744827708356e+00 -2.743365862143457079e+01
1.585315950942541896e+01 -3.474689953763764549e+01
3.033161851174078194e+01 -1.736438199891320266e+01
4.379623568069719397e+01 -2.281378491053204449e+00
-2.616470726924934809e+01 6.915545819660030347e+00
-3.670212802022018650e+01 2.702678697394609131e+01
3.671471038156310129e+01 -1.367043816617298546e+01
3.130153648174276171e+01 -1.514188387992612128e+01
1.570430541827709447e+01 -2.357071821578378845e+01
3.619028477857076354e+01 -7.435687361842354015e+00
-2.768434307335702727e+01 3.551061156450712275e+01
-2.733360657024691776e+01 3.172738578546552191e+01
3.984387631396216278e+01 -3.496980694781269161e+00
2.545421911464115539e+01 -2.058933272006983017e+01
-2.584795728206071175e+01 5.945611074471188751e+00
-8.823692959788182577e+00 1.736791977387785479e+01
2.528047228843147920e+01 -3.082082195938177094e+01
-2.694036981457966462e+01 1.748452684186205985e+01
4.425487429318202004e+01 6.594265430858973431e+00
-1.832609727976045022e+01 4.817091801927853467e+00
1.323762028314084738e+01 -1.639525346256282390e+01
-1.737729996766766760e+01 2.505358107473628237e+01
-1.916336753877079468e+00 -3.994468009726929836e+01
-2.469000067582373248e+01 2.211459297337582086e+01
2.981611747140632929e+01 -8.072310904477813409e+00
2.221047436658880869e+01 -2.567661086949248173e+01
2.441632403023972486e+01 -3.510460126101359268e+00
1.510063313670766938e+01 -3.846634309330797663e+01
1.055238150938406072e+01 -3.306203510656582267e+01
1.216485612567678842e+01 -3.435487990409598780e+01
1.361187778977589957e+01 -1.166779650987171379e+01
1.001827939262289568e+01 -2.874252266457436278e+01
1.542929889517926689e+01 -9.727294535510212725e+00
-1.928485809290247488e+01 1.740391941997730640e+01
2.015498282109205874e+01 -1.030218862212509201e+01
4.079705395879301477e+01 -1.563864679746121311e+01
1.468275885268105441e+01 -1.073196412621489948e+01
-3.303761619886552836e+01 1.848928935877484392e+01
2.768603170099524391e+01 -1.146706051245897839e+01
2.375473752958006202e+01 -5.581890755739999932e+00
-1.689020992365794172e+01 3.709062209219208484e+01
-1.710750384156758130e+01 1.668038804328333313e+01
1.122208128603985600e+01 -3.101588042505681742e+01
-1.826796688822382464e+01 2.116347182618211420e+01
-2.595542787158713693e+01 3.652293395244832652e+01
2.243193909994683111e+01 -4.229988893351684709e+00
-2.801947480509870658e+01 2.560600747803362509e+01
-3.608674182968632493e+01 1.506493535268369932e+01
2.272912210099250530e+01 -6.997806692133595519e+00
-2.571133548566320570e+01 2.247232259016379530e+01
-3.046118224931991847e+01 2.731618561087251607e+01
1.277335172173438060e+01 -9.800507552918983123e+00
-1.862474168568311583e+01 1.315491721281387782e+01
-3.534063849646857136e+01 1.846572880156045215e+01
-1.435778516431776275e+01 1.595963470438467269e+01
7.628824765406689856e+00 -2.965795348796989472e+01
-1.481565307171310586e+01 3.073503832439108052e+01
3.278623597669643885e+01 -1.580608176740602167e+00
-1.499701981232651171e+01 3.769895838115269981e+01
4.347831233700494380e+01 -8.666319554332698516e+00
-1.482678597825464273e+01 2.880226215693725322e+01
3.164304025968044343e+01 -2.524468555773921707e+01
2.699327531013187453e+00 -2.399778970179148985e+01
1.647541090389950114e+00 -3.834790111367163945e+01
-2.722307221846500624e+01 4.421330214289517002e+00
2.549574551633728348e+01 -2.370476058907224370e+01
3.459330794331273040e+01 -1.400797975344534407e+01
-2.275538713705450178e+01 2.658660868501441854e+01
-1.920295342047556630e+01 2.643159990083137245e+01
3.205476567826457313e+01 -3.481682009915255449e+00
-1.783936526477821616e+01 3.439295666168570875e+01
-1.732715619042218691e+01 3.176529585780464515e+01
2.128461771037162364e+01 -1.395783981811387164e+01
2.835561744525880457e+01 -6.553961064842200201e+00
-1.334396213826368971e+01 3.630406738380064269e+01
1.192462709420371070e+01 -1.363348228556142772e+01
-1.330583867783651186e+01 3.251118223752666836e+01
3.586124278744154026e+01 -9.616900751030430072e+00
3.709369585107922518e+01 -4.912165878940329300e+00
8.344949930263227955e+00 -2.882621274407907919e+01
-3.926335230193359394e+01 2.548712322110670314e+01
-4.084972064567324423e+01 1.651659859255278917e+01
4.618556828082031274e+01 -1.214822627694539747e+00
4.115810075912125221e+00 -3.685521769183390717e+01
3.721810039270430526e+00 -4.136482229679081968e+01
-2.541832182299467036e+01 8.083882838124928583e+00
3.398648548944810699e+01 5.537442210235930418e+00
-4.318479741258588689e+01 2.533964946980855615e+01
-4.407895397628472978e+01 1.689073505420891053e+01
3.837961797055790925e+01 3.750108349139628316e+00
-2.077847929826392459e+01 2.133703584299145639e+00
4.094891747099687507e+01 -2.311996503072291986e+00
-2.047031314266509483e+01 1.859184550003006819e+01
-3.234276490583923902e+01 1.090471209703132871e+01
1.809044406053494924e+01 -2.077572252252223350e+01
-2.613194781148166612e+01 3.458498896963113367e+01
-3.126258502235178227e+01 1.670646852571352881e+01
3.352250656005757179e+01 -1.115431290721340751e+01
1.253270213737500427e+01 -2.515034060266385652e+01
-3.401919430853516957e+01 1.605092435582873023e+01
3.181892694560763957e+01 -2.142856360109535530e+01
1.009821279436456898e+01 -2.392736204093881369e+01
1.986309688518717920e+01 -2.004368647208325527e+01
-3.275563913916484893e+01 2.824215060232109309e+01
3.682285259735603233e+01 -1.163815427855464435e+01
-1.776825396344497099e+00 -3.713477142144576959e+01
-1.905628928166351344e+01 3.425210216013923770e+01
3.232897258073436575e+01 -1.947482201895260445e+01
3.170889856085113223e+01 -1.233082955068827680e+01
-3.733189522135864991e+01 1.081254061445056180e+01
-2.571762510533043278e-01 -3.820903270045827327e+01
2.278168851837435582e+01 -1.599054173018540936e+01
2.534179544511502158e+01 -1.929724215938191989e+01
9.502194030115845180e+00 -2.566029533132814322e+01
-3.107000741106873676e+01 2.183601877166003646e+01
2.917363802674463358e+01 -2.138146518126336559e+01
-2.613503211234260348e+01 1.961953769045770102e+01
-1.918083505311283465e+00 -3.337076628797241540e+01
4.780802737286308002e+00 -2.388431736716558262e+01
2.612924794494525571e+01 -1.253503498665149962e+01
-3.501069821959509198e+01 1.486009124312799834e+01
-3.766412882041127830e+01 2.380451647574045992e+01
-4.167381914783344143e+01 2.190652929994609366e+01
-4.016311190556923805e+01 1.946185102054294447e+01
-3.886543600452745295e+01 2.768727170607238364e+01
-3.514684137910741413e+01 2.624680175294739470e+01
5.005453351210718438e+00 -3.748980460818113158e+01
3.075202392802567175e+01 -9.343396773854736992e+00
-2.294501988585429686e+01 6.384919855643825137e+00
-3.649839562843470020e+01 3.318562242710739696e+01
-4.149526363315911226e+01 2.390943200971997129e+01
2.205424345340440340e+01 -1.708823932122497524e+01
4.074364370857259132e+01 -8.146960865145981501e+00
1.341711560590162300e+01 -3.708835680562646075e+01
-2.424203695046334062e+01 3.465630091982296790e+01
2.947348590721655004e+00 -2.814593807064613173e+01
-3.091739041712840930e+01 2.333656015877240719e+01
3.519461291120639856e+01 -9.956147811841338680e+00
-2.947989387952903684e+01 1.783684818936419347e+01
-1.293178508051105347e+00 -3.898718851304217026e+01
1.274534332672835113e+01 -1.514641881772096710e+01
-3.264540608342448280e+01 2.287779687216832514e+01
2.190691421874668521e+01 -7.674596484335325819e+00
4.458584597553706885e+01 -3.791683474153501265e+00
-3.676048413237280954e+01 1.495014071039143388e+01
-3.793237964456174183e+01 3.331082960855088970e+01
-2.531382791142388200e+01 1.336108475701465359e+01
-2.852111523640630253e+01 1.997615356021493582e+01
-1.658799485240476912e+01 4.023491598706253392e+00
-2.491237615735960276e+01 1.502418821326461185e+01
2.622717978404969230e+01 -4.027327100450682096e+00
3.089316620689264425e+01 2.312101648528489317e+00
-3.715988860364205237e+01 3.757416033551091772e+01
-3.977018307537265684e+01 2.167778571588952374e+01
-2.254809201588234302e+01 1.562058896373113370e+01
-2.538845575931298981e+01 2.687564322962085228e+01
1.142842085689077969e+01 -2.829475249094327438e+01
2.163887452497570862e+00 -2.318164861663280618e+01
1.707955004269764032e+01 -3.122910633859702045e+01
-1.771135534415002510e+01 3.084723677704612044e+01
-2.718455253096038504e+01 2.387389169744749040e+01
-2.758813141394706747e+01 1.270042852351171092e+01
2.257552172972328464e+01 -1.779595706200982264e+01
1.517129686208905603e+01 -1.412573839489920857e+01
-3.480464023587455813e+01 2.164675059697134429e+01
-2.825974078925245792e+01 2.375015651782035064e+01
7.008913398189136501e+00 -3.463464163940295037e+01
2.657878662297448713e+01 -2.449699893790024419e+01
2.020152946546275885e+01 -6.675887962158276956e+00
1.298971094441009111e+00 -3.972803621699056720e+01
3.279948968427908085e+01 -8.258536612383222675e+00
2.881724235709614135e+01 -1.277120985711006007e+01
-2.230715037230001840e+01 3.342027653178368496e+01
-4.399994096713479763e+01 1.513508647662544249e+01
-1.811741425700493480e+01 5.785474311468888686e+00
-3.108798322068863484e+01 2.552759248307621576e+01
-3.264854262303701660e+01 1.139544611064933832e+01
-2.093465743599617213e+01 1.724863673606167325e+01
2.494503411492944167e+01 -2.574476214744980140e+01
-3.368479125766609172e+01 2.513743443725434190e+01
2.448338117893325361e+01 -1.422686523393596758e+01
1.840897889549921729e+01 -2.965984353600812184e+01
-3.595147129706172962e+01 2.364833440873567483e+01
-2.556566624855267733e+01 1.023313769912686233e+01
1.813921293402643187e+01 -1.710799619403801941e+01
2.668683466609278554e+01 5.886461144591808026e-01
-2.903219405221129534e+01 8.627047824587787517e+00
-2.951506867118452249e+01 3.308454113033181443e+01
2.781123192312679038e+01 -7.564211189008688052e+00
3.979535343457085617e+01 -9.947080218570210519e+00
2.148413683896753668e+01 -3.190638499876894230e+01
1.666610785622657431e+01 -2.474513168513920292e+01
-1.577876672478946674e+01 1.865228016318985027e+01
-3.953032061544483611e+01 2.239825755116683581e+01
1.262917966746201515e+01 -3.224646221040291039e+01
2.716804256921555805e+01 -2.017611488007666765e+01
-2.175137417127338679e+01 3.765445056140011104e+01
3.529454428096667584e+01 -2.290268283449451303e+01
1.173057435866931364e+01 -2.634777774814083529e+01
-3.833033891118726899e+01 1.704600401744592375e+01
-1.395381660984650196e+01 1.082395695770825839e+01
-4.363901523248886605e+01 2.153032612179516292e+01
1.589393422877428286e+01 -2.134381721360413664e+01
7.966639061930211874e+00 -2.279686920767343139e+01
-2.352624924705637710e+01 6.205813802974530446e+00
1.453949119752536845e+01 -2.328390222179596947e+01
1.709057506016637262e+01 -2.715212043859409974e+01
-2.597183490919701043e+01 1.102835638498198989e+01
-4.529219365762035210e+01 2.252611185109130076e+01
6.414078995244548942e+00 -2.844599829139179548e+01
-4.578126714813318188e+01 2.178127551819302710e+01
7.677613675017061823e+00 -3.701753680614673669e+01
-2.792867287086703953e+01 1.559521587849221902e+01
-4.147896703028981591e+01 2.558947550065003540e+01
3.514638414633500219e+01 -2.290372791217858151e+01
1.676619115220426393e+00 -3.660417976557724984e+01
7.923887782018494086e+00 -3.362425674440693513e+01
1.401823308890423725e+00 -3.559364993660597065e+01
-3.575379388307126050e+01 1.832840519732713247e+01
1.288151529025136988e+01 -2.078047055444909930e+01
-2.893183916811260303e+01 1.130131944610584149e+01
3.475106963898078050e+01 2.217251962407358334e-01
1.181402613604866048e+01 -3.863403443090289358e+01
-3.718215096065510750e+01 3.765621075161584486e+01
-2.029596240914234784e+01 3.211613913839628509e+01
4.209469278341035903e+01 2.061257201098990244e+00
2.313187344474414431e+01 -2.044612027597665715e+01
8.933604397570338307e+00 -2.846813392465159609e+01
7.595910141984074215e+00 -3.820011159666633915e+01
-2.491360939330401791e+01 3.490599167224878840e+01
2.694793752201984205e+01 -1.821977851429582529e+01
4.313632038569690508e+01 1.795159101265070972e-02
-4.913985914531091481e+01 2.227463360029780759e+01
-1.947528529023507815e+01 3.082990003868693663e+01
-3.129664539120848232e+01 2.098360373030568482e+01
1.338938049728425739e+01 -2.828006854027270833e+01
-2.204880864243872551e+01 2.060969938193715834e+01
4.544834412381624844e+01 -4.061295833322227544e+00
4.496292813781460040e+01 -4.003971639343360533e-01
1.653309995903074991e+01 -4.869783964733986892e+00
3.742578463439637915e+01 -9.257831159717071490e-01
-1.822181272202732671e+01 7.650811755931409941e+00
2.914639220339888581e+01 1.457769611905013418e+00
-2.095589598313859980e+01 2.796319779268212713e+01
1.653739859760284858e+01 -3.327213627371912708e+01
1.728705500356683800e+01 -2.805138858780266986e+01
2.846005223811998164e+01 3.594047699015026520e+00
-2.268214773831430264e+01 2.267548531720154514e+01
3.371271495300976540e+01 2.636555933908133920e+00
3.851353157696320295e+01 -2.666537194167129421e+00
