-4.673558179628965377e+02 -4.638408685631062554e+02
-2.380948774549717939e+02 2.477949115679167278e+02
3.374337337874229181e-01 -9.692069873431490734e+00
4.363586895966705015e+02 -5.434472790484265943e+02
-3.334038587595933336e+02 -8.391500086950472337e+01
1.292318792328875787e+01 -6.759730745846784430e+02
-1.127045968361197481e+02 -3.499468317181753605e+02
2.596206685525558555e+02 6.343861035679123006e+02
3.381006514354236856e+02 6.701869345903304520e+01
6.345104439786505282e+02 -1.440808839334611093e+02
1.027859690997146487e+02 3.230132248167402054e+02
2.280421999873566392e+02 -2.666889657638034805e+02
-5.712476207472219585e+02 3.634078636855966806e+02
-6.764179580879441573e+02 -5.028300728518559737e+01
5.691808491169693980e+02 3.345518090791400709e+02
-1.826353635756699703e+02 6.176953754634336065e+02
