-3.422977438928948679e+00 4.699423629235766064e-01
-1.761228344870869877e+00 2.338758820128175930e+00
-2.066185146997552735e+00 6.861102558482787828e-01
-2.136940128669067018e+00 -4.855702297046529670e-02
2.241154846430154279e+00 -1.360970496782298644e+00
-1.595627365258583064e+00 1.271965498703362174e+00
3.110480768915525385e+00 -2.924240285185409682e+00
-7.194540851016520966e-01 3.024482011237053847e+00
-2.606174365879038390e+00 1.186708408260789688e-01
-1.399072251147730039e+00 1.984968819618429192e+00
-3.187797925811404642e+00 4.019590036256330823e-01
2.581029048055970776e+00 -2.021207091599202421e+00
2.732012385530504517e+00 -1.007675285115095409e+00
-3.093650290348961107e+00 -7.460543201176199346e-02
-2.590123966355671215e+00 -1.579487651564348005e-01
-2.950520634738802883e+00 -1.947788399228057854e-01
1.527744052376012629e+00 -1.769362968993026586e+00
-3.135760454371178341e+00 4.064183352355056900e-01
-1.694765794163341166e+00 1.740737142436359353e+00
-1.519860829419373838e+00 3.856654323507313631e-01
4.005214821800729297e+00 -1.028699181856195910e+00
1.473039370329705999e+00 -1.411864314121929143e+00
-7.743591169769550309e-01 3.136201128568834928e+00
2.128412757464420046e+00 -2.594027636437929996e+00
2.553057061716697440e+00 -2.091191188289093006e+00
-2.505510702718598548e+00 2.155694332629957355e+00
3.802199884691242815e+00 -2.329358479943760774e+00
-2.720150438990226682e+00 1.534473628852600635e+00
3.410025488732300492e+00 -2.327959989317173406e+00
3.212915383284512316e+00 -1.895981140458696368e+00
-1.001906801110696632e+00 3.168875031755160165e+00
2.747279347813801564e+00 -2.805060063199951603e+00
-2.262484440741392877e+00 1.228861566174991538e+00
3.895979363657764871e+00 -2.317388127422436384e+00
-2.444263234435834153e+00 1.700869654458988078e+00
2.525628290659303499e+00 -1.949447482207453897e+00
-1.270614833810227440e+00 2.482011870089650074e+00
3.138270413616259358e+00 -1.360448866900500375e+00
-6.876242292376500975e-01 3.107563128918590323e+00
4.016259227019776112e+00 -9.294034367523343887e-01
-1.553649692010918848e+00 1.255947230262000502e+00
