-3.340679250339889705e+01 1.419562362941497113e+01
1.395004904087591768e+01 -3.080279726711071220e+01
1.703404364324327247e+01 -2.846631549491855395e+01
-3.434690824079157068e+01 1.576177028790775836e+01
3.240503770652824755e+01 1.086618158417947733e+01
-2.196287765550242810e+01 8.685145565058654427e+00
2.546351086772904537e+01 -2.151892256635776945e+01
3.989386585738863289e+01 7.797387807609880817e+00
-2.882238734413398618e+01 1.152310098372622171e+01
3.651335505501150180e+01 -1.223237164658723763e+01
-5.137360017200019513e+01 -1.896596011223149247e+00
-2.787634668123526183e+01 5.290292704284581760e+00
1.983234422071476288e+01 -3.585529608678010760e+01
2.086677771270872128e+01 -2.968562059540885656e+01
-2.761877637425662257e+01 8.437835100820917589e+00
3.589715622971295517e+01 -3.993795946560426913e+00
3.456509725380531961e+01 1.025021758102689473e+00
-2.679184196837307397e+01 8.463788636243382513e+00
-4.421002416512438771e+01 3.133501879553765690e+00
3.091310754367323810e+01 1.251678414197102462e+00
2.215345854014970683e+01 -2.961568045704085961e+01
1.090967076519049073e+01 -3.320195092613845844e+01
3.934514123260819929e+01 2.520811740505776388e+00
-5.032715914586394490e+01 -2.281708606417430563e+00
2.636432701458379313e+01 -2.659607735550795482e+01
4.562230421062501051e+01 4.944069572165141757e+00
-4.987894449672860020e+01 2.447159195271940035e+00
3.082202970405830911e+01 -1.611442168589403323e+01
2.127107443273188636e+01 -2.170794250963576033e+01
8.119217641515540151e+00 -3.750316634018955853e+01
2.988115504229774544e+01 -2.125703718495654115e+01
-4.480251999207803948e+01 2.199235319876416739e+01
-2.726347187170934561e+01 6.475579877440996057e+00
3.291069566222749643e+01 -7.766354870672695920e-01
1.349721840597073808e+01 -3.271698575075615167e+01
-3.147258679409076976e+01 9.322357577430716802e+00
1.413984512508010205e+01 -3.385244960279842275e+01
3.146733471271485882e+01 1.083831656020321077e+01
4.507300591606396978e+01 9.721873039766650848e+00
2.552697246737901793e+01 -1.530940829537840209e+01
2.492722021124343001e+01 1.455448346160252981e+00
-4.721668960440517537e+01 -1.014904614140905048e+00
2.611577441925612320e+01 -8.472569431357685588e+00
-2.099258919964796988e+01 1.894622712091652783e+00
-2.703890871583358546e+01 1.185619193729447601e-01
-5.256220317479728266e+01 -9.963568160512966676e-01
-4.853486391345543893e+01 -6.765644403904542692e-01
2.325165472229300434e+01 -1.516902745207119807e+01
-5.205714797386655768e+00 1.337166024949104859e+00
3.485124616302194767e+01 -6.835690357934269379e+00
2.724206756381594374e+01 -1.342007957106670268e+01
-3.785642545646283708e+01 8.997416529290312326e+00
-4.071195514095244761e+01 4.546169788717354443e+00
-2.500586772309466355e+01 4.280312327812006323e+00
-3.201987094708741921e+01 1.036345726982622928e+01
3.444873925005418158e+01 5.338168582367615933e+00
4.491373590784463943e+01 6.309665988729764585e+00
3.585093376511041896e+01 7.605796060676717207e-01
1.262988408985550848e+01 -3.426890657290175568e+01
-3.368661651949491898e+01 1.108883545930858538e+01
2.134220053085422109e+01 -3.106004619842948955e+01
1.345452898165978617e+01 -3.758150222414137431e+01
2.360101970396962656e+01 -3.247340795783067335e+01
-3.625255254144010308e+01 1.361896536289886050e+01
3.533441988460072025e+01 -4.591664740569322278e-01
-4.873796160693663637e+01 3.143785604713257076e+00
-4.848182211523216267e+01 4.635758336636310872e+00
-4.345908729083737398e+01 -2.712566415744936954e-01
4.275832220173055731e+01 1.181332870421986847e+01
4.417283904511596404e+01 6.961074335717302830e+00
2.237825343447445903e+01 -2.480373703163638055e+01
-2.550383561473923066e+01 6.524141028875638959e+00
-4.201733281116442242e+01 2.030336467396227107e+01
2.463758153826695718e+01 -2.841408991259583061e+01
-4.501952957491897678e+01 4.904790998511895594e+00
-4.229781401344546765e+01 1.063943746136115287e+01
3.030494765722095352e+01 -9.309396269805009894e+00
1.397481936364284749e+01 -3.872413567334147189e+01
-3.421805484719129709e+01 2.224212716975793569e+01
3.795386945705566717e+01 1.313838064482689383e+01
3.899641952223196029e+01 2.342362630426573844e+01
3.856765806916155270e+01 1.661941279883271605e+01
-3.212655665569766228e+01 2.384255223139086155e+01
-2.098758096047841448e+01 2.273208116554844338e+01
3.842166792523368457e+01 2.347255341234530235e+01
3.807470863168553166e+01 2.129280376103527317e+01
3.384946005114100842e+01 -8.588241961855887396e+00
3.849637535525041443e+01 1.367934353684565707e+01
2.060980456074369371e+01 -1.946460429800568903e+01
2.812676983149593468e+01 -3.101271419944073671e+01
3.256550173443245200e+01 8.334093401616152974e+00
-3.240318854223442457e+01 2.244007778073670067e+01
-3.094953500624397691e+01 -1.663224588267339321e+00
3.604018958726378230e+01 1.520001206858259835e+01
-4.376325608254555277e+01 -2.253578563492702802e+00
-2.590798424798938981e+01 2.331322505003236500e+01
2.894707785691824142e+01 -1.217526433895110571e+01
1.511099938312471735e+01 -2.966399457551250052e+01
-2.798422509933925539e+01 2.187559564485829000e+01
3.921461237992183868e+01 1.849343481775974141e+01
1.781498740999879971e+01 -3.285153090208078197e+01
-3.213101092935714576e+01 1.476072997544595644e+01
3.371357301599773848e+01 -1.332377779629941905e+01
-2.347416856652782258e+01 9.105978350074288130e+00
-3.147945251449078796e+01 3.226596010754844368e+00
-2.324201991947640877e+01 5.370390704605910059e+00
-3.248933118281183141e+01 -2.087143051204349398e+00
-3.297582958296294464e+01 1.635973646529734893e+01
4.572497477716432002e+01 5.888564578846973152e-01
2.823672514266684530e+01 -2.652027672071903552e+01
-3.237140601236329474e+01 1.736858726871550118e+01
3.953729674275781036e+01 4.169962212679044100e+00
-3.292534514151642355e+01 1.882029884009553911e+01
2.107812665969599308e+01 -2.695210262762586595e+01
3.733519008215246515e+01 1.694364292391416882e+01
-2.314022065494686942e+01 1.906461410922695165e+01
-4.008614489730492636e+01 2.149654608577709780e+01
-3.552682088675594940e+01 2.107789788720673840e+01
-2.833895605168503096e+01 2.315809108623832557e+01
3.483730533976905264e+01 1.410722993001503411e+01
4.195954872265124180e+01 1.053857710661465052e+00
-2.255591464455403994e+01 7.356061259537602481e+00
4.319190775266568494e+01 1.038712232976794603e+01
1.677714968137099660e+01 -3.562026995054469580e+01
-3.527264895581780735e+01 2.079531638876026634e+01
4.392759297605741864e+01 9.853658541594494835e+00
-3.597819161058069426e+01 1.953972515719150138e+01
-4.865660631596283991e+01 1.602087508284956741e+01
4.219588905713911231e+01 2.517037786052917614e+00
3.558887734506027556e+01 2.036990783694378138e+01
-2.408968597565188219e+01 2.469244360509549452e+01
4.142164643613447339e+01 1.639811741463387262e+00
-2.655050843287975226e+01 1.980377553077543240e+01
-2.988431442607367572e+01 1.974272724630594666e+01
-2.540426619159623201e+01 2.195845414087840908e+01
1.053132068339387395e+01 -3.635163583555432609e+01
4.241830661626560328e+01 7.263015883130179873e+00
-4.401623148254070372e+01 -2.643098296885304066e+00
-2.277187302775308098e+01 2.375476645242005702e+01
3.470590308600465335e+01 1.492711688089518063e+01
4.227196759938978232e+01 9.373550639371051929e+00
-2.886726962147027109e+01 1.835852255088309093e+01
3.917517419203247186e+01 1.588578973938085781e+01
-2.421297911714618678e+01 2.901553607392914458e+00
4.650648579781173453e+01 8.050251160679955831e+00
3.961640644454387683e+01 1.120043491980994510e+01
-2.701988220919119144e+01 2.394964322681483182e+01
1.148565600343080639e+01 -3.184404834687108377e+01
-2.348396885645930254e+01 2.101388742976071100e+01
2.140108562098501466e+01 -3.326144507281605911e+01
-4.563679226872272210e+01 -2.993978436273110333e+00
3.770927917930207940e+01 1.137500154338764347e+01
-2.328376681470781406e+01 2.314315461340365943e+01
-2.477823320955275221e+01 2.765206164950016809e+00
4.158850869175665821e+01 1.586618709574965180e+01
2.873983977921750110e+01 -1.515006999668446319e+01
3.659183470823652584e+01 9.997984250675912676e+00
-4.963054013284474308e+01 -9.568373223349736501e-01
-2.745033606267471882e+01 2.575505779306070409e+01
2.944200131694049816e+01 5.737779962664727229e+00
-4.600251042240346067e+01 6.513640874821588156e+00
2.579041608784758566e+01 -1.188946105514111728e+01
-3.598580595052170139e+01 -2.209043555565723072e+00
3.482225013120878998e+01 1.221864057209397636e+01
2.612687363681362740e+01 -2.601391886806036879e+01
3.766057054790753256e+01 2.045405057635070989e+01
-3.152483499533170885e+01 -9.066200575183852584e-01
-4.667521382649756134e+01 1.518856703502728855e+01
2.888276549650485592e+01 2.850208079285591722e+00
2.124782218833986747e+01 -2.472376888324848920e+01
3.817228539129381915e+01 1.226628818298154577e+01
-4.556622095219503876e+01 1.770526341199712306e+01
-3.730622770162516844e+01 2.028094092956554917e+01
4.051263258552609159e+01 1.368538313440723719e+01
3.217826314793795461e+01 -1.653757925091012027e+01
-3.523712709165596380e+01 1.570744093318192924e-01
2.382940664707325595e+01 -1.176056756746248766e+01
-3.694124903693634110e+01 1.848118165601541962e+00
-2.143743214878679737e+01 2.793616310661919400e+00
2.418698933728843059e+01 -1.659427727686868792e+01
-2.638333836006943756e+01 1.612701592107481829e+01
1.661904538414549748e+01 -3.148136006833239620e+01
-2.470886142756006620e+01 1.581432709893290500e+01
2.688337815131332320e+01 -6.183224913246606391e+00
2.733861588626948702e+01 -1.523739087892472277e+01
4.455917244789429077e+01 -1.104695649985042438e+00
2.129914122012160860e+01 -2.077419807552424302e+01
2.082620083046078463e+01 -1.785590946439788240e+01
2.249892024429091109e+01 -2.198184958863770433e+01
4.007405664908679199e+01 -1.811333129195577651e+00
-2.362952873989713254e+01 7.466676196298504209e+00
-5.214601847955704272e+01 1.072852842966342557e+01
3.365896534275636753e+01 -4.259822887560124727e+00
-2.435855990838197371e+01 2.608831990284436131e+01
-2.430598131191030475e+01 1.521290005962740999e+01
-4.138422522512232149e+01 1.750415906560310830e+01
3.834901137588036590e+01 -1.438931069575523705e-02
-3.751447102338265438e+01 1.283295290762563390e+01
-4.846403932094186473e+01 9.274964434572579464e+00
4.156576358362745083e+01 -8.887039540247849700e-01
-2.796267605645551413e+01 1.460093555752176187e+01
-3.776249221936517131e+01 6.289000259162904172e+00
2.516627050353180195e+01 -2.049068967644318118e+00
-2.361709818683871731e+01 1.370614611669670602e+01
-5.109592778131242596e+01 8.398828857288940242e+00
-2.318923029010006331e+01 1.408420992093301471e+01
-3.177494391618903435e+01 2.280456000253257187e+01
4.737246032359376358e+01 9.463975543811571356e+00
-2.040797782863117149e+01 2.308459335487615505e+01
-2.983349584994372350e+01 2.268465468897333182e+01
3.299836156470246351e+01 -1.677516156806696968e+00
1.950342794927166779e+01 -2.511314357749766302e+01
1.061695245310619384e+01 -3.439072783805522704e+01
-3.227105584964382956e+01 -2.679870071759933747e+00
3.100419968513284985e+01 -1.695523168490957389e+01
3.114744544119266934e+01 5.122315182312775050e+00
-3.085900530896229554e+01 2.083896152860965145e+01
3.644213729852566530e+01 9.162854052144936645e+00
-2.853909750084718766e+01 1.377288026238810126e+01
3.231292562458791195e+01 -1.018487080923241983e+01
4.593908969248416696e+01 1.779557503314434186e+00
-3.135101920008220588e+01 2.577368300041171167e+01
-2.997916317939956343e+01 1.877710576606166271e+01
3.091887748755263488e+01 6.153071320870090233e+00
3.581581486406086157e+01 1.375410415367234584e+01
2.803654109186061305e+01 -2.531630056955642516e+01
-5.171872223484184161e+01 5.266736957576720890e+00
-4.465261413092449061e+01 4.233726775476511328e+00
1.288123061318177243e+01 -3.117983052702258107e+01
1.499886132394891014e+01 -3.295361027275421861e+01
3.354335965916880724e+01 7.309962255744404835e+00
-5.084924795425607158e+01 2.399489290999045288e+00
-4.175916212545784845e+01 6.659405631902409750e-01
3.260860915937508508e+01 1.244832772122764730e+01
-2.022947921850693120e+01 6.999024907254793426e+00
-3.172065545620774429e+01 1.299797707016413462e+01
-3.196971070434869233e+01 3.537379124283431153e+00
2.620367657953918439e+01 -1.251344282310023637e+01
-4.439823199055716429e+01 1.893575041663749303e+01
3.027057146659771547e+01 9.267522513981238386e-02
2.207723159415321490e+01 -2.688865944299401534e+01
-5.138854495336884298e+01 1.002356428434215907e+01
3.580669743350287604e+01 -9.731420040420795559e+00
2.361328643360405977e+01 -3.159014256659607156e+01
3.039938874299832250e+01 -1.378380217590235546e+01
-4.195510986339883885e+01 1.112070147345808380e+01
3.600050677150513678e+01 -8.427023818955420964e+00
9.112424074777521810e+00 -3.664687097322230613e+01
-4.028039032390728380e+01 1.541742439773740436e+01
3.031632671232771514e+01 -1.426584276807545404e+00
3.024480705072215869e+01 -2.166700975443767163e+00
-4.589681927842472220e+01 1.167309820983970958e+01
1.379141921391959436e+01 -3.514075949279143174e+01
3.379654801863706126e+01 -1.240777293515812651e+01
2.744036025322276018e+01 -3.157207127302806526e+01
-4.515065472556315029e+01 1.319586958233630369e+01
3.101614202911155971e+01 -4.227069578715351383e+00
-3.616489162234307742e+01 7.046323060355279999e+00
1.628598912778842234e+01 -3.374048742992727767e+01
2.470603331036537753e+01 -3.041613106931503907e+01
3.502492796552981957e+01 -1.105143917653269803e+01
-4.726139439147443255e+01 7.584732030012480308e+00
-4.785869769498136606e+01 3.485800269244728966e+00
-4.465494298541893414e+01 7.944153034257785961e+00
-4.052514926355019753e+01 8.813701706488921150e-01
-4.597660070684362665e+01 1.632118882083390332e+01
1.206913187506025587e+01 -3.011111127744612759e+01
3.267639953093019045e+01 -7.364427831173210315e+00
-2.511073716674475875e+01 -1.971081468385343580e-02
-4.461944675920560854e+01 2.207602805744505048e+01
-5.231040918353539837e+01 4.028718967509667515e+00
3.172514525835769561e+01 -8.647950046921378586e+00
3.744492309532625995e+01 9.713922454866764866e+00
-4.340661551130904172e+01 1.911304589107579943e+01
-4.078010991263801088e+01 1.437670421104329499e+01
3.612374769046973455e+01 -4.408656162529084988e+00
-3.534309422949018398e+01 6.593259279981961818e+00
1.506175817213698842e+01 -3.479500609289357271e+01
4.227461155414366090e+01 1.516071483774985929e+01
-4.958087979230420927e+01 8.944430436362090120e+00
-3.541934486994274067e+01 7.792606118764130230e+00
-2.041046974196057917e+01 2.762507981842583948e+00
4.387658968090808287e+01 -1.804713915015270675e+00
-5.947851739855391173e+00 1.336487007523750270e+00
-3.649240175453638102e+01 1.610516890856816019e+01
1.840307706292238876e+01 -2.852378221284424242e+01
-3.346826739858077815e+01 2.497685505872350120e+01
-2.912136764815479495e+01 7.223893600765252110e+00
2.894623903197925330e+01 -1.018105541827521776e+01
-4.119909262948962692e+01 1.238887265587236186e+01
-3.889605437377917241e+01 1.229552835123256038e+01
2.486847794435657732e+01 -3.274777186038318177e+01
2.143627577480000923e+01 -2.363847160428130323e+01
4.300340585804980265e+01 -2.333182332027836203e+00
9.836838697569588064e+00 -3.744452865565153132e+01
4.116017227440671178e+01 5.430232728285664834e+00
3.244732615204773651e+01 1.102408922270567082e+00
-3.943375091267901666e+01 1.215451455065222497e+01
-3.033962279981276211e+01 3.197855498242689443e+00
-3.227190949305606438e+01 1.283768031714798852e+01
3.106533167010356777e+01 -1.042435666022662488e+01
-4.520556866696420428e+01 1.361118381918948472e+01
1.838419085947518639e+01 -2.570149741017907274e+01
-4.776280098242255434e+01 1.433822000870674529e+01
-3.070118204646865934e+01 5.938829112181664982e+00
3.733719762316336244e+01 6.212199372804988684e+00
-3.588224046676785406e+01 9.983684727100315959e-01
-3.454841403409633216e+01 1.115265065248906495e+01
3.127048565634609645e+01 -7.708896913453406441e+00
3.659156292667448440e+01 -6.909105425161238045e+00
-2.898459330077701424e+01 3.296341858153685411e+00
-4.335410311281048479e+01 9.081614545181523113e+00
2.426414464016134076e+01 -2.192219846315924059e+01
2.604519444123328498e+01 -7.718128821004483164e+00
2.146168297620841514e+01 -2.890042717391529337e+01
-4.017521481016844831e+01 7.150164795627894421e+00
-4.632509636053190150e+01 2.171108248807595287e-01
2.588372455299331776e+01 -2.240699399252212487e+01
1.770389501051711889e+01 -3.635659121219698164e+01
-2.581059546016372508e+01 8.514133288211847561e-02
2.058898253041599347e+01 -2.778062256025999588e+01
2.614923168494446415e+01 -2.064448852099461007e+01
-3.148266614671617702e+01 5.845113345645239100e+00
-4.761001011862742871e+01 1.333469961230038692e+00
2.533283399653520007e+01 -2.402865134329514873e+01
-4.729380344970920902e+01 1.704465263719762147e-01
-3.503170955680096910e+01 5.339376752334904275e+00
-4.722460020941148429e+01 3.419615960643585417e+00
2.964120733241030337e+01 -8.165730669988029433e+00
2.476516931962515145e+01 -2.893616110363847937e+01
1.192602049520881025e+01 -3.359293303441036471e+01
-5.113818038323750415e+01 9.115513044927858743e+00
-3.428089554144987972e+01 3.744344987615715770e+00
4.104044552476183583e+01 7.253160801773226751e+00
2.663477008508326094e+01 -2.842928727303883818e+01
-6.264972573189313110e+00 1.336717507088926338e+00
-4.189598983594804338e+01 1.857937439572855354e+01
3.634885111561293058e+01 1.892316237122841471e+01
3.162382745680841012e+01 -1.207812627854958087e+01
1.885934200311051612e+01 -2.355065830229261081e+01
2.522448729124447198e+01 -3.347635345139705976e+01
2.535464221470772372e+01 -8.248748715182065538e+00
3.644917625332035271e+01 2.163104849652662409e+01
-3.427886952473498638e+01 2.492870341808412604e+01
-4.767824679603905480e+01 1.824384194655309699e+01
3.080425355388255326e+01 -2.853439462092188350e+01
-3.379318535402097723e+01 2.055841601028102872e+01
3.786889725249628214e+01 1.937934134854006984e+01
3.726665743279361465e+01 2.285220042491837944e+01
3.258881755779185596e+01 2.708418744835014991e+00
4.232406470049718905e+01 6.129625582562084674e+00
-2.278501566027248870e+01 2.934897515566675441e+00
4.090273267427599535e+01 8.147667718103546619e+00
-2.867573368428949365e+01 2.471106652258713154e+01
2.972443375325871173e+01 -1.823618839615309994e+01
4.084998120482374162e+01 3.457809647415253984e+00
4.452847509634229084e+01 1.116548724806773585e+01
