-1.217088540032789190e+01 6.322022823611513687e+00
2.708003212134552751e+00 1.429580529369152764e+01
2.932889540668845108e+00 1.723658253785011141e+01
-5.900578774049654918e+00 -5.796848990531013435e+00
-6.623349017043584919e-01 2.938254727302359370e+00
-1.401437223271019494e+00 -1.786289722163479965e+01
1.262458042411265913e+00 -6.302968577582740650e+00
-6.340117498868214518e+00 1.375123758099822346e+01
-1.847232533543888877e+01 -1.302689595104063613e+01
-4.762166404097177619e+00 2.038382990879333168e+00
3.724618463143026581e+00 -1.197116548285989401e-01
-3.407353522149667580e-01 1.039250102175749113e+01
-5.790833845388235090e+00 -1.958941128482873273e+00
1.868755462337392315e+00 -1.661573270250030632e+01
-1.386958674049292917e+01 4.069584508848299365e+00
1.676313840544067180e+00 6.695936432721698139e+00
2.207894412050886501e+01 6.518938727878745176e+00
-1.217581491029856622e+01 -1.175128188252683437e+01
1.976900224601712663e+00 -2.132434532268650873e+00
-1.454551663610314516e-01 -8.382697008649023118e+00
-8.134373598710586961e+00 1.398677701758980518e+01
1.486779595415609778e+00 6.900823067120597010e+00
2.079715097127976975e+01 -4.773473455199016335e+00
5.945989251112900886e-01 1.798210916667771331e+00
-9.598986470932551640e+00 -1.874041823222484382e+01
-1.026887388822878222e+00 1.397893480208442396e+00
3.258411754060698495e+00 -3.004977252797109699e+00
5.207560738921423571e+00 5.358473003864006046e+00
1.051406677364472486e+01 1.845360992801027722e+00
9.857973899514748339e+00 -1.315168155078605627e+00
6.242885729849126264e+00 1.397609597902523504e+01
-1.438906627886517020e+00 8.196547670984866585e+00
6.009820954104278634e+00 -5.003336170313026798e+00
7.591879124253615885e+00 -1.532866826718031739e+01
-8.171905171576849369e+00 -3.743199708513205604e+00
1.319473980942526659e+01 2.538523175865926351e+00
2.448848752610608415e+00 -1.436640262313160754e+01
3.684675770133246875e+00 -8.705573814759924645e+00
-4.669850933395418124e+00 -7.967608786483975969e+00
8.880305205123937284e+00 -4.565710560312303379e+00
-2.348842114977065521e+00 -1.183876297413014811e+01
2.241115991965106247e+00 1.327540082923423981e+01
4.297078794875286434e+00 -6.781817983040473230e+00
-1.171977635909408022e+01 -1.143900156249613431e+01
-1.473821905903703744e+01 1.327634475401423542e-01
-4.820104921692531796e+00 5.538320870301303600e+00
7.364334748339186554e+00 -2.118241382847662280e+01
1.158463711568725252e+01 1.500040791830768327e+01
6.133766692661159148e+00 1.709362333016459345e+01
1.220864951383789787e+01 -2.461254673315453001e+00
9.263233075740599176e+00 -1.654323861471032941e+01
-6.374168411551090152e+00 -1.596600961719567735e+01
5.552708122339108598e+00 1.071230317008806487e+01
-3.209942938261985734e+00 1.506490416564518853e+01
8.042573621927134653e+00 -9.772604010427482280e+00
6.044806549754063951e+00 -7.265502973773461548e+00
4.755807465840002024e+00 1.746715145406873404e+01
-1.546018372131598184e+01 -1.204599760698304500e+01
-1.103077769798413321e+01 8.453297500380912766e+00
7.494556840598900038e+00 -1.522777046055855088e+01
-8.680135391120959554e+00 -4.749096909383814236e+00
-4.353805813311773854e+00 -1.284269091069502977e+01
-1.586034865742310629e+01 2.714729891762966751e+00
-3.189847369995903126e+00 7.310906764798236424e+00
1.312991795984269139e+01 -1.116139189402823817e+01
-1.507859878828230027e+00 -3.682685423166508709e+00
1.470566837391744031e+01 -9.882918050333818982e+00
-5.950919329770442801e+00 1.625112128298251690e+01
8.909662949968826240e+00 9.964702000108207613e+00
-2.110061276217528370e+00 -5.463449889654727443e+00
1.757503835054166430e+01 5.454775852977653550e+00
-1.368209533391803667e+01 -3.506053767949790068e+00
-1.064626610090321179e+01 4.750053635716972034e-01
-3.624042855366638727e-01 -4.799085521913949437e-01
1.277241400306795072e+01 -1.548621826461725703e+01
-2.145420837713115869e+00 -8.209863915798609746e-01
9.948171232595365510e+00 7.078198535505210387e+00
-9.288041924292690155e+00 2.875435037562637408e+00
-2.396422588074006710e-01 -1.399175064343108765e+01
1.029722860826260700e+01 7.411141096570576181e+00
1.345730358086759670e+00 2.962657860512459163e+00
5.703937911473008882e+00 -1.016718013115042751e+01
1.088713049005936107e+01 -3.576611834286123948e+00
-1.347058468988474900e+01 -7.614071704899499693e+00
3.747162339311506329e+00 -1.114258382844330342e+01
-2.167528897137830413e+01 -1.802376855905813091e+00
-7.017521328651845636e+00 1.754662379868117350e+00
-2.466149003498341041e-01 -4.523857289540177185e+00
2.260799824686771320e+00 -2.463470835545664261e+00
1.190712948248298453e+01 4.079591693668677799e+00
2.119989163318918735e+00 -5.004801851714209882e+00
8.404096494445503218e-01 1.246298496720643989e+01
-3.008468392069461039e-01 -7.507424693659402237e+00
-1.432246006585639053e+00 -1.424788715483399493e+01
4.616750483829892282e-01 8.313942246818974979e+00
-1.683521850165882583e+01 -2.741806314944491341e+00
1.760761933872657536e+01 3.808677965570037571e+00
1.647397558892509650e+01 -1.298527010972065687e+00
5.007148921205855530e+00 2.251136692029406561e+01
-3.372932805008770907e-01 6.766415024452689941e+00
-2.720010942112786712e+00 -1.572642184898450202e+00
1.406960169021288110e+01 3.479587920978634674e+00
3.358706901945207601e+00 4.744165046310243383e+00
-1.026924871895850266e+01 1.706558175073298145e+01
-5.121188736835709854e+00 1.141298984058541421e+01
7.040242260068479974e-01 -1.097490962147294802e+01
2.108196250666581761e+01 -2.311430247348342792e+00
-4.304521665487744286e+00 -8.116475155127488961e+00
-5.287870188526458293e+00 2.816960662977727736e+00
-9.166876408974630408e+00 1.055174500566194062e+01
3.396144834768447307e+00 1.013866163556311406e+01
-8.276990158604827785e-01 5.508910830827692173e+00
6.936919440349070598e+00 1.344590124971102085e+01
-3.376898299033016304e+00 -8.692876565777053699e+00
4.345306594222947183e+00 -1.838524556832681256e+01
1.139713673053719623e+00 -5.807428237162055140e+00
1.767239844874641008e+01 4.271696567602680794e+00
7.397798575379926689e+00 8.740216850205470678e+00
1.656197810708446738e+01 -8.659816119358763942e+00
-1.861210780492614703e+01 4.217009988844259816e+00
-1.907519274123239583e+01 -5.907881680112484490e-01
1.270099290019259541e+01 1.798435043008554945e+00
-1.063835759898980982e+01 -9.356807828351872303e+00
3.607866901633677958e+00 1.931636152694514763e+01
-5.759294013220267239e+00 6.805745338550673873e-01
-7.493044959427971108e+00 -1.588493298990530356e+01
-1.215177564760083762e+01 1.397704317402030760e+01
-7.314492910740620246e+00 3.652882350578432025e+00
4.013260318479004773e+00 -1.053282428510123836e+01
1.355840853403191026e+01 6.741883505025280776e+00
6.970516787906193557e+00 3.647028811567998297e+00
-8.695544814461033667e+00 -5.370371780967603037e+00
1.659852955697856203e+01 -9.451167577342033610e+00
9.414335616572488519e+00 -6.754466580476147008e+00
-1.075502826521211475e+01 -2.480253524723731395e+00
-8.961548535796355353e+00 -1.053322128293513016e+00
-9.905115236486718544e+00 2.231966478667693821e+00
7.065361990991236851e+00 -1.272026284048012101e+01
8.894311335620935566e+00 -1.233738601452088446e+01
-1.741328300006819063e+01 3.919881022822340633e+00
-8.274106340178571273e+00 5.059416261155714523e+00
-1.106144505090440866e+01 2.504628928759663475e-01
1.371054829413488330e+00 2.111790212279229806e-02
-3.987058441452187907e+00 -1.588859068534241303e-01
-3.473197395599493920e+00 1.019407597807688859e+01
-1.115360157108426398e+00 -3.348237781233413202e+00
1.744494072193498013e+01 -9.601320464761510465e+00
-1.544227669983940565e+01 -1.077962192593764890e+01
1.040787843542994295e+01 -3.067402580847298221e+00
-2.118088451171681541e+01 -1.579552487497843494e+00
5.029685977803804775e+00 -7.399354661188638715e+00
4.676563995821469422e-01 4.863372102228270322e+00
-1.671380857742070514e-02 -1.326456429658303682e+00
-4.348740961389137460e+00 -5.793342529239876804e+00
1.705612519579083042e+01 -5.369947162407560093e+00
1.197634541967673805e+01 -1.298696592498717273e+01
7.386116575344348512e+00 -9.121963116470229949e+00
5.190708943999687186e+00 -1.685598365818846389e+01
9.522537990824645249e+00 7.409266175485472061e+00
7.419494648354636013e+00 6.061213852902934462e+00
-5.940338598954138405e+00 -1.174371676689087529e+01
-5.924352184678617128e+00 4.258740400328962394e+00
1.643629936761989541e+01 -4.523849398177903325e+00
-5.530607880788269703e+00 -1.071036657374802026e+01
1.638031606133435147e+01 -1.283849622237948829e+01
-1.360469186451087076e+01 -7.703252335385223581e+00
7.693878743963320055e+00 -5.647644817599139166e+00
-1.864351659402804273e+01 7.552974491788494227e+00
2.484207290045960803e-01 1.376758220412315481e+01
-1.372227638203207034e+00 -1.798361010551177586e+01
-2.890067656458796819e+00 1.948695408895975945e+01
1.486824347462647644e+01 1.543210315530801013e+00
1.299425837890033542e+01 -5.747841624085586965e+00
-9.713284901103607538e+00 -1.172110697674309954e+01
3.947166617789064080e+00 -4.084225820086887282e+00
7.333297775775793781e+00 7.270207993182514761e-01
-8.684325597591175949e+00 -1.645598862597183132e+00
1.047431021729400724e+00 8.011409344064922777e+00
1.736241372749081080e+01 6.221864877389002402e+00
1.205150581486153882e+01 1.576784321686313817e+01
-1.639586049119463240e+01 -6.058342602454628967e+00
-1.708936231608627665e+01 -2.727559873381199651e+00
1.525970575490969061e+01 -2.861423993564190305e+00
6.686671495432449097e-01 1.636057938746922291e+00
-4.924826756913659453e-01 -6.576597941506449052e-01
2.659093597137123233e+00 1.163402383799544459e+01
-4.450855303901984250e+00 1.111171091708129488e+01
-5.980924381339985274e+00 2.625241546922080893e+00
6.757542720062590824e+00 3.969523994049537041e+00
1.813893657880993260e+01 9.147886130044948771e+00
1.059918755512251920e+01 1.045604924555940762e+01
-2.174587383746121816e+01 3.794394493581024541e+00
4.685395426516483219e-01 9.992113588154641235e+00
9.848001736649209192e+00 -8.243118778711220340e-01
5.835987584277149587e+00 -3.439801405284487856e+00
8.203338303723831659e-01 -1.078904845105229882e+01
-2.597187157844761174e+00 3.193027461426269920e+00
-6.491832387811359517e+00 9.790413782606297133e+00
3.260111194995408024e+00 -1.192850918772886182e+01
4.324413231576345495e+00 8.875089505648112720e+00
-1.265096509271500835e+01 1.824288720757693438e+00
-2.400609716137244831e+00 -1.132754491024817156e+01
5.374305415407033770e+00 7.345321836810230209e+00
-2.224944672554500347e+00 -6.482162718334948615e+00
-4.454694544439817605e+00 7.555766883563033609e+00
1.329502398643346073e+00 -3.660332636669920259e+00
-6.874417812285317453e+00 -7.258467127315378242e+00
6.459033489589915078e+00 -1.185852775878625565e+01
4.940685110359188670e+00 5.678412016675324914e+00
4.182026974309092537e+00 1.193377024349902626e+01
-4.395216775917134416e-02 5.960753646338273981e+00
-9.718541396278063127e-01 -9.278855625249748940e+00
-1.056082916583182119e+01 -4.534252563883941711e+00
-7.376423034619844721e+00 7.834567706607185045e+00
2.839326092681654146e+00 2.391858311195055986e+00
1.343020920419676401e+01 -1.043309437627239156e+01
-1.032840191470167390e+01 1.154696672435103011e+01
-5.712827348662556481e+00 1.266614054370126041e+01
6.544064064709892214e+00 -2.838041676918370726e+00
-1.231886155480431633e+01 -8.181715070790729349e-01
-4.750423286010487800e+00 -2.972397591766450020e+00
-7.198265540348137925e+00 -7.832743470772916439e+00
-5.191036925954789716e+00 3.421597321288099458e+00
-1.789217012193388801e+00 1.441346488146068872e+01
1.200764150991050272e+01 -9.237706013273051298e+00
-1.335745570245083869e+01 -1.573435572562572027e+01
-1.215732609165891764e+00 1.632393022774804336e+01
1.369965851702629678e+01 9.202964164666282088e+00
5.232623138707895194e+00 -1.291382798752604089e+01
-6.179891253200750612e+00 -1.545447757144517542e+00
-1.285034939681876587e+01 3.401395104763919264e+00
-4.964811291188898856e+00 -2.083958671813185148e+01
1.784158979310177884e+01 8.611601165101694377e+00
-9.215087549078454288e+00 6.715441263151908480e+00
3.951044755103024997e+00 1.777040502259755073e+01
-2.849278484325636462e+00 1.866403819102353268e+01
-8.984533668412051810e+00 -9.125809088696614779e+00
-1.241100344894133123e+01 5.342868191656519272e+00
3.898715457287041719e+00 2.660657876075699146e+00
1.597500787881667250e+01 -1.222508831387627204e+01
3.731308889037578957e+00 4.919519372659776124e+00
1.547591389840023979e+00 -8.882809546571460046e+00
2.382901471853181352e+00 -2.106031916451275876e+01
-3.760529340164660894e+00 4.064921389047910338e+00
3.856118344639497764e+00 -4.918722134100970145e-01
-1.948961432712545960e+00 1.051861309363779995e+01
-1.573496853596230949e+01 1.480134419765944997e+01
-1.203193510542715217e+01 1.295905903771631351e+01
-4.084621453258904467e+00 -3.256086784062041328e+00
-8.164931543610379094e+00 -1.137924582974961751e+01
-1.462244565250410844e+01 9.002755088338409095e+00
-2.780487064574973743e+00 1.481154723779491311e+00
7.191040850238032078e+00 2.458087731081463612e-01
-6.472885535066606799e+00 1.963103692669530531e+01
-1.410621787925289006e+01 2.960942929301900506e+00
-4.764149211028843034e+00 -1.058367746694681877e+01
5.483462622554774235e+00 1.769118182211681933e+00
3.372584048602000451e+00 1.126869325624432960e+01
-6.453405805182075738e+00 -1.010986525932382740e+01
2.168008299195696509e+01 1.903040510560781495e+00
9.114310857991837267e+00 2.663443195525618812e+00
-1.784016397162634382e+00 1.422622303174534864e+01
-1.010220409251070350e+01 6.303933037787701643e+00
-9.359660539063531459e+00 -1.506997962550524583e+01
-1.082171361863221293e+01 -6.751447491923087796e+00
1.155066920761250948e+01 -4.665862040127163546e+00
7.161504096763001037e+00 1.226695009896157984e+01
4.504569199969521875e+00 -2.501937356808141111e+00
-9.389702490254183687e+00 -1.049600887701638108e+01
-1.708398823969379876e+01 1.129656964090419002e+01
1.481969019617297256e+01 -3.911524909080506429e+00
6.515085876575714252e+00 8.457746016721845450e+00
-2.047887021342014169e+00 5.390435764806242425e+00
2.364379817200582323e+00 -6.892505137354490330e+00
-1.830095451160644515e+01 3.229073613445116453e-01
-8.711286623148019714e+00 2.735948157739403475e-01
7.302895958620015726e+00 -2.179021671075141331e+00
-1.487307566639531231e+01 5.174036947377413931e+00
1.479684220724137766e+01 1.241272094686382488e+01
-5.674598567271933014e+00 -1.648963861079186088e+01
1.500238909328318604e+00 1.700728087337650862e+01
-5.710112457976148193e+00 -4.903619691587294049e+00
5.269970331257087359e+00 -5.833526272437233873e-01
8.115170830989818507e-01 -1.219885651363731505e+01
1.115462510917488004e+01 -8.803456366205363537e+00
-2.649483013483525440e+00 -3.685412911692522719e+00
1.133838424618312324e+01 -4.318789775762202687e+00
-6.369174265546985403e+00 6.535718598212084451e+00
1.268001933080592813e+01 6.988581166879804796e-01
-1.823444695818849937e+01 -6.377373327552033011e+00
9.471511108507328913e+00 5.061917923811844133e+00
-1.202504080128136010e+01 7.474133019113368803e+00
-2.629033217794335631e+00 1.661211858434612409e+01
2.816891774505323465e+00 5.444458102900847640e-01
1.065831021975129644e+01 1.309868748039548869e+01
-6.260863233679795137e+00 1.551732097404239141e+01
-1.339852494323294785e+01 -4.307595478746658380e+00
2.935191040362823856e+00 7.160775698754663132e+00
-7.825864986562088177e+00 -2.386495786780267636e+00
-3.357880752046080275e+00 -2.225459535088418206e-01
1.782160878550374150e+01 -2.781383555361319204e-01
4.902156853593840680e+00 1.016936316287436526e+00
-1.248034892365812532e+01 1.240229083832056034e+01
-3.683419937005094180e+00 2.575531564843630328e+00
-1.203029507014440291e+01 3.521282300418283384e+00
8.121324576170277254e+00 -7.852324882091810565e+00
