3.468832600447539107e+02 -1.695120657762760175e+02
4.411820799171425733e+02 1.431370216648032567e+02
-1.966447537433933519e+02 -3.958140981478454705e+02
-1.221563017255826082e+02 3.821701791868508735e+02
1.573645441536514511e+02 -4.419183571717881023e+02
-3.933553015444614402e+02 -1.386352827581237932e+02
-1.555016621284202358e+02 6.472169280562697224e+01
2.011185904253987928e+02 4.064511120077766577e+02
1.318838812643072913e+02 1.030882184052872219e+02
-4.237768788970143419e+02 2.135490032804421787e+02
1.300254223361804762e+01 -1.672374234967538200e+02
