2.233779183441255256e+01 -1.497271246398122457e+01
1.828322802699169003e+01 2.554179132625248272e+01
1.973111940088823246e+01 6.024023368398800926e+00
1.792361590302336438e+01 -3.436961755983567901e+00
-1.822223740750064280e+01 -1.183843430200133007e+01
1.750026425213417269e+01 1.585678066938543829e+01
-5.223204532038948145e+01 -2.619332783996556557e+01
5.569528948051614137e+00 3.683623554945660317e+01
3.424808341073489260e+01 -1.407224870322934684e+01
6.614160702728074881e+00 2.195573195256935861e+01
4.052637209898074389e+01 2.527319990774052005e+00
-2.524955612531124061e+01 -2.054253287204715051e+01
-2.215760816815963352e+01 -3.130725509884846147e+01
2.642403316420587345e+01 -7.899242945172299635e+00
3.391708871352983579e+01 -4.925969083823916961e+00
2.783482776928546443e+01 5.449188601064421933e-01
-2.465253734568939592e+01 -2.696238195048937580e+00
4.239852544295148107e+01 -8.413469136395592685e+00
2.741857484413113610e+01 3.079471497604577124e+01
8.714734538866363067e+00 2.733961827823963464e+00
-3.291134646539163811e+01 -4.070862466680374325e+01
-1.358918998497792074e+01 -5.081465868793976881e+00
1.623607778106395116e+01 3.716647911822640538e+01
-3.586723669990573171e+01 -1.506319410003430503e+00
-2.842643428254329763e+01 -1.324085378161283799e+01
2.748552188501401972e+01 2.099507352750685740e+01
-4.608353616003718400e+01 -8.860941992452813665e+00
3.508979144326707456e+01 1.213156986843566365e+01
-3.700832972171086510e+01 -1.110995146816150836e+01
-4.004765073110674933e+01 -2.602953933371018280e+01
1.004005524520388448e+01 4.673344615780592903e+01
-1.472467181977409112e+01 -2.182066355825979187e+01
2.623527473463353488e+01 1.172082592914338939e+01
-4.461042334216768523e+01 -1.718811561939457988e+01
3.654296712909072653e+01 2.140624168578646902e+01
-3.339788755805835052e+01 -1.970138416304088835e+01
1.076020880930914458e+01 2.985835878443601743e+01
-3.121866845869359253e+01 -3.030339040528028249e+01
1.843699643642723984e+01 4.463884231077142317e+01
-4.009711180710083767e+01 -3.764642171878294619e+01
1.022762888359325828e+01 1.202974847986933682e+01
