-2.127356015358738262e+01 1.778444979201177034e+01
1.656887856553401539e+00 -2.360339189833086948e+01
-9.029476576167114743e+00 -2.479503850796385578e+01
7.051163828286867385e+00 -3.104667190003629074e+01
-3.661835957217984827e+01 2.369639263098937931e+01
2.356564909640615824e+01 -1.897576806622820245e+00
-3.582743890759359573e+01 1.031205411852099374e+01
-6.709499403564312736e+00 4.132178153604529669e+00
-1.996497707112351705e+01 -2.350224761261544337e+00
1.243777540104016133e+01 -2.198688822347193295e+01
-3.157278717045621352e+00 2.359118259843797816e+01
2.142863723712028090e+01 3.087292932164964920e+00
-3.675618050054691111e+01 3.018191006999090575e+01
2.356370624698419647e+01 -2.172760331757619667e+01
6.488660429116924533e+00 2.824180600206718594e+01
-1.509682238686209033e+01 1.392491381975121989e+01
-5.074694488137159176e+00 -1.584934099893293791e+01
6.943181278259137557e+00 -1.813882507569026004e+01
-1.972166687851862221e+01 1.288989624928461453e+01
1.499103741659724420e+01 -9.325387860754629443e+00
2.120941927054309417e+01 -7.906573428805430126e-01
-2.392172415807830177e+01 9.617662857845477475e+00
-5.345917701741146111e+00 2.158776998375379819e+01
-1.709293256959752583e+01 1.624739897029991909e+01
1.725021895117440351e+01 -4.247632157910952166e+00
-1.471764609820165992e+00 -2.421606262165353840e+01
-7.995748503950244057e+00 -2.847745954008663460e+01
2.465128790405873715e+01 -1.723633219068147682e+01
-3.066178147011290100e+00 2.930051613969573054e+01
3.273857686303568659e+00 -4.297628620520710996e+01
2.882345109570957575e+01 1.426662973725805639e+00
-2.627891270373022081e+01 1.806453418819161527e+01
-1.504004036698458435e+01 3.843664126892046085e+01
1.246203663860414856e+01 -1.857267526961816984e+01
1.124651830022974330e+01 -2.632908344236989606e+01
-3.445171461156148141e+00 -1.106481920658043094e+01
2.647690618485745606e+00 -1.439900667460693207e+01
-3.861436936083753579e+01 2.501012168413979353e+01
-6.383894760768373366e+00 1.686758898709375032e+01
2.493995932618162925e+01 -1.232153600667543181e+01
-1.217242219984264601e-01 -3.391668476519685527e+01
-1.350380230604847220e+01 1.559247480077769588e+01
-5.195959938703369474e-01 -1.726696664780857304e+01
1.892031310838808977e+01 5.016265626947945755e+00
3.654620498014453034e+01 -2.014787733506621592e+01
1.134292796920645507e+01 -4.053805227017399204e+00
-4.121909934660651231e+01 1.687182250624901059e+01
3.113297149893231364e+00 -5.426500210160558169e+00
9.730193247718766258e+00 -2.054894834019630190e-01
-2.180826169667181347e+01 4.033315578411321667e+01
1.162546651638815121e+01 -1.133007080191324434e+01
-9.954277529720453543e+00 6.432019701677529788e+00
6.210331571009630736e-01 1.293879140234335345e+01
7.514425994996415170e+00 2.523248031907195710e+01
-6.484705139206061730e+00 -2.854080786841909401e+01
-1.705666276380448210e+01 2.697855706711423451e+01
1.834715291381784041e+01 -1.586921424086107280e+01
-7.645212821527739955e+00 3.851580635293272081e+01
1.081369321885468615e+01 -1.391493641878418153e+01
9.892978842221790359e+00 -1.409476123109785384e+01
6.205217660145268432e+00 -1.408385734029309688e+01
1.691778066989519047e+01 -2.337518240601876229e+01
-2.106687588706280323e+01 3.426949033365507091e+01
-9.171434957076744610e+00 2.898976589271814674e+01
-1.053314409312451438e+01 2.821474640807868184e+01
1.614455741376742637e+01 -2.061794952077695697e+01
7.025022801569608788e+00 -2.906762701757359935e+01
2.366622777805095268e+01 1.954914258569426799e+00
-9.897702281502193111e-01 3.355974736770935607e+01
-1.178255259252167342e+01 8.705570662474345411e+00
2.674665922330088108e+01 -1.187766257823451710e+01
1.941613155954296133e+01 3.530476069280498397e+00
2.878210786270610910e+01 -1.042519342823077544e+01
2.396937341339965855e+01 -2.086181223978691435e+01
-5.424594766951090996e+00 -2.801921730312727732e+01
-3.512745503300863703e+01 3.304619689227477153e+01
1.147804520256608996e+01 -3.423083144957313095e+01
-2.569737800022076524e+00 -2.819507016749791362e+01
3.522910016031927660e-01 -3.265015725543253922e+01
3.097300745808161793e+01 -1.335067558483122063e+01
-3.270667501936831645e+00 -3.165469095025924773e+01
-2.513521717652475118e+01 3.097955207522290877e+01
-4.510607682312494759e+00 -3.233158558065203891e+01
1.718721132738578561e+01 -2.490049277519583626e+01
1.966870429389861386e+01 -2.688837839084398773e+00
-2.247156143941134587e+01 2.416326687355518033e+01
-1.357827139320529319e+01 3.795533760542099344e+01
-1.863096113961850975e+01 3.237276091110668830e+01
3.706221187821634011e+00 3.180741689212491607e+01
2.588430378217168126e+01 -1.937488298896883165e+01
2.135564281744704118e+01 -1.578696090358211102e+01
1.994020717425902234e+01 -2.989354572260550214e+01
-1.167435120131377957e+01 2.351120512757431502e+00
-3.145449691594672359e+01 3.002795415042229976e+01
4.235284861606153584e+00 -3.055552891619001699e+01
-1.234266094712605621e+01 3.248466745085218577e+01
-2.654552390806831852e+01 2.888750484444587485e+01
-9.372219012683599138e-01 3.768486682772374508e+01
9.282420367252518290e+00 -1.200413992053441881e+01
9.614882461105633826e-01 -3.906946777878399502e+01
-4.037351326873056223e+01 9.046890770896235168e+00
3.484492215772189638e+01 -1.402048994547216942e+01
-3.775498772457466146e+01 2.353378314636728774e+01
3.939175156586703963e+01 -2.362597622055867763e+00
1.803375867288756496e+01 -1.438949568450290606e+01
3.093415832322968484e+01 2.365934186428032326e+00
3.098956035021704380e+01 -9.254234653214050255e+00
1.077707940439855605e+01 -8.086183727407471267e+00
-2.539070400692629903e+01 1.605464187904425799e+01
-2.307635260960149282e+01 3.205354480217592794e+01
-4.644093115599169153e+00 3.429634518396056109e+01
-2.325464167061063492e+01 3.920462154115476050e+00
3.249181911826224933e+01 -3.711629389940863444e+00
1.664635539222548033e+01 8.000215174314809774e-01
1.919783652803082674e+01 -1.783213236936286705e+01
-1.609243313162761169e+01 1.194072232700514924e+01
3.332846951966706328e+00 -7.125839372032729102e+00
2.753555997082121465e+01 -2.189918132306937792e+01
8.943614811917493412e+00 -3.005652661855459939e+01
8.914579518725481933e+00 -3.637977734360980264e+01
2.518584216597724534e+01 -4.298928269808773628e+00
-1.386556985164142475e+01 1.737911563062005982e+01
-1.397044421852663199e+01 2.131464858877734869e+01
3.807855547114175465e+01 -2.476910940456860111e-01
-1.946902221669853361e+01 2.762267179287367469e+01
-9.039790078461178879e+00 2.167854788588213233e-01
1.832888286782251086e+01 -3.418013381567993036e+01
-9.017214122620437422e+00 -2.248041911748623889e+01
-3.162567935964577259e+01 1.865652375978459077e+01
3.202714888489146006e+01 -1.796730465512520780e+01
-9.670603944091318738e+00 -3.305152943702324109e+01
-2.806572949175297182e+01 1.731251725342389136e+01
2.971679154346675844e+01 -2.416651535078090873e+01
-2.592556733219311482e+01 1.211238531206164559e+01
-1.985134255657619917e+01 5.750640960260017032e+00
-1.105956558871480766e+01 7.980913068071878946e+00
-4.615278331642682197e+00 2.004061912361432363e+01
-3.376204783504184803e+01 1.830395730684963951e+01
2.447852802084294410e+01 -3.144057478304260300e+00
6.568857257933817806e+00 -2.579293820182953922e+01
-2.974607122032199413e+01 4.935968935033518079e+00
1.482086566465869026e+01 -5.714897578231100894e+00
2.113787770950689193e+01 -1.686594363850802480e+01
-1.666342703271979886e+01 1.828319837101162548e+01
-1.838613678298692733e+01 6.099505899759599004e+00
7.588021770817959144e+00 -4.060363800513085408e+01
2.767769409156612070e+01 -2.921769777801561663e+00
-3.338651882969914908e+01 1.330320414552940456e+01
1.103946499153624750e+00 2.555931776607322448e+01
-2.761514833411755188e+00 -1.994199427337627029e+01
-2.744782372562862349e+01 1.406607171075724061e+01
-2.870933376803869308e+01 1.014120023629074474e+01
2.523391504964935450e+01 8.797278249801685490e-01
2.441038008554263428e+01 -1.541923811296821256e+01
-1.850824546911132984e+01 -3.349069541011748807e+00
2.608233842705150707e+01 -9.157557492738467531e+00
4.198398523747815858e+00 -3.450548894828473578e+01
-3.944910563919897584e+01 9.754191266320438203e+00
3.844709231563027174e+01 3.255661887145526734e+00
-1.552730654810836519e+01 3.903640410075246336e+01
-8.807289267904428343e+00 3.040892777097407773e+01
3.059207448648087180e+01 -1.055043936373758662e+01
3.032871984157887724e+01 -4.173401002105010527e+00
-3.069698949556927658e+01 1.091757649395460028e+01
2.618086365852495945e+01 -1.713149353465075464e+01
3.883946709189633584e+00 -2.000216392368326268e+01
-1.923735540866029226e+01 1.524631303141914751e+00
-2.744702457859482081e+01 3.214886308640988943e+01
-2.409211935847658026e+01 2.272012497618132087e+01
-2.844582113793726208e+01 1.669446053311943956e+01
6.032911815004140088e+00 -2.292541230171686806e+01
3.436346843505954496e+01 -7.998512073841380854e+00
-1.744363173878596029e+01 3.020297843337840860e+01
-3.670043818788926160e+01 2.001204704531415501e+01
3.207454546273164908e+01 3.482633109498119772e+00
-3.352811050214727828e+01 1.092955785757487774e+01
3.026870485246772802e+01 6.898859365596156756e+00
3.424442414900298104e+01 -1.484657739145206001e+01
1.438578588487714072e+01 -1.685818293998834605e+01
-2.218234896855928184e+01 1.411659263431212885e+01
2.424904608757314861e+01 -6.317798776883135403e+00
-2.605142381593319101e+01 9.101030589475131549e+00
-2.972589133333640277e+01 1.301409442004978168e+01
1.308374189836882984e+01 -1.700342393796229246e+01
-3.980031123316452923e+00 7.208786549904426799e+00
-2.751818400610611448e+01 7.153945386851146893e+00
3.617580777895291533e+01 4.776956047742468847e+00
2.319213306686339848e+01 -1.802939101944691203e+01
-2.819860981374512932e+01 5.549102240397945529e+00
5.104069836103435343e+00 -3.499091744977110352e+01
-2.531466989633537068e+01 1.027248283014537655e+01
1.007023636661906307e+00 -1.431901244887999169e+01
-1.277065657650450214e+00 2.161793560322027474e+01
4.055833801101942981e+01 -7.277055408946245585e+00
-2.917228708419125738e+01 1.161190139899789031e+01
-1.044125169437558220e+01 1.805076768814172539e+01
1.572805432208321808e+00 -2.748798216004417938e+01
3.080172573780759038e+01 -7.978541681039238220e+00
1.361368196613715220e+01 -2.959963913869876251e+01
-2.331466269178983808e+01 7.341438929435950556e+00
2.238654262985002319e+01 -5.647188161682244356e+00
-8.826478927208368574e+00 2.279460543358620583e+01
-4.976388021033073983e+00 3.551100846922004450e+01
-3.165012681431120001e+01 1.589303827905729349e+01
1.053481187064242341e+01 -2.202096031986348290e+00
-1.359459406614305799e+01 2.529493829189184595e+01
1.770265513104595811e+01 -1.973807035490920825e+01
8.101771223191832405e+00 9.082914356396949884e+00
3.198948227863799332e+01 7.017996192505330244e-01
1.382576768854241500e+01 -3.789688132189679237e+01
9.761514493523952396e+00 -2.551498800693989466e+01
1.245640887368091043e+01 -1.524880725852872487e+01
2.902045592498631876e+01 -4.574900556167725618e+00
-1.076560872789545087e+01 1.521341342695001764e+01
-1.282995958943239145e+01 3.345403496504750507e+01
3.194875899584896572e+01 -2.960191524971896726e+01
3.047453301073725385e+01 -2.015081341063383746e+01
-5.271805788506062740e+00 -2.503317168977453733e+01
1.942253337432904559e+01 3.037459981260280939e-01
-2.795536864187523207e+01 3.507471289120991997e+01
-3.682159305509912173e+01 1.256747331714255722e+01
3.807597172779522054e+01 -1.568973129616650031e+00
2.086912009558262060e+00 -7.651016892373503353e+00
-2.020001081708804325e+00 1.658871755721069619e+01
2.832060839224959992e+01 5.381709136035461860e+00
8.877322811701317207e+00 7.540768460479489121e+00
-1.064104086085516165e+01 1.949982705498051416e+01
1.632100730442320469e+01 2.514162596641209113e+00
-2.840675065493757145e+00 6.295228325401556191e+00
2.542784642996938160e+01 -3.017906951322893860e+01
-3.199755255456425473e+01 8.200346107773212267e+00
1.472992009219043386e+00 -2.999958734235769953e+01
9.723560922125431549e-01 8.309153591116087867e+00
8.629554548566654049e+00 -2.078910665163699889e+01
-1.058184810757949990e+01 -3.509285497173532775e+01
1.923156902651219013e+01 -1.937689027138175391e+01
1.910038617681203976e-01 -1.322477167850480839e+01
1.064884493873917037e+01 -3.155273606798332153e+01
2.632133947847858479e+00 -2.480838688354706179e+01
1.562051377348597647e+01 -1.085993181193611257e+01
1.343438885496775903e+01 -3.274107090261908581e+01
2.135557638189744267e+01 -1.292158531834083313e+01
-3.451647239370052489e+01 7.360666628013619928e+00
9.054501733734074520e+00 -1.735812842062436445e+01
2.206847920963896570e+01 -1.221796290498997450e+01
1.881941260258594184e+01 -1.021258397090171677e+01
-1.772807753137209374e+01 7.702260724275608261e+00
2.758713026553405001e+01 -1.458465636891445882e+01
1.200515948438211922e+01 -1.107513476008865005e+01
-3.069609593113621315e+01 1.708608078072064274e+00
-9.524392886324671181e+00 2.486331602276974806e+00
-1.802758363985540013e+00 -2.279193662016877653e+01
-3.480995312910620498e+01 1.181033522202390529e+01
-3.046817582252716150e+01 2.711443195237365700e+01
2.034926962703399411e+01 -8.567710166905339264e+00
-2.420984128308141337e+01 3.358691181705246720e+01
-1.089355567314563622e+01 3.120841493269900013e+01
2.103384672718287618e+01 1.048997826529045696e+01
-2.082673837660399485e+01 1.365287994285259288e+01
-1.926272043164574654e+01 2.344190057075533673e+01
1.845995067942515888e+01 -2.207620057593925011e+01
-2.070382388914475058e+01 -1.915900476552170106e+00
-1.044410790678975332e+01 2.514333589882295072e+01
-2.355377119532702679e+01 1.852387451180226963e+00
2.489273873047822272e-01 -3.883198847084565841e+01
-3.448160392813891661e+01 1.464929105108819485e+01
2.983436742694945210e+01 -1.239256117681227565e+01
-3.213957465301356820e+01 2.230299936467290323e+01
1.945684168652523383e+01 -1.284589706237730278e+00
-3.064377812364610776e+01 1.678569210402540790e+01
1.670831381136733995e+01 -1.251346848762337238e+01
1.095599885197378676e+01 -2.830450596977851063e+01
-1.440121632550931619e+00 -2.682777860385764868e+01
-5.495280474466407661e+00 1.841844205332212780e+01
1.429148558451070095e+01 -2.977596480282166524e+01
3.405889055810802546e+01 5.515896671904178206e+00
-2.893422332434182564e+01 1.985687692001832261e+01
-2.461131191123835649e+01 1.534316637888058210e+01
2.746840887148738730e+01 -6.565858510597661457e+00
-2.482085993615158870e+01 2.511965077187087303e+01
-2.329813559222262143e+01 1.189368147949677912e+01
1.677350887080930875e+01 -2.798028444020872740e+01
3.161281092301442541e+01 -2.524806442011501950e+00
-2.333471313119233059e+01 1.628190596878235752e+01
-5.699468340310057002e+00 -3.908488611299199533e+01
-2.834907684980558074e+01 3.326580588298195806e+01
2.944090896533271362e+01 -1.526980952425408766e+01
3.493942800757503164e+01 -8.081257020448555650e+00
4.035971761874502239e-01 -4.302635722364084359e+01
-9.352900377365914508e+00 3.544584891268873150e+01
-2.706957802853596995e+00 2.825972405276546695e+01
3.938796354714355630e+01 -7.969028858094373113e+00
5.082141557486770544e+00 -3.637199381489991623e+01
4.034450842443043861e+00 -2.695101667483038810e+01
-3.807186082304389263e+00 1.542566170262225178e+01
2.506824491302970159e+01 -2.175591839614976308e+01
-1.719943614530498976e+01 3.858866244547105850e+01
-6.108737625463922072e+00 2.630008345345851950e+01
2.557329140679521728e+01 -1.549301982633039254e-01
-5.719674634567830651e+00 6.366783593209565772e+00
3.848386783473305428e+01 -1.088757741950263380e+01
-1.661156621650687626e+01 2.228042671162266686e+01
-7.167017991676991606e+00 1.907205122360937821e+01
2.201907495190053154e+01 -3.806461445795777365e+01
-1.462262550445469955e+01 3.086418775128191427e+01
3.481138582103231460e+00 1.933821702757354899e+01
1.755593705865839738e+01 3.860510911144632851e-01
5.893605774920775531e+00 -3.032362532001775435e+01
-1.281968292296848233e+01 2.476956181726315265e+01
2.390076212828351387e+01 -6.700191216479201017e+00
-2.742853695525716562e-01 -2.472766302587384146e+01
2.376552263287445754e+01 -2.464301336700361844e+01
-1.887862283170396438e+01 3.109168279575676408e+01
3.667911984061512953e+01 -3.597241623485925910e+00
-1.050768256743721629e+01 -2.139709924975368338e+01
-3.447693604043328008e+01 3.577501450506801461e+01
1.536523389924275129e+01 6.167826702529844773e+00
1.656639265725624099e+01 -3.072965412033166643e+00
-1.331973745638337014e+01 2.848807874176151245e+01
-5.028479270967421755e+00 -3.306324693547180260e+01
1.271646484272866573e+01 2.090653834038135095e+00
7.158374574880649988e+00 -8.642658333490558675e+00
2.253318003490146548e+00 -2.027624296023536843e+01
-2.758021340161663915e+01 4.139206758487213200e+00
1.448871947488826173e+01 -1.988549907350632395e+01
-1.768988256621353727e+01 2.345344669076286692e+01
4.816579652851960686e-02 -3.020051615096842923e+01
7.874735077793646454e+00 -3.725589436346683669e+01
1.754018716392804578e+01 -8.451716252874902580e+00
-1.524791887150468561e+01 3.321544615121500499e+01
-8.823815751909453553e+00 3.808413357345463623e+01
-9.343328472741283974e+00 3.473541244069410538e+01
-8.049406359395625543e+00 2.749750171032518153e+01
-1.716047348921748750e+01 3.559816595924664284e+01
-2.285675483308568445e+01 2.878281494029025822e+01
1.497847468478829391e+01 -3.557649479001993598e+01
2.228545480958001690e+01 -2.275681750291744621e+01
-7.885618327271130212e+00 1.090592817574820828e+01
-3.967502441178832129e+01 2.098455388932589472e+01
-1.312239561410532396e+01 3.961293689202270230e+01
1.447377128478045627e+01 -2.638203541756542947e+01
3.485026482812286730e+01 -1.101433283749479486e+01
2.370910148986730803e+00 -2.631592283225649354e+01
-2.810700049945032220e+01 2.264647579831663649e+01
-7.977450044093555848e-01 -2.846645067509669502e+01
-2.302879954324504652e+01 2.317259972461111062e+01
1.578946975718646684e+01 -1.526455366252113777e+01
-3.463335502595642623e+01 3.415167591878662279e+01
1.353298538814312302e+01 -3.758854682923605139e+01
2.183770642310535237e+01 -3.813964670033094251e+01
-2.195314327371518104e+01 2.186359201411336173e+01
2.032734829757533035e+01 -2.585569763771487573e+01
1.156366406143454384e+01 -7.132745346118038121e+00
-1.414372174335245447e+01 2.897346644838123453e+01
6.546279148053732122e+00 2.644695510867810384e+01
-1.419276070247143373e+01 1.981444103199327600e+01
-1.321573866015342347e+01 1.661075501580591052e+01
-8.211661549409532412e+00 1.364032317834714370e+01
-3.667356365502258342e+01 1.622854389291244104e+01
1.952271135570821770e+01 -1.185557441732529327e+01
2.319714930684698473e+01 9.669123218714096524e+00
-5.801914834076818295e+00 3.751994045232464003e+01
-5.559758243413633672e+00 3.152251662978035540e+01
-3.522187713359122085e+01 1.536641948530926882e+01
-1.981978797269009718e+01 9.392743418606357864e+00
-2.943034174102233003e+00 -3.015605192447424443e+01
-3.383472043404157414e+00 -1.906701792290020947e+01
5.588951842206599352e+00 -8.539957908426561772e+00
-2.438877031163852394e+01 2.048463432114943572e+01
-2.671255667837558789e+01 2.233552615438635414e+01
-1.311913377682214943e+01 1.272085392021007522e+01
1.818949574556691218e+01 -1.068708895066974129e+01
1.443655323452619399e+01 -1.233093041076774377e+01
-2.765383713548924050e+01 2.554904245806154961e+01
-2.531663605206941980e+01 2.667274569138755425e+01
-6.717660995704591187e+00 -1.886527673127901750e+01
6.746789219896627721e+00 -2.759962343352515646e+01
1.795009444819582711e+01 -5.274502667274075129e+00
-4.600162122030341472e+00 -1.882388485117153465e+01
4.725473531360995239e+00 -7.521406513870871891e-01
2.390780343688322418e+01 -1.023604003141066876e+01
-2.076490452150674670e+01 2.683618707275807225e+01
-1.129250316774985485e+01 2.070273351872789291e+01
-5.648174427438482859e+00 8.190871480511476843e-01
-2.643808289770172237e+01 2.760398473975059730e+01
-1.649455845884646976e+01 1.514859489710865681e+01
-1.388913953456014383e+01 8.157163898834815186e+00
1.005579191138718542e+01 -9.628854806427056268e-01
-2.191603244483681223e+01 3.153635563026054101e+01
2.490019906694541874e+01 -2.626018581950748754e+01
1.214782938596799511e+01 -2.869200762019429263e+01
-1.601289006727349573e+01 3.566833163320431055e+01
-1.094757730327822287e+01 1.162547199283940103e+01
2.290018642230298695e+01 -9.851224288328250367e+00
2.253331771748082346e+01 4.935490392935895088e+00
-7.735867415868120212e+00 2.670723864077695708e+01
-1.836739259592132356e+01 1.579248447424020618e+01
9.711763010348009928e+00 -5.088484839033371010e+00
2.939806316244890283e+01 -2.226593162732537223e+01
1.391567659171336402e+00 -1.675105941537619714e+01
7.619368274461971069e+00 -4.526924872219174389e+00
-2.125600956366886152e+01 1.683179615886508174e+01
-2.300636121217482000e+01 3.707968419573412433e+01
1.685128125229380824e+00 -2.020795625711956944e+01
8.662657603606035428e-01 -9.835190523473904989e+00
-3.900668941549597690e+01 1.335643039267131904e+01
-1.726282581778603165e+00 -7.433040855010569103e+00
-1.679261643692990802e+00 -1.667719121337880495e+01
-1.723005926596593440e+01 2.547678649422767094e+01
-4.849531719525097095e+00 1.334570603734625749e+01
3.505208861130709064e+00 3.173604040160689266e+01
2.582138054597590937e+00 -3.776253250920122895e+01
1.218220785869143263e+01 -4.176131855396057091e+01
-6.960075786380143903e+00 7.580611743902848865e+00
7.064064469910619870e+00 -3.395908344245268040e+01
1.642614279622332418e+01 -3.106870119573355637e+01
-1.758000375144341021e+01 5.289301987841214192e+00
-6.676691061632575419e+00 2.923702000897603526e+01
1.553084648378115951e+01 -2.349905700063589009e+01
8.824391450243885826e-01 3.054796480096829825e+01
7.367720024948955171e+00 -2.301680670401907136e+01
-9.204995107022780232e+00 2.350086957429031642e+01
-2.407682607670551889e+01 3.769032458304173616e+01
3.696294623330952334e+01 -2.164281898063499909e+01
1.572357617036437105e+01 -3.523549515841937563e+01
1.121312072855255249e+00 -4.238584917709518862e+01
-6.386531264271276598e+00 -3.047860245711537530e+01
-2.383833125486980897e+00 2.144424267251194749e+01
-3.877619048300358529e+00 -2.485626731432482117e+01
-1.059040379092047068e+01 1.275491264362517718e+01
2.600560891259860341e+01 -6.539822841778490492e+00
-1.309338978651393592e+00 -3.499170400786409374e+01
-3.143355846519650854e+01 2.466179198286108232e+01
-2.976531072419074775e+01 2.878016269727101673e+01
3.342891032166618714e+01 -5.684285773944679487e-01
8.396002593727541097e+00 -2.297517859215913205e+01
-5.952480682990979766e+00 -3.766584287719418711e+01
-5.221796898992450586e+00 -2.163355922327036396e+01
-1.627027922369019919e+01 4.142049696793164060e+01
2.875653211024111200e-01 -1.023722679222069054e+01
2.918093260613868267e+01 4.872701315949011125e+00
-3.372731182968905284e+00 3.317580451656031926e+01
-3.299453711213524087e+01 2.700513202596744122e+01
-2.698541951976230280e+01 3.686096417136957371e+01
-8.947966810083665123e+00 -1.410658719021476060e+01
-2.111608579009762821e+01 9.374857395129225779e+00
3.716247782222615115e+01 -9.350481273899209356e+00
3.815934568666219207e+01 -1.338541650233153746e+01
1.423625287181326016e+01 -2.838326041582472925e+00
3.664557972863589441e+01 -1.888213158021169136e+01
-3.189924726734596483e+00 1.117531785709432945e+01
2.472025745602635993e+01 9.243064058065774802e+00
-3.269586282056302196e+01 2.136222800629914431e+01
7.533530117398485437e+00 -3.993640095255386058e+01
1.210112498549206705e+01 -2.335741983460223636e+01
6.755031786184556353e+00 -1.319314006791988447e+01
-1.842098769091491661e+01 1.984770090904754269e+01
2.773794674726584475e+01 -9.644474795511914778e+00
3.247971256699541698e+01 -1.018187914143101658e+01
