-3.437248313538403721e+01 1.315369228021630477e+01
1.192788837632712706e+01 -3.863505112561266941e+01
1.185368632813402812e+01 -3.464080798764115343e+01
1.815452625634314998e+01 -3.809755178311538515e+01
-4.105248733206124001e+01 2.299784316674595175e+01
3.551076135406115242e+01 5.029255449485132701e+00
-3.401975377890572361e+01 6.958090947153086958e+00
-2.885692432337845048e+01 8.901487611773594821e+00
1.781594231641059167e+01 -2.728307781827354361e+01
2.911466235929526292e+01 -1.300349734026967186e+00
-3.243491202208660695e+01 2.596125544166408616e+00
1.981607588638328465e+01 -1.220126661165994442e+01
-1.583060079738627834e+01 3.335163380981317260e+01
-2.471179572428751925e+01 1.450029884685343085e+01
8.752002151610204450e+00 -4.128757492075747138e+01
1.486664718788420636e+01 -2.886091567581072326e+01
-3.159866339554771031e+01 4.673605776189055483e+00
2.883616906215669928e+01 -6.974926910403363323e+00
3.846867966451824117e+01 -1.327170007238544791e+01
-3.042433502568491832e+01 1.074734627616205884e+01
-1.959762284930889820e+01 2.382801422690760518e+01
-2.683256229253598946e+01 1.203500773438566895e+01
3.418567878859109754e+01 -1.170734656374147953e+01
1.362185539740564266e+01 -3.064259077670406128e+01
1.576953412749161210e+01 -4.240035118361436872e+01
3.169672044646930686e+01 -1.773613576091954869e+01
-1.704671572385485945e+01 3.379115777075633531e+01
1.244243690571911820e+01 -2.724481779257578395e+01
2.499351798438846117e+01 -3.958215486201210886e+00
-4.099046546938072311e+01 2.169233418690614101e+01
-2.195339910114275028e+01 2.917341776353280736e+01
1.863375404702732752e+01 -2.227130529228604772e+01
1.784019814315459840e+01 -3.420268507954626358e+01
1.289519623296763307e+01 -4.605205975597750978e+01
2.053382014657322685e+01 -2.137898879124304585e+01
-3.212401235801414856e+01 3.129822381971228040e+01
-2.712900489035684615e+01 1.294291661805904425e+01
3.219667620972994371e+01 -1.134736364267516429e+01
1.558523159825458571e+01 -3.191587666722789862e+01
-2.973842936176218643e+01 1.433549944984181401e+01
1.400698099020262610e+01 -4.066387419959283989e+01
3.301695625653204047e+01 4.324715089037956872e+00
2.586254482527256116e+01 -2.004724849305325574e+00
2.324616186478185753e+01 -2.753290067927876095e+01
2.353434917836366935e+01 -1.724409651904526442e+01
2.276872507580311478e+01 3.900394583613901123e+00
-1.900433761059068871e+01 3.097850038852064358e+01
2.099727225951896514e+01 -1.667443775521917715e+01
-2.071220364445487760e+01 6.814395223085089270e+00
-2.688757482099704177e+01 1.394586157079423572e+01
-1.961319799749328396e+01 3.645421610643609966e+01
-1.694304284014850381e+01 2.889106336424758936e+01
2.716305374232291925e+01 -2.316896376432545068e+01
-3.348822245117293050e+01 3.334984590261214521e+01
2.715952977697460824e+01 -9.916439747105986413e+00
2.251696471858203452e+01 -2.207338420128084877e+01
1.757323194514218656e+01 -1.668916013236673379e+01
2.079161358877384558e+01 -1.374840348101422904e+01
-2.456205163088044685e+01 2.080893321047865285e+01
-2.410993487327847973e+01 2.306473458860719461e+01
2.641073050915821696e+01 -7.736643783812675146e+00
2.023101348757260354e+01 -2.629409712320930836e+01
3.453756943079874020e+01 -9.165464671373479533e+00
-2.149311641549297036e+01 1.323565580491372096e+01
-3.168479208821806736e+01 1.354140912999355884e+01
3.526634205296475244e+01 -3.997182652854227580e+00
3.940516503248820612e+01 -6.543476433073815102e+00
3.670589559418355208e+01 -1.397791953755268324e+01
1.837781037141596485e+01 -4.243389923347410075e+01
-3.005433595262334379e+01 2.990362430621131296e+01
1.803155840719063363e+01 -2.366955586261489231e+01
1.664330555786952814e+01 -3.614014115447223929e+01
1.764502759726707026e+01 -3.937958601681931725e+01
1.494787366563496889e+01 -3.289843057173001739e+01
-4.564635062731819914e+01 2.002105528932481349e+01
1.215403971122673710e+01 -4.113980722337474560e+01
2.191674290298750805e+01 -3.177960618854356767e+01
3.617875792942616187e+01 -1.452899008211455012e+01
-3.228822554605864070e+01 2.189332565797382912e+01
-2.148782606484324020e+01 3.094177051311539373e+01
-2.705674172537321454e+01 3.014746935447399068e+01
-2.014634317675240638e+01 2.741146378084692614e+01
4.188243895463967448e+01 -4.481336993235814248e+00
3.693491334072496812e+01 -2.779974415558206680e+00
2.336162310607602421e+01 -2.435335636450404095e+01
-2.722715408863923514e+01 1.137791020820024457e+01
-4.297079175626769398e+01 2.276514152832841376e+01
1.738494954971016782e+01 -3.040156420913603696e+01
-2.129684985020471188e+01 2.572944422978388346e+01
-2.858011949890842374e+01 2.712327820906869746e+01
-1.677105237245489633e+01 2.779373411604544231e+01
2.199517392406293581e+01 -1.234120514919974987e+01
2.251467441769618461e+01 -3.457027754118834650e+01
-3.930492821369904277e+01 1.898033715110302921e+01
3.643168031940754759e+01 -5.080190211773469855e-01
-3.546292180935233773e+01 3.224155362156750471e+01
3.880122515386845095e+01 6.520954571162425495e+00
3.486248985967069558e+01 -1.045495466435710341e+00
3.003716955146294154e+01 4.057538296661041599e+00
-4.097243004164740654e+01 1.571498128034399677e+01
-2.490794101783554026e+01 2.862533989829759662e+01
-4.592652704792587315e+01 1.079997045032166270e+01
3.832890501677651685e+01 7.857329181050471512e+00
4.044562997474432109e+01 7.630220477169409321e+00
2.862215083103879465e+01 -1.182397982484376975e+01
3.535475274122423173e+01 1.308456046186689259e-01
2.701867109011758927e+01 -2.902269956008894880e+01
2.093713973765617808e+01 -2.492451574700571726e+01
3.464302695541822175e+01 5.605571802480079135e+00
-3.897869398694236764e+01 1.639956038554316109e+01
-1.774656867947158290e+01 9.357269331630179821e+00
3.799824020725868934e+01 3.479372302263751271e-01
-1.430226210698077516e+01 2.881635191235372062e+01
-4.081810533683698594e+01 7.685030736002821605e+00
2.553569410380026028e+01 -1.739522400455748752e+01
1.524648328462206237e+01 -3.570673490828865937e+01
-4.074310461528349236e+01 7.089332846241972241e+00
3.085844243047031910e+01 4.080300277019829558e+00
8.384826593145604079e+00 -3.482137851847981835e+01
-3.689730755581587829e+01 1.931782157982200587e+01
2.486031129490910274e+01 -1.170379586530309801e+01
-2.831920417610912111e+01 8.996591213833106337e+00
-2.453109848084808320e+01 1.540994012727008844e+01
-2.402876120351074007e+01 9.674832249577903553e+00
-1.844960103979465771e+01 1.224443793047383799e+01
-4.489389989983546769e+01 2.120214275017089633e+01
3.879651145050929983e+01 -7.991427135918925728e+00
1.366161242909032936e+01 -3.461829854441708676e+01
-3.134088318877385859e+01 1.786013320664605430e+01
3.687490316216018016e+01 -9.395329330190232753e+00
3.360260859659483401e+01 -6.989248347413363760e+00
-2.122100949788284652e+01 1.447060654235449739e+01
-3.952318478221869213e+01 1.747727415097507730e+01
1.921943699533589367e+01 -2.952897313760955100e+01
3.740938245130940487e+01 -5.100270388634305263e+00
-3.929767137397016086e+01 9.957312090696799345e+00
-4.378819962985928527e+01 2.120742889514767171e+01
-3.986134824127811527e+01 2.062227862333872253e+01
-4.442294998903854975e+01 1.480306037225100191e+01
3.477145086802630658e+01 2.301607867371874505e+00
2.320121689541752730e+01 -8.637564751667424545e+00
-2.702921830133473691e+01 6.777024535895384005e+00
4.364102108191735141e+01 -3.462644088455125058e+00
1.956318169615876812e+01 -3.891251099569504390e+01
-4.171718023945545895e+01 2.055491018117881552e+01
3.883128331106197351e+01 -3.595929871692967073e+00
-3.566807320439902895e+01 1.935803268720833259e+01
-3.933541781215304667e+01 2.886215949852369178e+01
3.151231966042872301e+01 -7.986607942018966177e+00
4.069525829884678103e+01 3.638307883611326510e+00
-4.167467879704243927e+01 1.152472502698687151e+01
2.969777429580625494e+01 -8.585495984483367593e+00
-3.693281204236379978e+01 8.133348819116196893e+00
-3.884320924960920252e+01 1.520456751087228398e+01
-3.543906810426852161e+01 1.198127020641878815e+01
1.374058313447205215e+01 -4.329759786253927700e+01
3.292744536875606087e+01 -5.036576095653312102e+00
-1.523913775821485217e+01 2.938209291478900198e+01
-4.381058344485660427e+01 1.065070263782712345e+01
3.716019577434202148e+01 1.768964557523788228e+00
4.300759853583737424e+01 -4.522625465017112489e+00
1.460048043139611096e+01 -2.399298930592563295e+01
-4.257415006918912326e+01 8.932932871063174574e+00
-3.722187000031399862e+01 1.383585183659290152e+01
3.615593234318309612e+01 1.093310529672307130e+00
-2.095986349227659673e+01 1.024580660454462233e+01
3.961339556554651864e+01 2.023103286988464866e+00
3.799522444087613593e+01 -1.144064172185505379e+00
-4.569886358689792871e+01 1.550549874537333572e+01
1.630229822631850922e+01 -4.055202831686800380e+01
-4.110556777037231058e+01 9.657946323554899237e+00
7.692245527996102616e+00 -3.810118816541034903e+01
-1.525250791510848991e+01 3.135318662913988419e+01
3.087717269351578864e+01 1.385069321567695910e+00
-4.239534777080313432e+01 1.024216788325813354e+01
-2.032148337789999104e+01 1.035433124198859467e+01
9.918484002056006332e+00 -3.461658643101619504e+01
4.060917882199281337e+01 4.128929139162582779e-02
2.761106418373822891e+01 -1.707787831558684388e+01
-4.428818988612642471e+01 1.582406172656508403e+01
3.335864348014496983e+01 -2.178151856261335340e+00
-1.850690759154723608e+01 3.330580420404929498e+01
-4.540880941861584574e+01 1.739683811850924045e+01
3.159837775382414193e+01 -1.425803502671644463e+00
-2.480744197268185758e+01 3.674834639500147659e+01
1.702272926935027542e+01 -1.562671280841365729e+01
-1.944449701696920130e+01 2.145785119998560830e+01
3.361782081817759860e+01 2.455906903885799242e+00
1.160122351685717312e+01 -2.783501579034505014e+01
2.878900022498566713e+01 -8.843274121543711175e+00
3.989941049933992190e+01 5.585453446704145897e+00
-1.764837671195860835e+01 1.115141224386049856e+01
-2.531756462222031701e+01 3.331245577867950658e+01
2.463457955706597957e+01 -2.019078621388392136e+01
2.414732297509425152e+01 -6.708894904226544220e+00
1.472499899765729836e+01 -2.467436665777649907e+01
3.564903379003261108e+01 -1.635877477380587530e+00
-4.033122356521109708e+01 2.729713634679644940e+01
-3.945406024048239857e+01 2.200770922790977480e+01
4.124566364084758163e+01 -1.047433646281669573e+00
2.170730470645365529e+01 -2.157959049760046710e+01
-1.769603604397323693e+01 1.369023025747309319e+01
2.975613636753445235e+01 -2.666517504260560401e+01
-2.455452237565299356e+01 3.147153852542089325e+01
-2.268541298533589767e+01 7.852392697721521486e+00
2.851183922454618269e+01 -2.736357765873938774e+01
-3.395950148937561153e+01 9.931456919660723415e+00
1.469923066809843526e+01 -3.711005741538539127e+01
-3.578537498689121321e+01 8.937522008718733701e+00
2.916312639456897671e+01 -1.928389294557248590e+01
1.693240815079704475e+01 -1.785505618090956403e+01
3.937674231600789909e+01 -7.603463824602229693e+00
2.223935983023611129e+01 -2.837306729851780318e+01
1.993733370928207904e+01 -2.803318638695773046e+01
2.801747039448606813e+01 -2.790750401807913050e+01
2.133462769329494080e+01 -2.846614437319653135e+01
3.429106325995267923e+01 -2.052426946943625197e+01
-2.608501869836025833e+01 9.447832492802179516e+00
-2.726251112172624147e+01 3.732694836170697528e+01
2.701109138787873221e+01 -1.394248986786162092e+01
3.115795276829504701e+01 -1.967263798145533826e+01
-4.182144406822907712e+01 1.258208734148153773e+01
-3.433434204003719259e+01 9.015939600368392703e+00
1.595881709387213476e+01 -3.385399749449785389e+01
-2.953972529925192347e+01 3.252601821998364784e+01
3.324015967602148436e+01 -1.741172074862048902e+01
-3.251329296688662396e+01 2.377133163354130474e+01
-2.450991788200506605e+01 3.544860584791535274e+01
3.086947410746808629e+01 -1.899957479679330064e+01
-4.689421637161115086e+01 1.999645635816357014e+01
-2.602229511287713137e+01 2.087420662165888174e+01
1.839798048557214472e+01 -6.556266185038056804e+00
-2.946470202973713270e+01 7.366278328653587337e+00
-2.363870069162814858e+01 3.649118680804329529e+01
-3.161313638378305058e+01 8.078187023073734707e+00
-4.022678690014200953e+01 1.641296158722040843e+01
3.614528561696146625e+01 -7.615504169896555986e+00
-4.537989411334058332e+01 1.073643923346183904e+01
3.019553955172546722e+01 -5.513221227420782355e+00
-4.339277698053464150e+01 1.666641019393740919e+01
3.336651229435845067e+01 -1.109620208510848904e+01
1.184102149195078013e+01 -3.807542346433591263e+01
1.390802831907188697e+01 -4.161825982103492549e+01
-1.686849682448220022e+01 1.144653768415473927e+01
1.996145720681747804e+01 -1.864331371643837798e+01
2.665385211292909773e+01 2.818625045006642793e+00
-4.034958474792761507e+01 1.795604136777382465e+01
-3.640564730736999621e+01 9.502092786225929899e+00
2.964591263531062992e+01 1.054470219590597502e+00
-3.484557630881947432e+01 3.054627347680167659e+01
-3.344855284670023110e+01 1.820415962768914753e+01
2.627614865873330530e+01 -1.548372408529057864e+01
3.556473677480239104e+01 -5.340679509406449199e+00
-3.679381560319386324e+01 2.061311875328333443e+01
-3.887473683101569577e+01 1.386642255961375270e+01
3.204802809328318602e+01 1.989914228934437368e-01
3.956980022084943016e+01 -1.589870752152479083e+00
1.138529749460848883e+01 -3.706761253958518409e+01
-2.330007390822094848e+01 3.209474879076143594e+01
-2.130829818500292205e+01 2.465281368000009010e+01
4.370976682429051152e+01 2.564826511367936490e+00
1.487216009782189019e+01 -3.926786647795425722e+01
1.621050349638416321e+01 -3.803126130317182430e+01
-1.898589059036234516e+01 1.014697731283328430e+01
3.397473768676787387e+01 5.227988097160038983e-01
-2.087459037128445871e+01 3.286733233156680001e+01
-1.859770705437264127e+01 2.609961578243117231e+01
3.239162405760679064e+01 -3.942433049382546018e-01
-1.961183620483502565e+01 6.902520919747313854e+00
3.731900912558472072e+01 3.666270669799960302e+00
-3.454409374179794412e+01 1.378922763297240017e+01
-2.349007201773805420e+01 1.775740184233281127e+01
1.594166562538625520e+01 -1.525911120699239198e+01
-3.948842545417961958e+01 2.706016204320150464e+01
3.165569149252536718e+01 -1.227751976420714008e+01
7.711072094757680517e+00 -3.423600912168094368e+01
-2.423771783599075036e+01 3.845748735213044256e+01
2.488307765492064760e+01 -1.461161582366325895e+01
1.892243060096362584e+01 -3.169303360373829648e+01
2.238379097489103842e+01 -9.026603578223795665e+00
-2.881462534327176783e+01 2.717272769641557773e+01
2.485318600328799832e+01 -1.021523589713409130e+01
1.220071731739101750e+01 -4.436451456753822242e+01
-3.603167129723370010e+01 2.249072033982112373e+01
2.972749467048319616e+01 -1.421195937621681438e+01
3.015731534127908020e+01 -1.387806813232433356e+01
-1.770310771618646228e+01 1.944189780316518323e+01
1.355597936782983126e+01 -3.811971077328029622e+01
2.175671356719850635e+01 -2.019399179616857865e+01
9.323138471880563216e+00 -3.155475536345852916e+01
-2.847540408098150522e+01 2.323256133295704728e+01
2.563560950517442549e+01 -1.211722411299477820e+01
-2.689551055408135483e+01 2.044699874606415335e+01
1.997698667457295940e+01 -4.063906674275646935e+01
1.889144869434742446e+01 -3.235857479143647453e+01
2.756150843016742513e+01 -1.519554220130965660e+01
-2.483097183175865297e+01 3.432710579376301041e+01
-2.232653938750891598e+01 2.862757576530686521e+01
-2.745731466581975866e+01 3.562556676650535792e+01
-1.853841651522077072e+01 2.353346823804522003e+01
-3.737448624380066775e+01 2.824568438423507644e+01
1.253106816821127545e+01 -3.230752891819796702e+01
2.601907667477443553e+01 -1.509442246708549362e+01
-2.492909447442623616e+01 1.189540341891237851e+01
-3.117393029325772602e+01 3.062145245647883840e+01
-2.247630469779442564e+01 3.243299693600294376e+01
2.337050444351388379e+01 -1.276541067387809214e+01
3.416189105146955995e+01 -2.510091929307491032e+00
-3.902200628931414172e+01 2.752648791767387948e+01
-3.366131666077095019e+01 3.026096055380212135e+01
2.741381351364701047e+01 -5.448588121547496499e+00
-2.816802745624226034e+01 2.066918344058890256e+01
1.952216937228918425e+01 -4.130921518400742798e+01
-2.557787125204938050e+01 2.568312773117175851e+01
3.155015321401418049e+01 -2.146841820483815866e+01
4.389650992596576629e+01 1.490121231729503837e+00
-2.509640048224934716e+01 3.769108989629503270e+01
-1.665608653450199483e+01 3.429622291813533508e+01
-2.852292810823876579e+01 1.573415097933213325e+01
-2.850785930416787295e+01 1.722032093985151491e+01
-2.249258511176563857e+01 6.560812956948730346e+00
-3.109170938074282020e+01 1.683232401908487930e+01
4.006210580763468698e+01 -9.649938836317623725e+00
-3.386598187048696218e+01 3.401289578374660749e+01
-2.292368636813355209e+01 2.662093229876548151e+01
-3.219643764241406103e+01 1.946055601120830048e+01
-3.163948541097329326e+01 2.683016162516743108e+01
1.650305009733947159e+01 -2.463483742159204226e+01
-4.330928048380419426e+01 1.863942574029317001e+01
-2.923145496576483993e+01 1.573172783895242333e+01
1.900919075727781404e+01 -1.630104110630909986e+01
-3.336743726120734976e+01 2.934295284005165527e+01
-3.241481461752016457e+01 2.402648562983991098e+01
1.511173015090818161e+01 -3.410027246883402086e+01
1.365631781370551323e+01 -2.493837985242682720e+01
3.428391160941548321e+01 -1.710585239432225535e+01
1.279739675397611975e+01 -4.495760648410122684e+01
3.195974230515241388e+01 -8.418180680405082938e+00
3.451428972991050870e+01 -1.405549205463434248e+01
-3.289430039422095575e+01 2.819863860226005770e+01
-2.253585069098557980e+01 2.331826156663994709e+01
-2.578909819360161038e+01 9.202222654297209203e+00
-3.389920071813935465e+01 2.693699342892733739e+01
-3.189903039436273247e+01 4.243896816769163749e+00
-3.259640152475240171e+01 1.414678166205722221e+01
2.236245103759857145e+01 -1.486723723877110004e+01
-2.701484078273784917e+01 2.455547002790213895e+01
2.028336521313631380e+01 -3.643283154431625093e+01
-2.595880673416064255e+01 2.863915374857649354e+01
-2.977613686406412086e+01 4.296915784676397898e+00
1.431263037836636265e+01 -2.156383707610460831e+01
2.889237730511828772e+01 -2.292561988491613079e+00
-2.120612745115509767e+01 1.857377753220209726e+01
-3.879279627262266672e+01 2.292236916040019068e+01
1.767258028825915517e+01 -1.423014430030500144e+01
2.542327469483207025e+01 -7.936465463954055721e+00
1.490786160878907296e+01 -1.845021845525186066e+01
-3.320046371215592274e+01 5.644642695526021825e+00
-2.514016396428980826e+01 2.306256464335826450e+01
1.598076630284439936e+01 -2.716971711595672900e+01
2.304230242607858159e+01 -1.590639574393959776e+01
2.150575866247125845e+01 -1.143230450159253131e+01
1.493890123382983859e+01 -2.982071529243991748e+01
-3.030722129643310581e+01 2.089713066529662910e+01
-2.440618421438034247e+01 7.487852290495213836e+00
-1.896284565928931087e+01 2.898962341453735192e+01
1.716416057534906514e+01 -2.886723607596535146e+01
1.050364641158434509e+01 -3.978764281025645033e+01
-2.851993939820205526e+01 1.260229081257948280e+01
1.779885495725928735e+01 -3.671784927209208860e+01
1.789068518632789662e+01 -2.521793323499204575e+01
-2.572723183722513696e+01 1.710020409065858260e+01
-1.989267535064502823e+01 2.908766426040175190e+01
1.810460112807979627e+01 -2.876118130004258333e+01
-1.831987838311312089e+01 2.871779922075964109e+01
1.105526188937570353e+01 -3.210767802993630937e+01
-2.705499993650877499e+01 1.905618654820323954e+01
-2.172514695803342732e+01 2.750303502858425730e+01
1.671095781505678346e+01 -1.122112668746926012e+01
2.008082040487124331e+01 -3.078035279098971344e+01
1.502504466584077214e+01 -4.100303208852059100e+01
-2.285593865150502069e+01 3.689042329149473431e+01
-2.408077487689321572e+01 1.843941148055451507e+01
2.987381850149061080e+01 -4.614332013401877042e+00
1.326494660080003385e+01 -3.383246082366736118e+01
-3.211731096323071455e+01 3.444485715188752550e+01
-3.742031400652799533e+01 2.611607520689295825e+01
3.928880388651402455e+01 3.611043438312857567e+00
1.770955821364929861e+01 -2.042105565831900194e+01
1.287519090313558223e+01 -3.644581288139283970e+01
1.108916573820743778e+01 -3.263807556705346968e+01
2.141231678480364309e+01 -1.778612992782044344e+01
4.098333768826417156e+01 7.172442476167351089e+00
-4.428094058772659025e+01 2.398931362943098478e+01
-2.793582345412754009e+01 2.411087001460609258e+01
2.463752291878191869e+01 -3.715448844228222214e+01
-3.689096411377075668e+01 1.839483000002043056e+01
4.030240762483705197e+01 8.773060162450120103e+00
4.129094093145918976e+01 5.899559103828952544e+00
2.561933106634922552e+01 3.221898932035875074e+00
3.546922642579180263e+01 -8.399143926171925401e+00
-2.234855961056901918e+01 9.285187584791501081e+00
4.341485896661764343e+01 -5.831396139857075056e+00
-4.504305122542132267e+01 2.013617744815268296e+01
1.351750457137149830e+01 -2.251738283342129776e+01
2.910686987115692403e+01 -3.556026095861652525e+00
3.251145371922088856e+01 2.432303676028848560e+00
3.948822827181923856e+01 -3.474049543800278528e+00
