5.491754516411134546e+01 4.373103296505314574e+01
1.664777456854649529e+01 -1.921623423251295648e+01
3.852966770395145346e+01 6.456566881740282327e+01
-6.343964228913968384e+01 -2.786867104246915261e+01
4.286437785670948131e+01 2.242643569794251235e+01
-4.583244159451728450e+01 -6.735151144418884428e+01
2.175869868977550325e+01 -6.236464576869707344e+00
2.638499756422393716e+01 2.622802896550896534e+01
3.392818738281093971e+01 6.868773727793204387e+00
-6.141120723967416239e+01 1.092463336911019489e+01
-4.244688191089912266e+01 -3.110315147486635823e+01
1.224050168042720799e+01 3.096365245054670368e+01
6.346200370420943671e+01 2.583721974894796958e+01
5.384456845807698500e+01 -1.560129501300021815e+01
-1.202755637733914584e+00 -4.124384350863176962e+01
3.760929839692458643e+01 -9.285805427409567159e+00
5.009974649824012971e+01 5.980189460735818585e+00
3.775241447433762687e+01 -3.267255087460677032e+01
-2.357048395438348365e+01 -5.537628121369803580e+01
-4.044468470217475442e+01 3.131054231820588996e+01
-3.255942360907181143e+00 2.012803378312240454e+01
-1.016837178986290269e+01 -2.298053489276363948e+01
-4.132315607631446142e+01 9.294649431265360917e+00
6.945200208055895530e+01 4.394644988733149127e+00
-2.598705247737942869e+01 -1.620814903382412808e+01
1.804564465280100549e+01 4.864204665352778534e+01
-5.535594812123482455e+01 -1.342727304711270797e+01
-2.122217576786778537e+01 9.009049074171551652e+00
-7.761234183972435119e+01 -9.185993170983312694e+00
1.718955957434637938e+01 1.372014637890406341e+01
-3.777165224488116024e+01 -6.809463576251101991e+00
1.871241332188974926e+00 4.959980700827743560e-01
-4.471970716107955468e+01 -4.492890888640752678e+01
-9.514657506852991276e+00 3.956286249243223097e+01
-2.512644187566382215e+01 -3.484683098162032877e+01
3.380731476805055991e+01 4.025935400372956963e+01
