1.338958247033056068e+02 7.281041091099591256e+01
9.358196094998504577e+01 -8.184111332447143639e+01
1.454766071844971123e+02 -2.989565016365312431e+02
9.805684352897843681e+00 8.655680935887806982e+01
1.895877881091243466e+02 1.657329588665127744e+02
-2.053515894941389064e+01 2.004192108856437073e+02
1.102399145242369229e+02 -1.852699270290540028e+02
-8.957892599992160854e+01 2.964751851415567216e+02
-8.249712706831752485e+01 1.267864416021745910e+02
-1.349328039850201719e+02 2.047286125921913822e+02
-8.683799681696733330e+01 -1.065850527036601818e+02
1.386522862448675220e+01 2.973868600118856875e+02
1.233664026121123385e+02 2.617392935583908411e+02
-8.910975270612621557e+01 2.969396985250505239e+01
-8.020407412080325571e+01 -3.215414077911533468e+02
3.834513792190302972e+00 -4.318085355034656203e+01
-2.620338406861132512e+02 2.822098959055813907e+02
1.266344528820996373e+01 -1.582070165793413707e+02
2.146559668894335289e+02 -1.116493518690072904e+02
2.306102336354103244e+01 -2.533225034503717836e+02
5.569820118801728626e+01 -3.560394682366349457e+02
2.330600276179806087e+02 -2.117426401150294453e+02
7.610400875833720136e+01 1.661665966644678747e+02
-2.064250041963395574e+02 3.932642203189341501e+01
-2.508327296426917883e+02 1.376781579215188174e+02
-1.359091837866413357e+02 -2.393749890185947038e+02
