3.998828726595048177e+00 4.803677502931987142e+00
2.223917378126581568e+01 1.314711688799048872e+01
6.699870248632096903e+00 1.930534545105667377e+01
-9.142473046519230095e+00 1.283022347165738530e+01
1.136767024179927477e+00 7.019026066999532354e+00
-8.620470259128499180e+00 -2.172230912412420611e+00
3.233802197388520039e+00 -6.099029583713500458e+00
-1.631664645982278472e+01 -3.077768736569587382e+00
3.522989835903328260e+00 -1.817543163378043758e+01
-1.396037485373913789e+01 1.168561097585285591e+00
-4.417917131697654654e+00 7.844491644514597906e-02
-2.317621067037086424e-01 4.063653816015695419e+00
9.028515542463349419e+00 6.796440996647647170e-02
-1.753646677720989899e+01 1.248383288841931638e+01
7.851915859136669340e+00 -4.252898943924817488e+00
1.129155712632227271e+01 1.577233692028801393e+01
-2.321486787188150913e+01 -1.047824479764602401e+01
-1.925843916401224831e+01 2.876060519062005327e-01
-7.313053341475123759e+00 -4.631658410100739864e+00
2.844802826190448108e+00 1.274292417452024218e+01
1.716677085104839762e+01 -7.182762903098194762e+00
1.000906259801542930e+01 1.515504044382791449e+01
4.274812175220991328e+00 1.307401820604090581e+01
-1.094214211654055191e+00 6.508379502253543336e+00
1.056372874327849098e+00 -2.643712609823576187e+01
-4.476144031473715756e+00 1.126660249555581039e+01
-1.766735703619454156e+01 -7.371576000940966544e+00
1.870763377557352669e+01 4.473822379303468155e-01
1.567994637697080584e+01 5.491693866474881780e+00
-1.227174900026985327e+01 -1.549189844266296312e+01
2.465989740017672016e+00 -2.017632027676752315e+00
9.307085184530766497e+00 -1.120657935032329000e+01
1.347666573343140861e+01 1.411892205300915748e+01
1.688178874848740563e+01 3.969126688898907851e+00
-6.215715484818288061e+00 -2.757383814755430151e+00
-1.199931584749141145e+01 -1.937782662000421396e+01
-2.400747546819122391e+01 3.309292649955057009e+00
-1.914055385393904984e+01 4.586536571541423690e+00
-1.834426042124371392e+01 -1.854593314203688337e+01
6.840043684605434215e+00 7.747762087916534313e+00
4.557436544594311023e-01 2.105750573172709394e+01
5.668728680598051461e+00 -2.776755031975339350e+00
-4.938179753813203732e+00 1.877250537609909742e+01
8.908395992903493266e+00 -1.400361591632028890e+01
-5.634297325314792104e+00 -1.385781542140367684e+01
-2.034702403018737371e+01 4.197181705261311402e-01
2.307208158384365504e+01 4.981259068487031705e+00
-1.379730632350571717e+01 3.010848898445985800e+00
-6.458210856156069823e+00 2.000029771036615500e+01
1.972710370364921673e+01 -1.006660150262677611e+01
-6.230247572205782625e+00 1.389138801370785359e+01
-4.357465335338916113e+00 -1.628142628691545113e+01
2.681435437756973883e+01 -5.617667075005031485e+00
1.321836253877709311e+01 9.907359068177813199e+00
-1.761179573248609742e+00 9.990594692062790827e+00
1.222463349199300708e+01 1.952175829723088674e+00
5.503546061671527045e-01 3.872958374860065778e+00
8.931822893206147640e+00 6.886619328913035964e+00
8.443473958299183124e+00 -6.629338785137107060e+00
4.616263888797404569e+00 1.822906504497369795e+01
-1.584309532753250949e+01 2.312098604081598907e+01
5.477584635794065626e+00 -1.944760537448646076e+01
2.347518498558557098e+01 -2.847489513941128703e+00
-1.188813436875682683e+01 -1.930726368529212422e+01
-6.799517274248161769e+00 1.241902659622851068e+00
-7.958350895858335328e+00 1.644065894251948023e+01
-4.481731071109966713e+00 2.328223531985903350e+01
-2.375227147205255296e+00 2.357715546542265894e+00
2.837529075868632678e+00 1.012436118160771614e-01
-4.823140629043571437e+00 -7.583937174789199709e+00
9.323000322238332416e+00 2.399860692549935948e+01
-1.319972222260240002e+01 6.257969044860044683e+00
-1.549368544744021925e+01 -1.051885298996298523e+01
1.842709804858649036e+01 1.348855572013307480e+01
-5.297027213119464228e+00 -8.870603089291639876e+00
-9.591786887385930882e+00 2.441095499784594125e+01
-1.178194939690028420e+01 9.263702247770412512e+00
2.348140505975624848e+00 4.122093008801607894e+00
-9.166519123253342727e+00 -9.595921248232892609e+00
4.345423916686502075e+00 1.013068173322340293e+01
1.024547953310219306e+01 2.495207009032620604e+01
-1.005265074856567331e+01 -6.288505859549963439e+00
1.527933854499527122e+01 -1.020639503484304278e+01
-1.010484121663568757e+01 1.849678106666807764e+01
1.805598795086875441e+01 8.600424565231755025e+00
1.463145122602415604e+01 -9.068407356291375621e+00
-2.476073389559510785e-01 -6.372793751270696028e+00
-1.083653956867704338e+01 -5.483625391799250792e+00
7.005430874066725266e+00 -9.130553835614156455e+00
-2.254748738109067840e+00 1.637728423710871795e+01
7.082177687547145162e+00 1.017519668811562639e+01
-5.081514409899825502e+00 -1.917672193289079985e+01
8.080056361910555651e+00 7.447304173875519684e-01
2.505317133993977929e+00 -1.172609622767660120e+00
-6.918981418738865408e+00 -3.378604755831963846e+00
1.560589733651549693e+01 -1.498402075951267420e+01
-1.357209109307389916e+01 2.198075272013124959e+01
-1.092003436836351327e+01 -2.459523242423291833e+01
9.527979974358734339e+00 -1.472532405459523908e+01
9.920275059770499837e+00 1.031253209716756380e+01
1.904228165570807718e+01 9.869658182377712308e+00
-1.479727212985666895e+01 -1.163783948005447044e+01
-3.004675707368663407e+00 8.591130651416678532e+00
-1.194011339777259373e+01 2.483375011252416442e+01
2.601237523136814001e-01 9.243793525274494272e+00
8.926466944833730821e-01 2.557368292231671703e+01
2.690130571823575956e+00 -1.391643998965426299e+01
2.212194723599427260e+00 -1.440072921748059009e+01
-2.015092147353105645e+01 4.830540872978621891e+00
-4.207476628401590091e+00 5.688422854853882882e+00
1.085113324440181160e+01 -1.675683901745895099e+01
-4.104227161947421876e-01 -2.616914136902123644e+01
-1.857675749678370991e+01 -3.002508648833421834e+00
-6.117432998762613039e+00 8.239303328931786297e+00
2.016867339978471918e+01 4.402169907122458481e-01
2.419529492363166412e+01 -9.877955451868720260e+00
1.776915834168212527e+00 1.692389706070928668e+01
2.635255404378649136e-01 2.009122777212420985e+01
-1.227238418607050896e+01 1.774632444205449300e+00
-1.479956664118585330e+01 4.978233044367327942e+00
5.660444752831796045e+00 -1.557381316015512063e+01
-1.106369345634866086e+01 1.321137031496535030e+01
-1.704610073806924220e+01 -1.376735297328305840e+01
2.318968332001000832e+01 -1.257114977656350874e+01
-1.232860212872658856e+01 -3.676730436318586648e+00
-1.042700200508666697e+01 4.652650060260976161e+00
-8.243114532201589739e+00 -1.993351722234965351e+01
-1.550652640960172768e+01 -3.767181105514119555e+00
2.319713881472038164e+00 -5.840851730140469655e+00
-1.150589459277349214e+01 2.415346506103299973e+01
1.494096973704150066e+01 -3.682367610015559567e+00
4.749974071407561560e+00 2.406338373008570741e+01
5.551334795580199488e-01 1.375373739396723316e+01
-1.577601107853190410e+00 -2.095013908456526508e+01
-2.675139688334806198e+00 -8.122568991032947494e+00
2.076516322594679220e+00 -2.488583437546781596e+01
-4.448407629591686785e+00 2.441754791105960010e+01
6.956273873408866493e+00 1.712115000205080406e+01
-3.507163360259767604e+00 1.180691109343830014e+01
-1.798736305123253487e+01 -5.871538801677774977e+00
6.068068622867751394e+00 -7.549193244133540759e-01
2.038691927502020818e+01 1.788676333816790276e+01
-3.460949268242321963e+00 -3.737212133929256108e+00
-2.452623752691957204e+00 1.168290065549547480e-01
1.625115955888282926e+01 -9.839489744066172161e-01
9.483727048191514797e+00 -1.970466768113591982e+01
-3.206875284012447036e-01 1.253926571101291643e+01
9.016846251997131745e+00 -2.549788473126077193e+01
-7.970263919546892950e+00 5.048160765195450761e-01
6.611939316372889230e+00 2.441544302191406146e+01
6.425379377459239372e+00 -7.282666194509407553e+00
5.937355709996261055e+00 -1.249125401016913628e+01
1.149881127563276451e+01 -6.135708823396773148e+00
3.549268637853981723e-01 -1.228089137596393066e+01
-2.169065693297333119e+00 -1.410452914899068766e+01
-1.007485216678504969e+01 7.255242623796761769e+00
9.759547560819854084e+00 4.223446176972009525e+00
-2.152855185482839673e+01 -3.031401004609655558e+00
-1.305017510529585500e+01 -5.027810353966511769e+00
-1.576552833101619377e+01 -9.965017610666108139e-01
-1.234141441046823573e+01 3.707899294141689506e+00
9.174027155652563437e+00 -2.741851517775680147e+00
2.008775801013204187e+00 3.836747136856013096e+00
-2.619265155786763444e+00 4.220621208572880256e+00
2.608559140744268312e+00 -2.019729043061663276e+01
-6.897906561787716662e+00 -1.127111773455503896e-01
1.768690422907494764e+01 -3.258811150310190641e+00
-5.243869957341472876e+00 -6.030779810552131082e+00
5.067596860944730608e+00 2.560600007573674830e+01
-4.743291490331588811e+00 2.607828673291357546e+01
1.424868660423561373e+01 1.919957849328170241e+01
-1.697998466753751501e+01 3.322009644948460405e+00
-2.615856695491984407e+00 -6.804163977207265290e+00
2.805761850465228857e+00 7.903436527816595003e+00
-1.909410398222232885e+01 -1.237583397294141463e+01
-8.019163935364263196e+00 -9.613019531823908892e+00
1.848462287886583510e+01 1.720915780585823285e+01
1.254454560338059466e+01 1.674327002431481048e+01
1.297023315199237636e+00 1.193664209709747226e+01
7.912610228699586301e+00 6.915832980281162001e+00
-9.767116145507081626e+00 -1.816332803055815859e+01
-2.239726722080070687e+01 1.566785837313149443e+01
1.531583659600456748e+01 -8.306077149526615244e+00
-1.460764364630457024e+01 -1.255565205767239156e+01
4.640483822921078527e+00 -2.121072954044748116e+01
-9.924318005930574671e+00 1.507413414561782627e-01
-5.292052666302422992e+00 3.021527591399750801e+00
-1.664125228884947738e+00 -2.208501224585385003e+01
-2.784905190297952249e+00 1.315973946997842781e+01
4.314437429850787709e+00 -1.967609096783881384e+01
-2.633158224330380648e+01 -2.076609360406301619e+00
-1.520987357518379213e+00 1.683324536750611600e+01
2.222079395895677933e+00 7.603328941803157548e+00
-2.534812952929331731e-01 8.620589505974202149e-01
1.303883868449913130e+01 8.904425277477688638e+00
-2.314892961544848049e+01 -1.557562518148868236e+01
1.350580261099842971e+01 -1.477211206525834797e+01
-9.486374390094425735e+00 -2.794666207491026455e+00
-1.049701307042653120e+01 5.411393892803739725e+00
-1.367206708100779267e+01 1.266245427986793359e+01
-4.270297150971069655e+00 -1.157097814256968071e+01
1.020128373618435980e+01 -2.498205330190006634e+01
-1.841045753100747007e+01 -8.370882092884038173e+00
2.396558676159624568e+01 2.724610236978180833e+00
-6.787933973730571502e+00 -1.357434930137729800e+01
8.888666522680882309e+00 1.498650217986640953e+01
-2.284332899845654907e+01 4.660802471955755699e+00
1.206973789023037824e+01 2.600518656059646361e+01
-1.227108877318130098e+01 -1.004085024122121794e+01
-4.358808383343754755e+00 8.392057507001165817e+00
-5.779822156784938159e+00 1.550106315909285293e+01
1.493829171466641093e+01 7.657243221329529170e+00
-1.315769910078022464e+00 6.018074951171344722e+00
-9.061007592672050137e+00 -8.349510848307788891e+00
7.927913626215957521e+00 -1.405252202524544991e+01
3.757408034799837093e+00 -6.945410127393873090e+00
1.315912899447374329e+01 -1.208395079976188313e+01
-1.219677766269966135e+01 8.954966037741681761e-01
5.762703417709882370e-01 -8.322084941026080429e+00
-1.100754611770643798e+01 -7.243690807802755316e+00
1.605812647648891200e+01 1.262822897188344484e+01
1.493800986095118155e+01 -2.156328969198528611e+01
1.240717426979662008e+01 3.204258194454315589e+00
1.049743413021204397e+01 -8.099745983957031825e+00
3.516211795463941581e+00 -2.463399781128376098e+00
1.746155611341339409e+01 3.385627446369895654e+00
2.444015474400008259e+01 -9.814171463046260868e+00
-1.847116449399393678e+00 -1.979175442995281742e+01
-7.733924468391284002e+00 -6.102676940721534216e+00
-2.360205904098424123e-01 -1.626280067890202119e+01
-6.486204196949988621e+00 -8.442741931034049685e+00
1.844774478507589777e+01 -3.553117169205198600e+00
2.121729307072905968e+01 5.876059013309118839e+00
-4.181802220413534776e+00 1.786338219373957159e+01
1.414807330342655156e+01 -1.263064677856069462e+00
-1.395544992148360919e+01 -7.196844638249300097e+00
-2.642144658430364856e+01 8.797369059195276009e+00
-8.533272123989579683e+00 8.194167943164066159e+00
-8.147087854612918179e+00 1.152460352026336388e+01
1.404057744946351960e+01 -4.701504995560942923e+00
-1.338332131730995300e+01 -5.797049426246841719e+00
1.379936281470625481e+01 6.298405918085086874e+00
2.479678443853870107e+01 7.437052141642500835e+00
-1.715352781053497822e+01 -1.355436401292196358e+01
1.217377188177197134e+01 -1.031261257306905677e+01
-7.240049435073204975e+00 -1.591101885479515765e+01
5.544113945220832562e+00 1.369558738462015057e+01
-5.482853336582858006e+00 5.020947521089892618e+00
4.934254176703851691e+00 -5.539508611306862562e+00
1.038606332819863454e+01 2.437180304932557462e+01
-8.759608088214783095e+00 3.685298803402737189e+00
1.339075865266601717e+00 2.256189417317950330e+01
-1.705560741499495236e+01 -2.202902556763668862e+00
1.005912832825346648e+01 9.975500974104155816e+00
-2.575307808845065161e+00 -1.326779013664327778e+01
5.731278747396972406e+00 5.432117695887557218e+00
1.012055858876584935e+01 3.788216979405781615e+00
4.218417136871534190e+00 -4.612094526695871721e+00
-7.182454579714909748e+00 1.127627190082500164e+01
-1.216109581323553002e+01 2.712627686761760248e+00
1.145913317100982098e+01 1.342514149198875906e+00
1.931018106374321164e+01 4.006718683207441067e+00
1.138880015251185895e+01 2.358759326064391715e+01
-1.598817803367010271e+01 -2.242074695811469454e+01
7.413871043857878540e+00 3.185541597951256687e+00
-1.515004585425688255e+01 1.621705063376553468e+01
4.608496464928625080e+00 -1.023345681496905790e+01
1.035926504754071509e+01 8.067203899136016210e-01
1.230281256834498294e+00 -8.543450003626011480e+00
9.150517160424792351e+00 1.984489527713504486e+01
-1.093448957695579438e+01 -2.463543213007149646e+01
1.103848685557645837e+01 -5.658235003658042217e+00
1.762356887628583335e+00 -2.764952449168242765e+01
6.305951123385825419e+00 1.857804369814224188e+01
1.112434661384793344e+01 -2.602585655608520288e+00
-6.761023173387616936e+00 5.849409326079335614e+00
3.254963266689632206e+00 -1.304665004080719548e+01
1.708723653449096158e+00 1.293880974503640502e+01
2.292101245953842348e+00 -1.097629189753849488e+01
-5.931490065914919896e+00 -1.053586159003142164e+01
1.923193966683038658e+00 2.328625688246231284e+00
7.527753538189227989e-01 -2.098926152051669991e+00
5.687133628886293479e+00 2.747243713948255284e+00
7.835241677659759318e+00 -1.630998699428090148e+01
-2.427674244715986163e+01 9.506681488163621907e+00
-4.442883103564234659e+00 1.208902650503822063e+00
4.233080462503028940e+00 -7.913229709269723244e+00
-2.092800950997932574e+01 -6.553220739043606358e+00
-2.778890034219822613e+00 -2.974339775367444982e+00
6.413931847969061018e+00 -2.401034727680793512e+00
3.376047532863606371e+00 1.498280561109957354e+01
1.250946078719515242e+01 -1.798937655821763926e+01
-1.827197616424979998e+01 -4.190888476059057566e-01
-2.012109292505594027e+01 9.435192134599164504e+00
-2.368049897941102877e+00 -2.580683953899233884e+00
-2.328024969704143388e+01 1.656817988426375621e+01
-1.797104989980176093e+00 -1.479221895091061967e+01
-7.555995524925139817e-01 -9.889570919292566487e+00
-2.998120855369828419e+00 1.595557689123285172e+01
1.938692965204286267e+01 -1.818323886979014148e+01
7.110244648215997110e+00 -1.356106552661805686e+01
8.253723788269104134e+00 -2.536881964562417124e+01
1.636563460897569655e+01 -7.442982488624667603e+00
-1.451396982485233167e+01 -1.556912963458680821e+01
1.189235734347615825e+01 5.981248460531524841e-02
-4.286914892765839369e+00 -9.233243130475033311e+00
-6.539999991428835813e+00 -2.692187019642280532e+01
9.708984784979671545e+00 1.707358226195081130e+01
-1.122590437593603596e+01 8.930217566736841306e+00
-1.758160295121634675e+01 1.645872991519365769e+01
-8.542721851462582450e+00 1.756068605486152068e+00
1.593174545749587701e+01 2.060144821408732341e+00
-6.544647172643869304e+00 8.519701020249147660e+00
-1.132590570494173932e+01 -1.253933735084891943e+01
2.142133487313868301e+01 -6.737508082891499939e+00
1.548551819013046327e+01 -2.079312619415830898e+00
-1.389431211945677980e+01 2.049840563550221262e+01
3.436703641840726409e+00 1.001543258803512693e+01
-1.542140285206924588e+00 -9.949057156403496194e+00
-1.676323828567500840e+01 2.331321773110651918e+01
-1.610741091588441876e+01 8.799026670325893917e+00
1.984090769526930087e+00 -8.846875113790611422e+00
1.086449634970714939e+01 1.344368324294835659e+01
1.954164077997003446e+01 -1.597150016982419984e+01
1.049488212621495542e+01 -1.273331355907621543e+01
8.734853303277336778e+00 -2.636504416573709619e+01
7.975678879600192950e+00 1.367683160111906737e+01
-4.331162859575267809e+00 -7.322406866011473836e-01
-2.520980132234663884e+01 -7.179191266964391360e+00
-8.216476492917991203e-01 -4.301273686089868598e+00
7.761259513267954269e+00 -3.005710066988856344e+00
7.139236811586846976e+00 -9.279561839788160071e+00
-8.754955289641834781e+00 -1.199532935558999469e+01
1.651783618279915444e+01 5.865931865849848492e+00
-1.236803381801413870e+01 1.283596002394564195e+01
5.605904624505936518e+00 5.571229596442510701e-01
-8.890946608835180953e+00 -1.405491196060522086e+01
-1.244948425176584550e+01 1.657348543888361547e+01
2.334591487593494818e+01 -1.952204762934712790e+00
-1.560225171454619186e+01 8.916910181419936521e+00
1.451861268719300568e+01 1.707408740010813109e+00
-1.061498591879646014e+01 -1.030914665304902655e+01
2.095661438524375697e+01 -7.817110255816852593e+00
1.869915956862683615e+01 -1.134072190215912457e+01
-5.304500589938188959e+00 1.935105667108347971e+00
1.569434077451578258e+00 -4.421689043198155034e+00
2.527242363515253132e+01 1.380052248187036668e+01
-7.212259748785621483e+00 -1.181832975183553991e+01
5.721656040180799430e+00 7.874584886240397985e+00
-2.891830837460090287e+00 -2.318946700999171640e+01
4.987556144677080638e+00 2.230093407670937555e+00
-2.377478753000626810e+01 -1.385902821121257844e+01
-4.464141704032296709e-01 -2.129343793183609002e+00
-1.977718311512786542e+01 9.098514493659452640e+00
-2.096305734759525974e-01 8.857298127402397636e-01
-1.216955061234142832e+01 -1.051865540289750101e+00
1.247805069604517492e+01 7.221202116084646683e+00
