1.297021670767164636e+01 1.690942905569204058e+01
-1.697158549204974065e+01 -3.399117166760691422e+00
-2.463032209097369218e+01 -6.901910139511209685e+00
2.034975246536205518e+01 2.248104680141321410e+01
2.549082009199472143e+00 -2.377493145627032689e+01
9.704754226946333162e+00 1.168877261493851449e+01
-1.631894031067364281e+01 -1.830891840896917344e+01
2.435127857961277842e-01 -2.948067316163938045e+01
1.968586947937308551e+01 3.316669161030447555e+01
-8.836291873517735374e-01 -1.636677595615746128e+01
-2.680743677506363665e-01 3.759503804857682496e+01
2.682803415939258418e+00 1.339019844775806156e+01
-1.283595135633672868e+01 -2.688672030090901721e+00
-1.830109431989994206e+01 -1.678554207541044008e+01
6.295121786098661687e+00 1.231732803305595425e+01
-1.009618568807774963e+01 -2.533850029354906397e+01
5.768377969210109590e+00 -2.675276745225939479e+01
9.279099462996329706e+00 1.457279654769284427e+01
-3.065716237095298613e+00 2.884477408921147301e+01
1.563252203028226761e+00 -3.232847289440434935e+01
-2.147788248615576734e+01 -1.054882651172242625e+01
-2.301549737555242814e+01 -4.459784307954349991e+00
-7.070605438419168109e+00 -2.758969188179740328e+01
-3.037240404346985834e+00 3.501635090459212307e+01
-1.621701944550488150e+01 -2.368631117652412144e+01
-3.808695722170103437e+00 -2.560739390103847413e+01
1.127232462234278865e+00 3.551816200288345726e+01
-8.560441348222852298e+00 -1.298603929007246549e+01
-2.763910383295705486e+01 -6.352490991159121414e+00
-6.241883907136243081e+00 -1.481302413356807257e+01
8.430838421307242925e+00 2.627131946983714528e+01
6.130759434461015012e+00 1.335572622183873293e+01
-3.095845738266270075e+00 -1.789588232506785914e+01
8.873682373152686154e+00 2.000125797599017474e+01
-2.224622135526525213e+01 -4.297458205505127360e+00
4.763330897302371802e+00 -2.322950559379877333e+01
-2.117122097972321093e+00 -3.790801691763616077e+01
-1.264799283410611963e+01 -1.792401389466346728e+01
4.855819101927941084e+00 6.685367394237122340e+00
-4.615990011352213429e+00 3.130985628736194570e+01
-2.956471364380812705e+00 -2.258785578204163969e+01
-3.990461706033510580e+00 9.941871776279942452e+00
7.228112094958798473e+00 2.193935693691470235e+01
1.216002532563121297e-01 3.691593765412056172e+01
-3.633205979207851044e+00 3.286722716579489401e+01
-6.511030233766870623e+00 -2.654014435313814246e+01
-1.826522006129001952e+01 1.398095758138963918e+00
-4.170812612191569180e+00 -1.984239919052666679e+01
-1.699628756115009409e+01 -1.472397680078979043e+01
8.188220996511137884e+00 3.248856040746267126e+01
5.086172023575744605e-01 2.753836425064581306e+01
-3.113592805592485302e+00 1.868790007672797060e+01
1.025983455232003472e+01 2.004213861105870365e+01
-6.738280861186847215e-01 -3.468783964701359679e+01
-5.212215543026377240e-01 -2.865846035797900981e+01
-2.379581694303056594e+01 -9.932091323855720688e+00
1.146637617770094231e+01 2.525772170444350451e+01
-1.423389222110502850e+01 -4.461695568165581882e+00
-2.053790325308518661e+01 -8.996286954601426800e+00
1.670080123851557374e+01 2.338150770405039580e+01
-5.412620432879728938e+00 -1.524402954865750459e+01
2.573313560233124520e+00 3.408673158254693192e+01
1.022407655614872901e+01 3.271789013182980455e+01
-1.061247242642382904e+00 3.377753231360722452e+01
7.051805985316774716e+00 -1.711392059472350624e+01
3.256176834635961193e+00 -3.676423280660107196e+01
-1.924955730881991656e+01 -1.084365395561440693e+01
2.050124404991050042e+01 2.925081378559602996e+01
-1.384107318430685751e+01 -9.724141970120367517e+00
6.678863206942788011e+00 3.570824190992598801e+01
3.466270762461478583e+00 2.977911775289258856e+01
-1.228060317703974036e+01 -2.191260220062956776e+01
-1.773599580631637096e+01 -7.349632302884170354e-01
2.268787360551299059e+01 2.606808599873281196e+01
4.287786835666214103e+00 -2.637917600176845667e+01
7.669716010099809189e+00 -3.161558896793380313e+01
1.597968017170087407e+01 8.320024894539402638e+00
1.791772897114467256e+01 1.027423913581373327e+01
1.043470864868586112e+01 -3.079983136359198426e+01
7.790938273650221291e+00 -2.883149546576209232e+01
-5.454304040991865499e+00 -3.333270657196796805e+01
-4.787455165682624525e+00 -3.205832466792098501e+01
-1.973420945752594236e+01 -1.734339176601239041e+00
-1.618111028389046524e+01 -7.284613383900165218e+00
1.014461624380972538e+01 -2.904955718813004495e+01
1.588607596851209891e+01 1.776860854032064552e+01
7.685924328981895426e-02 1.845041991131112979e+01
5.698755158028062873e+00 -3.316317056272706765e+01
-4.375545708202421835e+00 3.016212678764203403e+01
-1.407366441904449594e+01 -1.463014755540013390e+01
-1.922434620954396678e+01 -5.849356646240758018e+00
2.141956839362431708e+01 1.801660903805893454e+01
9.190733002723797895e+00 -3.207620015375796640e+01
-1.137427116303590147e+01 -9.455198951380772598e+00
1.060875596251812958e+01 1.727669474978126019e+01
-1.469503006196267947e+01 -1.870051007837908941e+01
1.073714152905019859e+01 1.385227962546811042e+01
1.529065278639342296e+01 3.802067303507717355e+01
-4.324505661862168893e+00 9.763291318799407037e+00
-2.374940865421272918e+00 1.903397574815105742e+01
1.335291454227913022e+01 2.002185626575357702e+01
4.010406656292502703e+00 -2.795015619113922867e+01
-1.971494877218755803e+01 -4.252998798309602257e+00
-4.933293473937712115e+00 -3.136205880098322751e+01
1.122043682380420826e+01 2.037834661882292764e+01
1.415644986467585653e+01 4.520416447480213762e+00
1.700459124797061250e+01 2.930141395020721973e+01
1.143109896566596717e+01 2.276062007077048932e+01
2.040836906164087239e+01 1.650890090048334713e+01
3.997203935946278985e+00 -3.534964738451083832e+01
-7.119174744945999223e+00 -3.166162629577364385e+01
4.001646543721580684e+00 -2.152666674404983382e+01
-2.268322750094963070e+01 -8.949039902913412448e+00
1.688445269163329243e+01 2.753375258113831237e+01
1.288690971243506134e+01 2.937401890833778850e+01
-5.018272414210923849e+00 -2.300377435540296034e+01
1.124454847370739508e+01 -3.397555812767552652e+01
2.274744320073141068e+01 1.415262874081342837e+01
3.456607204029613772e-02 -2.180218943563726341e+01
1.841542199161451521e+01 1.443605230481081669e+01
2.126013216446768084e+01 8.922011273697812328e+00
-2.236337191425536730e+01 1.232410215202626613e+00
-2.615168281639218328e+00 -2.833868669095948434e+01
-1.526007709027410675e+00 2.730940471757186216e+01
4.323209089001808891e+00 -3.101176373684787890e+01
1.052671686776125171e+01 -2.119010655306407642e+01
3.831554052326039184e+00 -2.972586457462305987e+01
5.512492773444593652e+00 1.540119281953906061e+01
1.305222928724911924e+01 -3.062856068556367006e+01
6.274107406842627910e+00 -2.898211402175983409e+01
2.123775440984638863e+01 9.877144400106095290e+00
1.746141091183844551e+01 1.363961731461168192e+01
-1.330172317279443739e+01 -8.321554868115823567e+00
-5.721994246128445205e+00 3.314634853896532718e+01
7.269933480087601652e+00 1.613848141468427499e+01
4.264967330398851786e+00 -3.314914113155061415e+01
-5.733773344556313489e+00 -8.797309146364598931e+00
2.085360596145341106e+01 1.638365920132453368e+01
1.064409800072775347e+01 -2.856580094882189158e+01
5.370425056287957410e+00 3.154702513373540640e+01
-1.083117772402844103e+01 -1.965108457146764565e+01
-8.222478300389187922e+00 2.802612389231595103e+01
-3.372811874470336146e+00 -3.277396192128049535e+01
6.794897190291941946e+00 -3.721546650990163130e+01
-1.592601077869357784e+00 1.477081151414389559e+01
3.345073058661084175e+00 2.476484222518309153e+01
-1.127131367530052231e+01 -6.260983335146232065e+00
-1.492353712431032520e+01 -5.654452724262552188e+00
1.171993295842528227e+01 -2.757410627285691618e+01
1.801450246969617197e+01 2.559673453258354670e+01
7.632167799892135562e-01 -3.497679055607010667e+01
-9.353242900428615059e+00 -1.403587536139498937e+01
1.069351771038911325e+00 1.884514693776677419e+01
-2.396944555105838148e+01 -1.630098076149887731e+01
2.966689617864919359e+00 2.272940501104779187e+01
-2.136580172735465522e-01 7.218931179490938987e+00
-4.905154258436023262e+00 -1.805780800838336120e+01
9.044940308315979394e+00 1.746788944197443882e+01
1.635556744952916475e+01 1.365320627172363288e+01
-5.734728486998927011e+00 -2.400258831783596136e+01
-8.054910905705643387e+00 -1.822755795262872169e+01
-2.439745073286901711e+00 -3.675790117716581307e+01
-2.095174747716063379e+01 -1.337897688949958663e+01
2.424027585108226912e+00 -1.757741513810320555e+01
1.162385340483135998e+01 8.913200366084328863e+00
1.435332021577472084e+01 2.807201823308959732e+01
-4.551857334203491395e-02 -2.463823022453959410e+01
9.576297100611041557e+00 3.732920374893053150e+01
-7.636285491130526459e+00 -3.019923909530156791e+01
1.568330675608659597e+01 2.437141597242268176e+01
5.462646335390767049e+00 2.988245225659428783e+01
2.438826633146050860e+00 -1.865450761445242733e+01
1.446835939818759975e+01 2.262358610776473355e+01
5.414945476198354868e+00 2.744640281236184975e+01
-2.188068404912037135e+00 -1.911035057795421110e+01
1.337116171325531866e+01 1.048921699655062234e+01
6.486832649217556757e+00 2.936033023841832801e+01
1.187719729128890300e+01 9.374623512144946602e+00
1.765331858500420736e+01 2.060934700860405755e+01
6.699921568013687434e+00 -2.269969649958682822e+01
1.784100796766835373e+01 1.127125583964633471e+01
1.821169895230591962e+01 1.852443897567176023e+01
-1.777578872442928670e+01 -1.764284935057543180e+01
-2.149940959983544531e+01 -5.550860821955585500e+00
-1.950702189133004083e+00 2.043940188317894879e+01
-8.208427979620026349e+00 -1.584114746296734211e+01
1.830085544120997199e+01 1.545266206514106244e+01
8.924848091815627882e+00 -2.519483005909364337e+01
1.297898600123930102e+01 1.243121989363037727e+01
-7.179524452843748961e+00 -1.948066143813336026e+01
2.751403184987057937e+00 -2.129745025256334046e+01
1.529900483496261998e+01 1.522799384009088719e+01
-2.414486677564638750e+00 -2.520962432636449435e+01
1.135764734581277358e+00 -2.973250965833953074e+01
-2.164214052116426146e+01 -2.670471374900469819e+00
9.021465859900947848e+00 2.876953910585639917e+01
-6.536286472070689246e-01 2.960514760669938994e+01
-2.520433018758294352e+01 -5.198037781521794187e+00
4.968762497404887846e+00 -1.793530235761214087e+01
3.441670730308870496e+00 3.676612947695316080e+01
-5.914487706407466350e-01 3.223931809295087447e+01
6.556507315224318511e+00 -2.093111101949476804e+01
7.148196926003488327e-01 9.923044675936745662e+00
1.194882083030986664e+01 1.867347249538535081e+01
3.715858277726059367e+00 1.786518640542185210e+01
-1.076395735918740115e+01 -1.824421023832864108e+01
8.973842028889668754e+00 2.727757155482318652e+01
-9.515979759663260040e+00 -9.425393792843825835e+00
1.566748956058676434e+01 3.027801870253003713e+01
-1.115753644950468448e+01 -2.394453625421319387e+01
-1.896803939853212384e+01 -7.275917352988809483e+00
-8.608663205046649836e+00 -2.123475743428512530e+01
1.360479969276883239e+01 2.702792190511594939e+01
8.230855379810739336e+00 -2.518831063619694177e+01
-2.035966102754839469e+01 -1.773277948669269932e+01
-1.432308040419239603e+01 -1.336541809335947484e+01
-1.697061324933964777e+00 -1.314622073522147794e+01
-2.425200204603851617e+01 -2.662699362413735837e+00
-2.110437145192235064e+01 -7.248771980213210675e+00
1.208528885930730645e+01 3.026647911576283079e+01
1.000026055800580593e+01 2.975032157705594216e+01
-1.930390778495583959e+01 -9.085560415251494604e-01
-1.547150615558036968e+01 -6.997106909652252682e+00
-1.051071115129850142e+01 -1.746182211480278212e+01
1.172794440398940097e+00 3.057171501359784926e+01
4.426617809365159140e+00 3.270163284350933708e+01
-4.156372421196110167e+00 2.470021345776597954e+01
1.158197643591903869e+01 2.737252338096686444e+01
-2.315315225023569567e+01 -5.993601830589636137e+00
-3.275310339284657868e+00 -2.750027765352940179e+01
9.071432777752300725e-01 2.452403542148654836e+01
8.336231244315396083e+00 2.545147082979778475e+01
-9.784287310807611604e+00 -2.275682525570613990e+01
1.150327650958299142e+00 -2.716652796075241838e+01
7.510255575075913903e+00 2.416957367552151581e+01
9.132843064971206459e+00 3.666778733344401786e+01
1.078684451785574927e+00 -2.625903371511254036e+01
1.023336403034867281e+01 -2.451992707015384454e+01
6.444322302927591117e+00 3.071891383834346811e+01
9.975705850728894930e+00 2.258088392764548402e+01
2.695227669386383251e+00 -1.560475622349653868e+01
1.329788502945446815e+00 -2.139145124264083009e+01
-1.337916733903736421e+01 1.074246251712123268e+01
1.878009744157404270e+01 2.290886293833739629e+01
-1.106456847693867118e+01 -1.194263468715299936e+01
2.355219496298710880e+01 1.503588141349149332e+01
3.824386992602514468e+00 1.438642251696333219e+01
-1.030184996923788177e+01 -2.927100643827967374e+01
2.863211264831234004e+00 2.794980935820495205e+01
1.406877265544587097e+01 2.415461759695739019e+01
-2.059066343058988124e+01 -4.506896103100232587e+00
-6.815136140353106775e+00 -2.815301235760225040e+01
-2.131073133575518952e+01 -5.212154843514869018e-01
2.471736997759608645e+00 -3.091260216634623248e+01
1.437254632500900264e+01 2.570650174270948796e+01
6.633916254920181999e+00 1.924085143502023243e+01
1.304365595548447310e+01 1.884880886521336762e+01
-7.307390481013565697e+00 -1.718173883738365859e+01
3.282700166896887595e+00 3.140755875203351977e+01
-1.756379255189209943e+01 -2.951180119089986231e+00
2.905009481462890175e+00 2.481301981290352288e+01
4.442373975505323536e+00 1.552181427275985470e+01
4.678480559868998689e+00 -2.391168637273957387e+01
-1.154262104047194815e-01 2.123284671196234896e+01
1.583642319943319876e+01 3.284574134710430826e+01
-4.250722187279650122e+00 -1.231368930225901615e+01
1.126748016510190809e+01 1.334081739829054492e+01
2.598524292595472129e+00 2.922537239348455174e+01
-1.745749014463043736e+01 -1.212826662822596191e+01
-6.360089711619272279e+00 -2.464723413562118992e+01
-2.076282934500518706e+01 -1.234716416224918767e+01
6.230962360702690717e+00 3.357377156456315248e+01
-2.437384956144373671e+00 3.106686495736038722e+01
-1.410817917766814134e+01 -1.080809368277546945e+01
-2.241858215222916328e+01 -1.001012496782063188e+01
-1.581870203301925404e+00 1.485035283575738951e+01
-1.110828065274810506e+01 -1.327202849215965053e+01
-1.657817734457597680e+01 -1.572634135999834903e+01
7.120509587693473641e+00 1.757226681766352883e+01
1.122121297425519337e+01 3.213103485095145118e+01
-1.716974082427619308e+01 -1.001858590995246168e+01
3.147595858858584172e+00 1.671638037094677287e+01
-4.048772516837131907e-01 3.105474385648751934e+01
-4.397256898193441010e+00 -1.296068549354573562e+01
-1.565444934500110818e+01 -1.033779987913367471e+01
-2.639383959707034677e+01 -8.881961484421035280e+00
1.396414598222416359e+01 3.375124608094660772e+01
5.071415681527081887e+00 2.005359013696088155e+01
-1.651424615224022840e+00 -3.047237180180545835e+01
-9.075895859927033626e+00 -3.419392703214922946e+00
-1.309958279863973196e+01 1.114899456338446271e+01
-3.619624875897372362e+00 -1.684843741857451604e+01
-2.360477018355233625e+01 -1.255467612341688266e+01
-7.083224338894511085e+00 -2.373525035795547566e+01
8.441033399995323094e+00 -3.477879186467206551e+01
2.070876108015555062e+01 2.607669629914523668e+01
-2.326847630918165066e+01 2.177548904505206995e+00
1.629221951432095850e+01 2.076821882020814769e+01
6.473383491418188029e+00 -3.329898192448028027e+01
1.016788206943644823e+01 -3.407713390772179451e+01
4.001039074426925524e+00 -2.549313596887411393e+01
9.668680492493068712e+00 -1.912816309914695267e+01
-5.026143350205556359e-01 -3.218601970438462700e+01
1.994924556638918745e+01 1.301327643570964376e+01
-9.072740944347204461e+00 -2.585863195411063487e+01
3.180400692680594332e+00 -3.779007711950418980e+01
