-4.679614424307558238e+02 -4.632049220640580529e+02
-2.372595930447579349e+02 2.471142613229317249e+02
2.549994874492134134e-02 -1.041248885785631551e+01
4.374160046923720415e+02 -5.420662138865003499e+02
-3.335901512611094972e+02 -8.407596090665592214e+01
1.419450910771482377e+01 -6.755006392979738621e+02
-1.135675359205239801e+02 -3.505534025008983008e+02
2.589635875724904963e+02 6.339951534849270729e+02
3.374161082117967112e+02 6.616812728378626218e+01
6.341153282468542329e+02 -1.431717439848669073e+02
1.030692989336449585e+02 3.223351181184483494e+02
2.271477144788014186e+02 -2.672076441613676820e+02
-5.694055007856248949e+02 3.640834855161445489e+02
-6.762050669361490236e+02 -4.870296126379280821e+01
5.679155542858599119e+02 3.342233148953686168e+02
-1.822743150993585175e+02 6.169765163023637342e+02
