7.314924226136019669e+00 1.219970634341813565e+01
-2.086330759663105283e+01 -1.920416187748432923e+00
1.464477482968009880e+01 -4.772868279874693087e+00
7.775127022281004940e+00 7.255425200432219945e+00
1.514448624154188572e+01 -5.742468915314796973e+00
-2.025347727984415158e+01 -9.716844912405327994e-01
1.485497109476206923e+01 1.685564445419023727e+00
1.175093375477024438e+01 1.259438966043622088e+01
1.390244888098196796e+01 -1.238892900213134141e+00
1.073835356184687839e+01 -1.280231369223493898e+00
1.376489620741994813e+01 -3.177754210439371896e+00
1.452174928131086418e+01 -9.555029787827326038e-01
8.778722562657012674e+00 8.948099340668493440e+00
1.674764849212245466e+01 -1.227956934640939801e+00
9.293001846397920929e+00 4.408942458624536265e+00
8.788342246367726318e+00 6.345675760174731117e+00
-1.591644323628247548e+01 -6.093732515572669595e-02
1.623687254020143911e+01 2.516660406556371576e+00
1.849718824662700456e+01 -2.895343665335674110e+00
1.679170850998877640e+01 8.455318790165867071e+00
-1.369446552091625868e+01 -8.750825461260243188e+00
1.272964493825476495e+01 1.969980299157394033e+00
-1.565835264583482100e+01 -9.461632371572717304e+00
1.161204183280644742e+01 4.233309170910787955e+00
1.389326027893452142e+01 1.321000381512299926e+00
1.093089372600373999e+01 6.915851670634543424e+00
-1.853338024377847404e+01 -4.471428650568916474e+00
-1.689885075928671654e+01 -5.702881876678159045e+00
-1.446303697227676288e+01 -1.173705431173318603e+00
1.452717546014321037e+01 -3.708685821542278660e+00
1.024382270045532373e+01 1.352105743139518168e+01
-2.193724455757169167e+01 -4.841388292424366746e+00
1.920900760931902340e+01 -4.733677716952750636e+00
1.737061519809968502e+01 -2.829079647519058938e+00
1.078052905868202416e+01 9.101068980649266393e+00
-1.646252775343736374e+01 -7.612876371081111593e+00
1.305368202971652991e+01 4.729068669106194278e+00
6.147937807636593810e+00 1.100033628055741630e+01
-2.388294190616959511e+01 -1.143089461516031635e+00
1.872312214177591017e+01 -6.089019374754616187e+00
1.565000295925371709e+01 -7.440695002629326815e+00
1.823341618229340355e+01 -9.726060975228683958e+00
1.870373676462754275e+01 -8.515363252639819081e+00
1.941485926470675238e+01 -6.365694011291767929e+00
1.664538520160411750e+01 -4.508567641346695964e+00
-2.582925528406146043e+01 -7.382162431855155971e-01
7.335742067689507984e+00 1.130120688286130637e+01
8.186050625362238264e+00 1.066043124489709015e+01
-2.043345967814249420e+01 -2.586648847340399460e+00
-1.497506915156195362e+01 2.170766337933288437e+00
-1.639215798684799097e+01 -1.561249745330484551e+00
-1.325819721579368426e+01 -2.208713933133788831e+00
-1.966908468363826401e+01 -2.522289005687502250e+00
8.551946995367114113e+00 9.227868008840633962e+00
1.482456594441084974e+01 -2.012546098179562648e+00
-2.313164554988793142e+01 -4.460686827793208131e+00
-2.610208476766694119e+01 -1.604836261050595736e+00
1.555907483579280459e+01 -5.371406597303691299e+00
1.813245817198010101e+01 -3.605797165897261181e+00
-2.305385526409432728e+01 -1.370499269438179235e+00
-2.178825010862080447e+01 -1.647134328925784263e+00
1.547023089283792352e+01 -9.264204589794603706e+00
1.804752189313960287e+01 8.832808379648222630e-01
-2.594996173445413490e+01 -4.242725197046572028e+00
1.759879965096765631e+01 -4.719289662898795257e+00
-1.329795683473591872e+01 -9.693033481309823784e+00
1.563820491530330514e+01 -8.629427254500519950e+00
-1.226137954231172422e+01 -1.425437662001378669e-01
1.354519946908991557e+01 -5.783786604422858524e+00
-2.513262229460361752e+01 -2.227171534926491780e+00
-2.594766232893278968e+01 -4.312762360080430568e+00
1.294179630710443440e+01 1.089470417580232642e+01
-1.210288109417939317e+01 -7.766495305334449040e-02
1.759054330111571574e+01 -7.740789692275476419e+00
1.216361375863777283e+01 -3.689014256403300163e+00
1.376120242093476342e+01 6.263280269374906339e+00
-1.300277487384526154e+01 -5.183275785444900308e+00
9.010180473607299234e+00 1.160133796348090662e+00
1.176799468031402363e+01 1.088914873615245682e+01
1.617310730935167484e+01 -3.289085747392584302e+00
-2.247944000453885138e+01 -2.533742623269799044e+00
9.858982247328453852e+00 3.297675263664909373e+00
1.314688957292596072e+01 8.076046698828596604e+00
1.189154133694222004e+01 -2.026705507050757457e-02
1.851915693221443249e+01 -9.571777223692259362e-01
-2.187573961049463378e+01 -5.360888569242922230e+00
1.326500376290925587e+01 6.042969714874362186e-01
1.679554923512798226e+01 3.054577737498990864e+00
-1.428405917204734621e+01 -7.858289397270045384e+00
-1.629357795484966331e+01 1.690158870257859047e-01
1.157432093831662634e+01 -6.413598020631664731e+00
-2.635832033951224673e+01 -1.819414450617295786e+00
1.094300276894356472e+01 1.097943977937705462e+01
9.146230951763541839e+00 1.232626113190898742e+01
-2.248130765070639114e+01 1.050952338725467561e+00
1.894784612877556640e+01 -2.884099047388785308e+00
-2.379730021786319938e+01 -2.591899869848767857e+00
1.702295304181279789e+01 -6.682885236535336837e+00
7.508924571168529738e+00 9.485318683285473895e+00
-1.749821598079736518e+01 -9.323723923976958261e+00
9.479348745077006200e+00 1.106047239826134643e+01
2.102701334576704539e+01 -4.126911269626991619e+00
-1.775022085854774545e+01 -1.718701833858353512e+00
-1.515481878820976469e+01 2.005749435462589769e+00
1.162046844633363030e+01 5.277118495601130554e+00
-1.906893690050302936e+01 -1.583564452637262476e-01
-1.354642233325598966e+01 -6.912434911651810232e+00
1.058694923515812825e+01 6.066891724311182621e+00
1.502431170071093725e+01 5.372983379289443029e+00
1.020342742598827535e+01 8.047817397219258595e+00
-2.171451424526923901e+01 1.065767816588430034e-01
-1.887690214528213417e+01 -3.458205655472563311e+00
-2.051785826191498430e+01 1.140020240300644305e+00
7.182224414900789000e+00 1.374232852793140225e+01
1.432832011400604166e+01 3.778777751393198603e+00
-1.527167652983098023e+01 -2.624504749499543710e+00
-2.076012756649966562e+01 2.624879208996412583e+00
1.324423615121763831e+01 4.148333102311439369e+00
-2.070249036186701019e+01 1.602507493201308586e+00
-2.053960320033396059e+01 -6.920177011056314775e+00
1.281592546839417857e+01 -2.062661614436817725e+00
1.402163226951980413e+01 -7.193819131783664389e+00
-1.453767394628503595e+01 -6.753531091017747734e+00
-2.393382536369934144e+01 7.293393139650454771e-01
1.239715980885091540e+01 6.520282196612678050e+00
-1.920720072820694213e+01 -6.647216114436112377e+00
8.540880503713944805e+00 1.447758163403664966e+01
-2.053235576594986611e+01 -7.397795549368042956e+00
-1.816280352809284082e+01 -1.664182169049271520e+00
-1.773905706639209257e+01 -8.880455005063449647e+00
-1.699736817668246758e+01 2.669425163141375457e+00
-1.453440270688454206e+01 -3.629354938661676577e+00
-2.078664872093205673e+01 -3.593337852414732136e+00
1.658628663523888136e+01 -2.311849271189443111e-01
-1.463933303710158640e+01 -1.031503932883997415e-01
-1.763056697362370429e+01 -6.771056968238748475e+00
-1.751929455077533504e+01 -4.137552125614250009e+00
9.863409377506103581e+00 1.224742013295957399e+01
9.820445786009180722e+00 1.069326768665682259e+01
-1.699766741919596313e+01 2.704469449372783441e+00
-1.747909078895649060e+01 -7.261940734155786892e+00
6.943390615211751715e+00 7.298085573782516100e+00
1.352327671803367615e+01 5.552271823023110286e+00
8.796923890836959359e+00 6.795237488246616664e+00
8.100656497369133291e+00 1.369667078262664539e+01
-1.371338094007264630e+01 -6.858337589127611267e+00
1.591444306117088558e+01 -4.357682357755496838e+00
1.154145348299715224e+01 2.550512167508120598e+00
1.387637246087273191e+01 -8.869970894412839257e+00
6.988833153863086345e+00 4.693464242470546388e+00
-2.255638499737097646e+01 -4.069595107400699741e-01
1.684174792531159781e+01 -5.679526434420065328e+00
1.522785856325248055e+01 -4.298226412174268596e-01
