3.090648356022162702e+01 1.099762714438225375e+00
1.017768553822873479e+01 -2.518519633873936314e+01
1.175467927555832759e+01 4.641985080747151882e-02
2.066290545996042027e+01 -5.849969092939733883e+00
-3.207023199511927203e+01 1.516028292203791139e+01
1.151807630143364491e+01 -1.190148605938953708e+01
5.846397546831080483e+00 -2.021473980772339019e+01
-1.886589308511761232e+01 3.110218943757940124e+01
-3.127473416327297784e+01 9.733377155594649111e+00
-5.834067519302661431e+00 -1.551862608712874803e+01
2.455556829059192481e+01 -1.197508529634011509e+01
5.165325198182681987e+00 -1.491357223155987555e+01
-1.767930111881895194e-01 -2.841325051683714964e+00
1.838453775706368987e+01 -1.218876147956014933e+01
-1.605023897416321432e+01 1.691285559083262058e+01
-2.324024410396206974e+01 6.220643786086216487e+00
3.288383792374342818e+01 -5.240101105985401908e+00
2.710224548793950916e+01 -6.932475043550612170e+00
1.924516874751320827e+01 8.199551396285640337e-01
-6.695480574038310984e+00 1.948586147888364550e+01
2.966106900818040870e+01 -1.637704145639360576e+01
4.011715142243050813e+00 -1.000346463192926905e+01
1.531351783935729038e+01 -5.703962085888605316e+00
-3.084163188395081434e+01 2.489048287503799983e+01
-3.701975194351188048e+00 1.478496026265254315e+01
-7.864015528534131327e+00 -2.161614849563659391e+01
-1.075175399942402166e+01 1.328853920065385452e+01
-2.135294021844638479e+01 1.481350360776943020e+01
1.590218002255818419e+01 -1.745304869170843176e+01
-1.537033890855881246e+01 5.498700064279971045e+00
2.227692940381042064e+01 -1.943875146310449509e+01
-2.076817410748997617e+01 2.054469338173305459e+01
-2.658501757670954646e+01 1.910484791322811660e+01
3.522399777872484150e-02 -2.444646577457639580e+01
-2.570194347505560017e+01 1.272653767585265427e+01
1.071554949140853985e+01 -1.817236744168121376e+01
-2.335353038505520473e+01 2.603651442203708655e+01
1.693139730585698288e+01 -2.318270462546594857e+01
-1.801667166653083285e+01 1.133433432880146086e+01
2.415429574986709227e+01 -7.226513534110474701e-01
-6.749710610842638570e-01 -1.674768592577763826e+01
-1.527559661349724252e+01 2.385273098326929997e+01
-2.914064507317600583e+00 -1.025029595063558574e+01
-3.173860547743866078e+01 2.927866592377199240e+01
2.304395685466985455e+01 5.539043055399290871e+00
8.870168126609776493e+00 -5.398976279565979475e+00
