1.938060987918553080e+00 6.377813981093562745e+01
1.372762539426261981e+02 3.316096187500897940e+01
-1.705772223069173492e+02 2.796504649017177826e+02
1.548515381518868583e+00 -1.839506494559809937e+02
-2.810135534088296367e+02 -8.634169114271784906e+00
-1.398249184926015971e+02 -2.570788242818127856e+02
-1.346626566816004242e+02 2.965204962662512145e+01
1.616661714436230284e+02 2.874002723585654167e+02
2.690663024039060929e+02 -1.501023655287298766e+02
-2.039476865913038228e+00 -5.564442490039428435e+01
-2.684760359004847032e+02 -1.615305768205784887e+02
-4.728484936846702347e+00 2.942562962646208575e+02
-1.296349250467925174e+02 -1.045234097240205529e+02
8.140521513902257311e+01 1.654596679579265697e+02
-2.466338767321147145e+02 1.382701377174527977e+02
5.753016348098461741e+00 -3.306895758177183211e+02
-8.362263260128756315e+01 1.618288783405103857e+02
1.275590146827560574e+02 -9.949304699537019303e+01
1.470875660758582342e+02 -2.510257271092367546e+02
2.436669978973736477e+02 1.476910586173349316e+02
2.842466686706867449e+02 1.524842277415536129e+00
