2.370001561268213663e+01 -8.732745054823615405e+00
-1.187204777233293207e+01 1.513911701216469652e+01
2.500688734129917279e+01 -1.146334803316910644e+01
-1.877732407438796258e+01 -6.994299186805450930e+00
-1.804938137700262502e+01 1.010149650706848767e+01
-1.655678449131547936e+01 -5.243377086689634758e+00
1.973707447707224816e+01 5.967943920128812252e+00
-1.314386453948088729e+01 4.858534294528078945e+00
3.769704790711714537e+01 -2.259902989799042750e-01
-1.361860382860936092e+01 2.275711964586087177e+01
-1.224325923729530352e+01 1.284169987783364064e+01
-2.090374537999736404e+01 -5.389409295743859962e-01
-1.286923606120560848e+01 -2.497628360851653184e+00
1.997390731211899606e+01 -2.634218616876891517e+00
2.885086920196604154e+01 2.233821197767070110e+00
-1.411919554875920468e+01 -4.389860503304656270e+00
-1.339778995748752699e+01 1.311739788225238001e+01
-2.218467979616420749e+01 5.285141972713178760e+00
-1.769803076871145464e+01 1.677373607893120777e+01
-2.405491976401459553e+01 -9.978352647577603207e+00
3.451751294745643150e+01 1.083147442668732197e+00
-1.333157102308499198e+01 7.541966729753108112e+00
-1.194846813589574275e+01 2.271015783294371460e+01
-1.737503725683255595e+01 1.331033139035874235e+01
2.733499263486011088e+01 -5.293620179155494654e+00
1.820873682538633886e+01 -2.643766264123744936e+00
-1.559314071434254600e+01 -4.014262240409323113e+00
1.184016940806185758e+01 -1.401847783485939525e+00
-1.774655078958554100e+01 -9.112563554251579490e+00
-8.879015670231705570e+00 -1.234320265944103233e-03
2.582904492843493571e+01 7.583708341127223029e+00
-1.980312388480558283e+01 1.643108019878379622e+00
1.112734656401279842e+01 -3.387787239393006189e+00
3.009385684433985730e+01 -1.412753904119614212e+01
2.557072592874303751e+01 4.572755219605940447e+00
3.694370464400351040e+01 -3.516101932532422203e-01
-1.958559525361629738e+01 2.130005965610765717e+00
-1.567994929715314356e+01 3.510425429083484428e+00
-1.665082999708315015e+01 9.857293781416140988e+00
2.784608207922913081e+01 -2.123737551592536354e-01
3.580873236934033343e+01 -4.793438966570570337e+00
1.722406081171623882e+01 -1.678181050528756879e+00
1.215125300568525013e+01 -2.481191815913520671e+00
-2.052504312802207664e+01 -5.681354447212923375e+00
-2.795294222901660319e+01 -7.361101467954245692e+00
-1.021280017020531972e+01 1.655011559296735868e+01
3.027088047577322172e+01 -1.040602409544523876e+00
-1.532402748467845832e+01 1.244402158430074579e+01
-1.500445660252538715e+01 1.482863407729157679e+01
1.999404994881161457e+01 -1.074883069062633290e+01
3.386836837317435567e+01 -1.258070509818770333e+00
3.357536417606494439e+01 3.835602626674716298e+00
-2.414248583301818485e+01 -5.459223845710201140e+00
-2.492060997069850359e+01 -6.994994597973660078e+00
-2.012084351747733990e+01 7.798234962527004654e+00
2.057839272782258533e+01 -7.610860698935796975e+00
-1.568859693742964545e+01 1.591380398611434011e+01
2.737665995292755738e+01 3.350201375814335414e+00
2.613024545630211648e+01 -2.668405092029012327e+00
-1.975916964489966077e+01 4.947581956751045063e+00
-8.149363048617988881e+00 1.039518031065848902e+01
2.538623681271718624e+01 -8.461246672951315162e+00
-1.907207899465949197e+01 -1.074103859838461084e+01
-2.282801931318027755e+01 -1.063530388104890001e+01
1.661401672735833657e+01 -6.302731038254307805e+00
-2.186813509334811911e+01 -1.813488659964205851e+01
-1.738949484547087820e+01 -1.497702334281423298e+01
-1.747401136330667271e+01 5.940436490989222662e+00
-2.098035709492984324e+01 -9.970003691868623008e+00
-2.157943543266749487e+01 1.539410425311563024e+01
-1.895064685018805761e+01 1.472138461074951721e+01
-2.687461713504962901e+01 -1.488670397776389009e+01
2.291176730295334707e+01 -1.333914262083230007e+01
3.036050738412993866e+01 7.291005985056608019e+00
-2.040303196811937525e+01 -1.208470316819798462e+01
-2.525912877276940804e+01 8.604295586058681167e+00
-1.310611031154231476e+01 1.655622649356752873e+01
1.612275296927123946e+01 -9.797368830959534591e+00
-2.250511788080941145e+01 -1.239621869759284856e+01
-1.476928418479524829e+01 1.812945472782465828e+01
2.375956731356754759e+01 -9.731301284005224872e+00
1.739698363220358246e+01 -4.606337086776601253e-01
2.054141318682999540e+01 3.197156235867858243e+00
1.319601417526054377e+01 -4.831282893453452965e-01
2.814684810551693062e+01 4.891737201010848857e+00
2.050715057771232708e+01 -5.553133042101695338e+00
-1.634975159927731880e+01 -1.199340469348803495e+01
-1.700719537095567446e+01 1.664452649121145100e+01
-1.922759047728408532e+01 -4.194492989937798733e+00
2.410055573113631411e+01 -1.060629931948941618e+01
2.310245900419229770e+01 -7.393853498940520019e+00
2.126057014146176982e+01 -8.510268309038220735e+00
1.780119378288313214e+01 -1.247425647272794080e+01
-2.249919548696899341e+01 -8.037047390923111934e+00
-2.304950198655104288e+01 -6.891753242850763961e+00
-1.495546410399377990e+01 1.926616926054822088e+01
2.154092152549333861e+01 -9.032258450769635516e+00
2.676982694645218785e+01 -8.998918463700990245e+00
-2.358765401592151889e+01 3.940159671173059319e+00
-2.343117736776800442e+01 -1.413758822224193423e+01
1.964297133951026098e+01 -1.377996224185485552e+01
-2.171167096508002459e+01 3.158394145839156231e+00
1.717015145696319323e+01 -9.104479080557860371e+00
-2.573028756253818727e+01 -7.751220474188895260e+00
3.333636245239694773e+01 5.616146754256824636e+00
-2.145195356146615850e+01 -1.184079239784283999e+01
-2.477900734282893680e+01 -1.128779415692761567e+01
-2.012208139843593102e+01 -1.296711641368986712e+01
1.507181900619943882e+01 -1.887686569654489332e+00
-2.727882355505474621e+01 -1.913954829055366513e+00
1.924929701139193838e+01 -1.519101178536643815e+01
1.758323413788238909e+01 -1.206689031561384162e+01
-1.010634598203089318e+01 2.013699872624600928e+01
1.411739668460053920e+01 -3.701746314479152034e+00
-2.061150548336063792e+01 -8.249934966751363064e+00
-1.419333327513003695e+01 4.390570536215827602e+00
-1.302665857861419774e+01 -5.208967293618284700e+00
3.362849540009008109e+01 -4.598099186689592055e-01
-1.912533529884696648e+01 3.565252765029589543e+00
2.758786809527374828e+01 8.640573732133089990e+00
-1.888900174426746048e+01 -8.824391715172552608e+00
-1.946383457729345068e+01 -1.492044301580615695e+01
3.060009631956139131e+01 -3.607847773149805537e+00
-1.602869043244272618e+01 -4.184430756195884893e-01
-1.304341101619037779e+01 9.686447497402467022e+00
-2.761409493191367659e+01 -7.165402347986488785e+00
2.935366655146433601e+01 -1.839811911432470026e+00
-2.011418332547018650e+01 -9.880976626178293643e+00
-1.478202368681870738e+01 7.956045728409672613e+00
2.777001993009159619e+01 6.272357010150447998e+00
-2.812149412734377307e+01 -1.103108226089675803e+01
2.710771102219828776e+01 5.603514515221132974e-01
9.623537988584825342e+00 -2.317596452548979169e+00
-1.123730577513130946e+01 1.406521021031580165e+00
-2.460098851040994106e+01 -4.335039144070094608e+00
-2.291211046886002123e+01 -1.040073802815283610e+00
-1.927245848314102972e+01 1.184104307891793262e+01
-8.563818827450903726e+00 3.906979183438224368e+00
1.234317553834427983e+01 1.693134355464930962e+00
2.745611049494798195e+01 -2.384040936433780011e+00
-2.296026446265639720e+01 1.971793818129035314e+00
2.346258785608280562e+01 -5.051766277987582932e+00
-2.494928275352540581e+01 -9.596137392392150023e-01
1.909265567063838631e+01 6.190633661478289085e+00
-2.151210310764619393e+01 -2.408603600649725340e+00
3.030622047674632213e+01 -9.159974706376180720e+00
-1.061028139820808214e+01 9.284274195549754305e-01
2.337531712875834700e+01 6.577570848740974974e+00
-6.753129608282843144e+00 -3.428550356332369820e+00
2.260909122939187554e+01 -1.581335287916481036e+01
-2.048447409147770060e+01 -6.537318495880096947e+00
2.061750745975412258e+01 -1.259808709385997183e+01
-1.009032201842970622e+01 1.509031473028686854e+01
-1.237689325348621061e+01 1.899109783927589135e+01
1.723965919855733731e+01 -7.618714199353406435e+00
-2.131373466224039603e+01 -4.383023512679374178e+00
2.592059539779146604e+01 -1.368129516511973165e+01
-1.381143926971943614e+01 2.156956912349662137e+00
-2.103076211384368222e+01 -2.210220558128399571e+00
1.098688954427622555e+01 -5.510277898325460777e-01
-1.408155142297710150e+01 -6.394442556355824259e+00
-2.177722329985796534e+01 -8.435306891058399259e+00
-1.884070608577393457e+01 1.373328711715745953e+01
2.411436571325453571e+01 1.699122465115536107e+00
-1.178582178363912902e+01 1.919401843734700108e+01
3.111981232287932997e+01 4.992654519997911322e+00
-1.864254556084788916e+01 -1.257120705239121072e+01
-6.742246606350629001e+00 9.784270272545699143e+00
1.765683123251389475e+01 -4.840112386348417672e+00
2.227531651562073023e+01 2.266800168644937497e+00
-1.854666057413754743e+01 9.691097430971678861e+00
2.438280729537656910e+01 -5.916502420665597839e+00
-1.224953099236951104e+01 7.817009284485898490e+00
2.353645985747835212e+01 4.399164682635461787e+00
-3.065488624218194502e+01 -7.631982622465234734e+00
-1.599712570487403340e+01 1.377716213610563578e+01
-2.005510678834859561e+01 7.526837354752752951e+00
2.668434582383363818e+01 -3.789905082846781070e+00
-1.639643894546593472e+01 -1.478044079764304852e+00
-1.325508417722276810e+01 -7.017123683680207336e+00
-2.584568662048075893e+01 5.299587549746810566e+00
-9.455939359363613406e+00 1.728666614370437671e+01
-1.763789991440110327e+01 1.372653344907430828e+01
2.070402751510609107e+01 -2.841575205080066002e+00
2.020351676891689863e+01 -4.079474397909504724e+00
-2.405194636016713972e+01 1.737405898079146249e+00
3.217603189425960153e+01 3.101776591524083582e+00
2.982313649857768567e+01 2.904451879830835637e+00
2.902314304057498262e+01 -3.602085031347713517e+00
-1.114688954013607969e+01 7.964704065817749701e+00
-2.341308346517537586e+01 -3.554991662969744670e+00
1.494452308079788416e+01 4.354252551840631091e-01
2.751811434821240709e+01 -6.184695746745243916e+00
-1.674241729505888543e+01 4.325346884966961625e+00
-2.793174041838059551e+01 -4.782879572644530342e+00
2.535150799147274370e+01 -7.102757316867682746e+00
3.101546278910673493e+01 -6.919721352760645594e+00
-1.940905292033781038e+01 -1.117254749346934695e+00
-2.493966616346428822e+01 -1.203206605533009999e+01
2.597379193995048752e+01 3.414855568330218638e+00
2.353134456318189649e+01 -1.556862380086089903e+00
8.005548065292275695e+00 -1.987294152027221372e+00
-2.364202062090007317e+01 5.867422257288952558e-02
2.835997772864259403e+01 -1.073216360024228599e+01
2.800838669062852659e+01 -8.864469859947442743e+00
-9.263128509437327907e+00 1.389589199254726104e+01
1.948278684704159147e+01 -1.513634539453410710e+01
1.683879989752231410e+01 3.194563712805729150e+00
-1.680112719585041248e+01 5.239270420926938066e+00
3.265492456170940727e+01 -6.679081096236680004e+00
3.085058471462255980e+01 -8.512438204084556759e+00
-2.550894874228098530e+01 1.869814731708852262e+00
-1.702310045080158218e+01 2.039469293836812369e+01
-1.637894200769759578e+01 1.820358108568976174e+00
3.208944094718371076e+01 -1.058188680293421946e+01
2.173400679011552583e+01 2.070016055925441023e+00
1.550625843599560838e+01 -2.370574751955139448e+00
3.214607891585927035e+01 -3.421561111515144304e+00
-2.135525372118464915e+01 1.834519264402140593e+01
2.596868623209249449e+01 -1.520811055814592860e+00
1.640977815351197577e+01 2.769311992192115213e+00
3.107554776758677662e+01 5.799727177616058604e+00
2.114349007380503309e+01 9.370529954752106150e+00
-2.804158647257546022e+01 -1.565407669724557527e-01
2.003176028193328051e+01 6.507887029988697059e-01
3.084657539710192253e+01 6.816598021168364108e-01
-1.935843337455650470e+01 1.614381320291942856e+01
-2.823917384596212798e+01 6.413516492565900506e-01
-1.528315305139513747e+01 1.088864785269398361e+01
2.499070744461692328e+01 -2.673607208627791554e+00
-2.136616438241476601e+01 1.252445952772871252e+01
-1.902501017806682881e+01 1.966490810709299097e+01
1.486017655046273589e+01 5.090783639764326907e-01
-1.153933051805073084e+01 1.383626143389819418e+01
-2.042538085571605322e+01 1.035840466814937777e+01
2.193080710503656050e+01 -4.656186264963336763e-01
2.972911325759529078e+01 -6.274564593881578389e+00
-2.006625265827339177e+01 1.398951059118456008e+01
3.573353713509230545e+01 -5.140293409827871862e-01
-1.529679989191354217e+01 6.639368532879385221e+00
-1.470677185456288605e+01 1.574351967129027763e+01
-1.589062051772211426e+01 1.874586674202807401e+01
2.352484508983406641e+01 6.889125118768014921e+00
-1.707057015629536778e+01 -6.865123640000398098e+00
-1.637499506436337882e+01 7.548525055652467231e+00
-2.347937844669212737e+01 8.172815233891149944e+00
-2.295545646272539386e+01 -1.587838856534977516e+01
2.321279438619776769e+01 -6.280133860603968721e+00
-2.491852507720377474e+01 1.363665280004625835e+01
2.229018404857213298e+01 -1.136303170418043784e+01
-2.123820201758329063e+01 -1.446506684813108912e+01
-2.203370441647929923e+01 -1.716082466070566070e+01
-2.543059714495805324e+01 -1.010432402638791238e+01
1.809525739480890394e+01 -9.506356126498733516e+00
-2.954733140716281170e+01 -3.379911581965255873e+00
