-1.113149849669327907e+01 1.946611342960076030e+01
1.644050073746424445e+01 -7.337385066474332973e+00
2.530372158344887268e+01 -9.214739976992746051e+00
1.562113193304015546e+01 -1.513967301519483755e+01
-2.702595583252895040e+01 3.173182611968094946e+01
-9.190159597135847847e+00 -2.888564027016927582e+01
-5.160298304338022390e+00 7.566808194842085111e-01
-1.154738101755112822e+01 6.572112195526010225e+00
2.944131720730126744e+00 -2.064458628265929008e+01
-4.834095661077962625e+00 -2.671456340212578695e+01
6.933587282546077368e+00 1.503526329597902134e+01
1.759915150371540449e+00 -2.169310263054497767e+01
1.039225580637564761e+01 3.302805613745367452e+01
-3.581224641561394639e-01 1.637939221897632436e+01
1.152416850628251765e+01 -9.898929451215272568e-01
1.816413105717193233e+01 -2.203930285588367788e+00
-1.512607898426459840e+01 2.447680745610900743e+01
5.706114466536817531e+00 -2.848096306665954103e+01
-3.257521341765341472e+00 -3.032841764712578936e+01
-1.743678345266796770e+00 1.590929281025512765e+01
2.390518675245011160e+00 2.993330051847287976e+01
4.926626795307999629e+00 1.317060062219686500e+01
1.396091013291375527e+00 -2.528565417679565286e+01
2.453800212267906389e+01 -1.973076083162284888e+01
1.717605018582526100e+01 -5.720768191558093463e+00
3.232140034833133058e-01 -1.624883965618091963e+01
2.135147551181499459e+00 3.508192439580359689e+01
3.244016897940345245e+01 -1.913286076319033313e+01
-2.037214967053134984e+01 -2.114949940373802661e+01
-1.997851937739297057e+01 2.952158204302981659e+01
3.885525292456266100e-01 3.189094274704408960e+01
4.211100985238737771e+00 -1.489890301066723310e+01
2.094385172044551879e+01 -2.515967123488104917e+01
2.928120827224798006e+01 -2.964465900487289929e+01
5.688872660477950483e+00 -5.460513663973805443e+00
-5.151378774249581127e+00 1.535233842343932764e+01
-1.330252064700728276e+01 1.242702934542752757e+01
5.675262870674245841e-01 -3.245223544941921290e+01
2.170581301501419702e+01 -1.689768010394153208e+01
-1.040599631555421745e+01 2.465673055385357770e+01
2.317284803400978177e+01 -3.733484778834973650e+00
-1.867622568987114562e+01 -1.444675423052529339e+01
-1.618212895641343607e+01 -3.055210280715697024e+01
2.758825798879458446e+00 -9.609267543010798107e+00
1.947336787280972814e+01 -3.206190899479832268e+01
1.116275905304220384e+00 -7.732041483177663821e+00
6.379679105943712791e+00 4.026330936620112766e+01
5.270741824228072581e+00 -3.278557816689059479e+01
1.190182428768622236e+00 2.259257784589031459e+01
6.105830213502316361e+00 1.140406123813311723e+01
1.124940323454084279e+01 3.510721405230763992e+01
7.846774245519047675e+00 3.143618286644096571e+01
2.883563076311981721e+00 -3.178681359678399332e+01
-3.217365499729393452e+00 4.086763130654593112e+01
4.051502039322418369e+00 -3.565885789311990806e+01
5.361865901023468162e+00 -3.592374068276340893e+01
8.812660526858826060e+00 -2.229507722685873006e+01
1.195361535887299453e+01 -3.044795211895053910e+01
-4.039668548183108499e+00 3.256072745270515156e+01
6.570764667877349474e+00 3.544148724833227249e+01
1.095465759282958018e+01 -3.347215093631323413e+01
1.337648897000276982e+01 -1.723263417750704818e+01
-6.224840040322859203e+00 -2.602996984306897232e+01
-1.070402316557854050e+01 2.712818316161013499e+01
1.571804738759333908e+00 1.184742205035115603e+01
1.382213857527562340e+01 -5.103784700135081565e+00
-1.294713981970309113e+01 -1.792851509593890924e+01
-1.383240252238933765e+00 -1.944001775540521137e+01
2.552512925447621228e+01 -1.694495705137926933e+01
-9.569353541578019318e+00 3.180915510174382987e+01
2.377182359631290254e+01 -2.209675549922385240e+00
1.231467812669519013e+01 -2.062923547177382844e+01
2.035895151441184581e+01 -1.580539880980682099e+01
1.737635871809759180e+01 -1.581413574637844022e+01
-6.491381253166741416e+00 3.658837918240907072e+01
2.892400296909609381e+01 -1.278107432250973474e+01
1.681608633678865772e+01 -2.022070134366506267e+01
1.076630661975300463e+01 -2.439853214344075738e+01
-6.552422352821761997e+00 3.379858907699271953e+01
1.241572406439119591e+00 3.118590470631294664e+01
-1.217840717665020911e+01 3.913401360210634294e+01
1.433472263902076627e+01 2.713379176394364833e+01
5.551371963362746742e-01 -1.796217824615265357e+01
-1.179405484365311985e+01 -3.256896259686600104e+01
1.595214356861869298e+01 -2.732335975355378466e+01
-4.425709107812264342e+00 4.158304499087439154e+00
-1.678068778165654606e+01 3.485491874176897653e+01
2.382594812502952308e+01 -9.199514774941818018e+00
-2.424405004750451731e+00 2.599716199571012609e+01
-1.005236446052027155e+01 3.735431164444235463e+01
7.617941096347782270e+00 3.648192009254389490e+01
1.138078201123683719e+01 -1.086606040160357622e+01
2.919769413719853901e+01 -1.675522996819120536e+01
-2.846927603727973377e+01 2.123215520714149918e+01
-1.559655266526255346e+01 -1.673289318015928373e+01
-2.710272643173733798e+01 3.124632869027958648e+01
-9.903988834801754848e+00 -1.207845365832807616e+01
-1.817927079807836321e+01 -2.163740961629264703e+01
-1.288287293214231610e+01 -2.123846442305480053e+01
-2.039636627949295899e+01 2.781926443064213927e+01
-1.221216002129670741e+01 3.602763884659145077e+01
-1.739443468287528205e+01 1.857305820638082494e+01
-1.566492138514388088e+01 -1.117747833261051582e+01
-3.640814100526679198e+00 -2.407395642375005806e+01
1.839641279599321555e+00 -3.054544046727743734e+01
-1.049487388460551607e+01 -3.218620326924118302e+01
1.551807684423867961e+01 -1.730796285877290330e+01
2.146005666321740790e+01 -2.260474711122061109e+01
-1.084215616765308177e+01 -2.545829407233977548e+01
-1.291774015571746581e+01 2.507898746093023945e+01
5.671291818919288907e+00 2.240368947298955149e+01
-1.121827620509290035e+01 -1.521328007153233131e+01
-9.541078393760092924e-01 2.957563180818209858e+01
-7.101994318017270658e+00 -1.044710905487860497e+00
1.880736297611301922e+01 -3.672752021556852497e+01
2.583317302034863161e+01 -1.193383258429069471e+01
-2.476817471707438401e+01 2.505553679844349091e+01
-1.022978493690214208e+01 -2.216868776717170775e+01
1.926529244412480324e+01 -1.952156622371153460e+01
-9.878143217593340353e+00 2.236515827770589837e+01
-5.786502152335469162e+00 -2.235995563275405118e+01
-1.032707133250973719e+01 1.211653641612549492e+01
-7.936827261388478938e+00 1.879442923362546125e+01
2.805001316186414684e+00 1.160205295908896872e+01
2.701982617778000861e+00 2.439304358521243898e+01
-1.559957755567364579e+01 2.828159785281414074e+01
-1.083371882378125761e+01 -2.690146045812227271e+01
1.346878289899399661e+01 -7.610898567674006188e+00
-1.792251539575550368e+01 1.348920203512482274e+01
-6.216057668777630774e+00 -3.786758184747355926e+01
-6.158481601293355201e-01 -2.965507471741133827e+01
-1.882602023251672696e+00 2.107192448224565240e+01
-6.624987958869045457e+00 1.926914041878344364e+01
2.055303204938958572e+01 -7.087539792727254095e+00
-8.085714438831702822e+00 -1.946709043011614781e+01
-2.113587649167489602e+01 2.004409852780228363e+01
-7.894422765425131772e+00 2.986514245561968295e+01
-2.188672886376160420e+01 2.220458225651842099e+01
-2.645638218832851507e+01 1.753758932534571713e+01
-8.429433601812339916e+00 -2.612857964732931038e+01
-1.277328612783123374e+00 -2.217124129720196279e+01
-1.226126196397294699e+01 5.167542795252951571e+00
-2.070695007565464429e+00 -1.542611838822844561e+01
1.818228108937528020e+01 -2.280000209988491733e+01
-2.757317100453895620e+01 2.155804055823915277e+01
-1.189225839703991205e+01 -1.689064038252882938e+01
-1.253002743378892170e+00 3.216836563468692844e+01
5.784979488963132077e+00 3.437271510294414156e+01
-1.225797737418941757e+01 -2.037572270024888965e+01
-1.349637862014249912e+01 -1.205015840316050557e+01
-2.350885055350725850e+01 1.674420205898990943e+01
-5.204485501875417697e-01 -1.353234328231772565e+01
-1.355658021938302937e+01 8.453309505094534160e+00
-6.669217584406869292e+00 4.602939854790862739e+01
-9.758523580815658960e+00 2.156528388188135636e+01
1.125777784901327294e+01 -5.696054604686294986e+00
-1.451596373147684993e+01 -2.654512980810462963e+01
-1.354964127514160621e+00 2.841545190735909188e+01
-2.303172875555555166e+01 1.419020222375880280e+01
-1.772296909620888172e+01 -2.491801220076799339e+01
-1.690205475962723725e+01 -1.746906888477221287e+01
4.874388757514440229e+00 -1.874172838760930304e+01
-1.238277070731770735e+01 1.532530945674017531e+01
-2.345733678256141275e+01 1.930564481400451271e+01
3.656628149786987247e+00 -1.580729895711193933e+01
1.824098700653753014e+00 -2.045036840290343633e-02
-5.917260814919321987e+00 -3.503583291757126261e+01
-3.936601320836800699e+00 -1.602712340880006536e+01
-1.643147452311189127e+01 1.324668686693378561e+01
2.052626518594238547e+01 -1.797194492755230399e+01
-1.238532558422564378e+01 1.679381258449304326e+01
7.040604589923278311e+00 -4.143732351002211267e+00
1.492958086128965967e-01 2.740420143336623582e+01
-7.739834453539105930e+00 -8.857206593497398472e+00
-2.186871614334287273e+01 1.707365297257457470e+01
-1.117705384128888646e+01 1.698806297552833655e+01
2.551871752679389616e+01 -2.280336734320413683e+01
-1.215091397063355672e+01 -2.237027139580777657e+01
1.484101306334664727e+01 -2.539596650523645494e+01
-1.525063280989652981e+01 1.453960892498471935e+01
8.105895923574664153e+00 -2.671056044093454318e+01
-1.781176778579661280e+00 3.593034528373141256e+01
-2.050621872807418811e+01 9.912567640339915442e+00
2.234957613947735844e+00 -1.085603364229375956e+01
-5.023755149943079701e+00 2.149578711242082107e+01
5.250565361553924504e+00 -2.468136556068388643e+01
1.486202893154951887e+01 2.616506690463237028e+00
-1.720330247841065585e+01 -2.077952321380427136e+01
2.376157222365728927e+01 -2.479177790191181430e+01
-5.397683059028921981e+00 -1.589250492538551285e+01
-9.599456972711530867e+00 -1.907429498237739551e+01
-4.016497729715107212e+00 1.006783848153923344e+01
-3.585405092773197300e+00 2.498068085158610074e+01
1.102453099446237594e+01 -1.418928235423826578e+01
-1.468575448149192653e+01 -3.068529313313044682e+01
1.432552852857896575e+01 -1.876409307982224561e+01
-6.187509137826772587e+00 -2.942207297886270112e+01
-2.052478618415735312e+01 3.825324349186453077e+01
-1.813440499268750372e+01 2.185409635437558507e+01
-9.793167374801662106e+00 -1.294999715752560121e+01
2.165287742952893169e+01 -3.151845447763456320e+01
-7.605284324400593654e+00 8.166532173959161867e+00
1.178316997470959038e+01 -2.364887693460658369e+01
8.255050969390303806e+00 2.458073754764237151e+01
3.846270562216720368e+00 -5.927634383420725683e-01
5.942675380910340088e+00 -1.951289930962552432e+01
-2.073164718489647029e+01 1.496013261581334675e+01
2.828465265883968627e+01 -1.850645210450999656e+01
-2.456964059908341103e+00 -2.440854354691299299e+00
3.344104216702271426e+00 -3.749363285656080080e+01
-1.424624964667268578e+01 -3.296058294994371352e+01
2.432088242995873006e+00 -2.956412675888316954e+01
8.184197723091111598e+00 -5.411287188324825692e+00
2.490089892688209261e+01 -2.752996200665484139e+01
6.961331755353183937e+00 -2.885919453274816959e+01
1.577283171373399462e+01 -2.292241323560083188e+01
-3.749371411378584540e+00 -2.201278713062650549e+00
-1.901361407595787867e+01 1.737743500470348224e+01
-2.032901823597496005e+01 3.051849695428314391e+01
-1.822261685899760675e+00 -3.314642726585969257e+01
5.696653415547266341e+00 -3.258162798792306347e+01
-1.673408580565508430e+01 1.132142484906140822e+01
-3.984209825298949070e+00 2.318787195453896111e+00
2.423323142350029258e+01 -2.018574137753639874e+01
-6.733740042712582863e+00 3.785216399789908337e+01
-1.361422047205727992e+01 -8.627929320679193381e+00
-1.324887731253865475e+01 3.496343896663205442e+01
-1.794350689018336498e+00 2.380001365608812591e+01
-2.598468274338454176e+00 1.064949237427419870e+00
-1.401342031507023478e+01 2.503376111412556781e+01
-8.918310200283698919e+00 3.411590713860319113e+01
9.682655275337902268e+00 -3.058113431313373454e+01
-1.122760840996467024e+01 7.572441695622510238e+00
-1.638946880932675043e+01 4.307349930939704308e+01
-1.432241282409829353e+01 3.748579760482804613e+00
-1.550023924477313564e+01 1.984262057810542146e+01
-1.643873098800840893e+01 -1.989311810879593878e+01
-2.551290938450683043e+01 2.459896178177074688e+01
-4.474630906904754291e+00 -2.802330524303569348e+01
-1.182794228697815164e+01 2.116434646337928882e+01
7.828810389575180828e+00 -2.348516620619461293e+01
1.937405824776785579e+01 -2.519774835632404475e+01
1.487454510422971765e+01 -1.060982685908675904e+01
3.057628624133313711e+00 2.271968135807840383e+01
1.433549633531840506e+01 -2.539907510700464144e+01
-7.678706540031713601e+00 -3.736492620437807943e+01
-2.159803785529934572e+01 2.122398738211325053e+01
-2.159775139294268342e+01 1.612049833452231340e+01
-2.301189572298011132e+00 -1.908022062684088027e+01
-1.732012206161533729e+00 4.583633669582570036e+01
-1.774421285671056836e+01 2.555613590621970843e+01
1.252167945546377403e+01 -2.815391875160613822e+01
-1.310897529893485292e+01 -1.140526413903091552e+01
-6.095614443490420697e+00 1.411645863404856271e+01
-5.308918417379215882e+00 4.241453441549838743e+01
-2.175919909542472652e+01 -2.565189790681103688e+01
-1.480551865495900721e+01 -2.750722408274512176e+01
3.233464516288587731e+01 -1.646316086098324050e+01
-1.053933631563432805e+01 4.268265769156668910e+01
1.611420932841453713e+00 3.615319597743817326e+01
-6.371824472157090469e+00 -7.313256245192768290e+00
3.172748318652826427e+01 -2.467518670306060002e+01
1.341561102686235429e+01 -1.371279827397665585e+01
-4.474446047104151170e+00 9.347605968544574040e+00
1.217325645737797335e-01 -2.147406994481986686e+01
3.464587675913995746e+00 3.253133583665810846e+01
7.533730472276910284e+00 2.794898192814729043e+01
-9.182475719099267408e+00 -2.638083992067238270e+01
-4.865921115198489133e+00 -1.177041717951780697e+00
-2.004638698107078909e+01 -1.832026283474037598e+01
6.192503949365109506e+00 1.876039661536377423e+01
3.097735293383293786e+00 2.139677448860096121e+01
9.880038993140493275e+00 -1.811956333080921411e+01
-6.802327059451451774e+00 2.453040230748649719e+01
-3.136211720780723411e+00 -2.573530032514992882e+01
1.835685939869088656e+01 -1.661949509219452992e+01
-5.801863213509993678e+00 2.062290214379931541e+01
5.030978019094273002e+00 -2.354153738253551609e+01
1.393549011386472714e+01 -9.309011992391308610e+00
1.371007666170146599e+01 -3.742034370768266172e+01
-1.123697412694314579e+01 3.839030098611264208e+01
-2.042674710536605431e+00 -4.078791940129680427e+01
2.667824449019552802e+01 -2.472616112277922085e+01
-1.219507806372244829e+01 3.053559290907899282e+01
5.816542173649764003e+00 -1.116541358843902643e+01
6.417373872008362845e-01 -2.453670876600475026e+01
-6.933831252790867872e+00 2.729750994490916227e+01
2.910596779998387618e+01 -1.217442580101253924e+01
-2.163439419948184561e+00 -2.609156266837893412e+01
1.881348941525724072e+01 -9.030681394682961383e+00
-7.466327299511267945e+00 4.306006936873719582e+01
1.040110849415287042e+01 -3.487779082808968667e+01
4.475309575236173565e+00 1.899166844918787334e+01
2.635254362371382442e+01 -1.889968667470781938e+01
2.130486707409984959e+01 -2.108334728897593635e+01
-4.606642739957325539e+00 -1.140911848926582195e+01
-3.852149925112352324e+00 2.770008697170743517e+01
-8.530535507431894260e+00 4.081199587056320155e+01
-1.144942265133182957e+01 4.242946033066367306e+01
5.980995852098951460e+00 2.757674116167980927e+01
-4.953458189157399771e-01 3.892675009457860114e+01
2.311094056603115732e+01 -1.263559343405038859e+01
8.211406523958222903e-02 -3.655449234448548879e+01
7.350195807693171712e-01 7.156594599744426688e+00
-1.595554997413323051e+01 2.118453615992099870e+01
1.058075594837072808e+00 3.322979906512964021e+01
1.797110719635719533e+01 -2.941441533504123029e+01
-2.200144014920526914e+01 -1.798598861218670564e+01
-2.135925318253491767e+01 3.543105212379712299e+01
-6.769202054231483245e+00 3.273501659264194075e+01
3.739252172420551634e+00 -1.799970041992204983e+01
-1.130198185224216090e+01 3.094897079273680163e+01
2.200000795194030090e+01 -1.212221070839244064e+01
-6.760837223090072179e+00 3.161965127175140822e+01
1.425527047696802896e+01 -3.215134210302650075e+01
-5.133970271625521775e+00 -1.943534374200609349e+01
-6.206553155753430140e+00 2.606143620235868852e+01
9.935544700330611434e+00 3.412118888814924844e+01
8.628028905188562803e+00 2.004303644199021051e+01
-1.091254697972807186e+01 2.517932771423064153e+01
4.568163860846505275e-01 8.331572783262256365e+00
-1.418878101544602366e+01 1.743252877675995194e+01
-6.550079835441446008e+00 -1.207481607202223373e+01
-2.981672018104600586e+00 3.574219463929774321e+01
6.157781879266343239e+00 2.961635886262702044e+01
-1.429350536034040076e+01 1.923473479731477553e+01
-8.646294045255215721e+00 1.507305896442517223e+01
2.411970573720141786e+01 -1.390592028066329178e+01
-1.889754064316031901e+01 2.640849253209866276e+01
-3.586210007349105222e+00 1.202284088261222195e+01
-7.626958664154130929e-01 -2.718000967579403593e+01
-1.517913415403844724e+01 3.860066126194793412e+01
-2.511003757481107712e+00 4.452480687928549230e+01
2.913017275045999099e+01 -2.188458271043428027e+01
1.299924392095036652e+01 -1.569003177661485893e+01
2.495010791089155688e+00 -2.648599980725445846e+01
2.424537227294440811e+01 -1.516938152091526959e+01
8.227754550435351533e+00 -4.095070339878926546e+01
-1.825196040051765056e+00 -1.400290617520010272e+01
-2.270183167444096384e+01 2.879458494762669218e+01
9.406283907317082082e+00 2.416738685326805580e+01
6.412719256886850516e+00 -3.071645109652385575e+00
-1.001343614995195885e+01 3.850533607444061346e+01
2.861124984090978263e+00 1.739028538538817514e+01
2.991600740352487353e+00 4.290705119610002782e+01
1.966424032172141123e+00 -9.109295876789285984e+00
-1.294260083389253246e+01 4.360103076510831954e+01
1.985771632594536129e+01 -2.664926425347635686e+01
-3.818928066331043425e+00 2.993355109438992301e+01
2.742251833132708150e+00 1.523463990688821568e+01
-2.411443346874062144e+00 -1.152165678642537117e+01
2.767858510572663633e+00 -1.287297005805412908e+01
5.560121896368215744e+00 2.636497802053635553e+01
5.213596843039195683e+00 1.460419334139492875e+01
2.883218531453170197e+00 -2.248772443630206652e+01
-6.690750497467818469e+00 -2.262555040425171171e+01
2.049354284348285660e+01 -2.836269171472933337e+01
-1.013313213123993961e+01 8.985356267479154724e+00
5.225644772846525399e+00 3.765440715353184942e+01
1.938473883076071758e+01 -9.545357926820098982e+00
1.869974278343249097e+01 -1.215483480218768264e+01
7.215361416062089361e+00 -1.624321252258278747e+01
2.423999905670985200e+01 -3.993748880548142921e+00
3.221986194966875772e+00 1.995745283996701502e+01
-7.418945063176227706e+00 1.141655511075216722e+01
1.454195115471616795e+01 2.710849780137117193e+01
1.955445091679656500e+01 -1.307801223318146810e+01
1.640510884089379928e+01 -1.354055147618736044e+01
-1.090828101257494076e+01 -9.481423173736972521e-01
1.846989197568937158e+01 -1.785746607748573567e+01
1.843057316598256890e+01 -3.771464256185698360e+01
-6.015448981790426863e+00 1.803056446175300209e+01
4.184381002007828698e+00 2.770253542609478714e+01
1.276543915668173668e+01 -3.109985094584893517e+01
-4.438389798273562614e-01 1.990857883601948330e+01
1.253077095735346447e+01 -7.467534333634632482e+00
-1.703700776114979831e+01 4.222968351156225708e+01
3.862068169810808804e+00 3.844716177956825476e+01
-1.895842053236549418e+01 -2.942906451589674788e+01
3.122841154798615548e+01 -1.713373873608686537e+01
2.907616160849581277e+01 -1.481739047158789901e+01
1.088806662761394373e+00 2.569241043747344477e+01
1.418458710588331728e-01 1.213912012541745611e+01
-7.450710286079085698e+00 -1.648314625416617574e+01
3.188464370701953854e+01 -1.119996519958522541e+01
-5.107804478151336092e+00 3.834176553927581921e+01
-4.052908751310781987e+00 4.103418969734988764e+01
-8.431658870455958521e+00 -1.534856803774139422e+01
9.229668851596512624e+00 -1.910639584603260133e+01
2.968428827647575119e+01 -7.732127511264565101e+00
2.220022857189826127e+01 -1.840354100950147043e+01
9.029403238064213966e+00 -8.110212393537672426e+00
-1.689198420381826082e+01 -2.397827158717502627e+01
-1.605942174925845478e+01 3.186923135821311703e+01
-2.077480386085139941e+01 3.744284433705433202e+01
2.723672291284849223e+01 -2.979032939447732531e+01
-8.897007474961732498e+00 1.637255449855211253e+01
-2.146357774622063896e+00 -1.673488499146164088e+01
-1.625884509346132134e+01 -1.483548072462681233e+01
8.352541511560691134e+00 -1.306185975182219039e+01
-1.483555712278959859e+01 -2.315814099158578543e+01
7.180550225682383214e+00 1.004881063819279063e+01
-4.704264318785277510e+00 -3.450566153502524003e+01
-2.638195962592325827e+01 2.344449061884454366e+01
1.199096102781492945e+01 -1.795432046922893221e+01
6.992603830826260136e+00 -2.703679166796567301e+01
-1.433881758581731347e+01 -1.724595079133845843e+01
-1.409763865208002187e+01 -1.995263416156973335e+01
