9.938394867624770868e+00 -9.549804117608914567e+00
-1.775768163603844840e+01 3.817386286631158310e+00
9.707688003775711394e+00 2.408069289402179347e+00
9.603871749087092624e+00 -7.400585886609284181e+00
1.239118085877061226e+01 -5.968875676508812456e-01
1.266040435286345911e+01 -2.523691404732330668e+00
1.008836920265495074e+01 -6.972072835192264506e+00
1.045316289002277799e+01 7.507452312871526479e-01
1.111790276733222704e+01 -5.885234732139423386e+00
1.166737719282216545e+01 -6.925104165314223792e+00
-1.327184175344643258e+01 1.798571079942557605e+00
7.873943869367546533e+00 2.853634701527850703e-01
1.235436331283678513e+01 -4.393063440479350490e+00
1.175994260672184843e+01 -2.817890032054464644e+00
9.993892937310969060e+00 -5.478038131350554174e+00
-1.529498929125157325e+01 2.229199936841186336e+00
-1.219649160702907231e+01 1.839866859538476618e+00
1.159439903229166546e+01 7.435574314945695429e-01
1.056984926181327111e+01 -1.075864809470738770e+01
-1.715224412225398609e+01 3.033330899486475385e+00
1.113532369192895999e+01 2.433962658131846979e+00
1.163264425706086058e+01 1.778799339905936083e+00
8.231098049872333178e+00 -7.147634970866993065e+00
7.929385106565446151e+00 -9.589054929274524852e+00
1.199086522588370762e+01 3.720385543080891644e+00
9.810939786499567106e+00 4.961973414662750770e+00
1.235132302811829064e+01 4.444339878053022552e+00
-1.950973541236216491e+01 5.096351733672935147e+00
-1.724886851369559793e+01 4.309319984526651659e+00
-1.301098809146592927e+01 2.930770006709521258e+00
-1.759789883353775153e+01 4.807328500908313096e+00
-1.792711549644799263e+01 5.653905280083364460e+00
1.088633707373431925e+01 3.515646852544258127e+00
1.198970351464695661e+01 2.545834988615502503e+00
-1.838985294508902157e+01 4.403795898913672957e+00
1.102077956952274818e+01 5.638690629391526876e+00
1.265547027655843415e+01 -1.800937767552680091e+00
-1.290755697430638094e+01 6.228108238921716833e+00
1.130283624985214885e+01 4.425956849251417857e+00
-1.144292424389903928e+01 2.165072410180168383e+00
1.299053489936054007e+01 3.701926589712054572e+00
-1.888569999647992859e+01 6.010288235365751852e+00
-1.870114929934283410e+01 7.045139604065156824e+00
7.951557371977658661e+00 -8.119273797126085768e+00
9.021077500578382313e+00 1.696619085909945257e+00
1.227772479208004164e+01 3.754116011746757575e+00
1.181504020306632263e+01 -5.855533773651864671e+00
8.800153481041041559e+00 -6.011700807234569233e+00
1.126103765815398106e+01 -2.067516060583986626e+00
1.324998257922167966e+01 8.073611574926741197e-01
-1.689638568219266546e+01 1.845169069740458134e+00
1.375522855800782551e+01 -2.788273921762225438e+00
-1.451884438408491995e+01 7.197637919482779090e+00
-1.384379269147334846e+01 9.570631235001124670e-01
1.441870379084152809e+01 2.771985850831681031e+00
9.273448101348440886e+00 -9.096553264616570544e+00
1.148271837787354066e+01 -1.091635436454430774e+01
1.331848490028821530e+01 1.754102502222631532e+00
-2.006543882184553240e+01 4.523193584720624827e+00
1.116295665445180063e+01 3.828635729792144282e+00
1.016620096396766826e+01 -8.020649765560836641e+00
-1.647507753900030991e+01 4.018329480853493507e+00
-1.306284453176695948e+01 3.327173929877185632e+00
9.316510879238578013e+00 -4.550044090610372294e+00
-1.879805774732671608e+01 3.405730203786239141e+00
-1.524127785288628978e+01 7.262962684047750805e+00
1.083552504434577379e+01 -5.023436786096792339e+00
9.779410724358838181e+00 -3.107071504259065975e+00
1.124829941612883033e+01 -8.011047112119481284e+00
-1.609764365880491255e+01 5.096099292077263421e+00
-1.549812145412826148e+01 4.414372388925865032e+00
1.114130437918798755e+01 -9.845681917137184769e+00
1.129945915788895938e+01 -3.042760695367219270e+00
-1.109001909619174420e+01 1.915037643758878527e+00
-1.990859688498408531e+01 3.130673677690678058e+00
1.063213837658024552e+01 -3.442338893234662578e+00
-1.895341481084612312e+01 3.353548731828527529e+00
1.213520660734437584e+01 -7.325847675990369012e-01
-1.860999778655495973e+01 1.680719833412002151e+00
9.736490753666927844e+00 -4.434787631324638824e+00
-1.744746496169861061e+01 1.171457283890039447e+00
-1.684806802567207740e+01 1.085057816378961926e+00
-1.658714176113480576e+01 3.911452726562913984e+00
-1.557995755796584803e+01 3.193917402279057960e+00
-1.199616582399278464e+01 3.653187330286479018e+00
-1.209356666882608522e+01 1.047110297329413520e+00
-1.624547025037701431e+01 6.669120467764011018e+00
1.156405977052969369e+01 -1.225951350214402158e+00
-1.399971513010091151e+01 2.844384820971402661e+00
-1.414606029931235831e+01 5.450919731766178167e+00
-1.461494783108679840e+01 3.652419804493064248e+00
9.062338832129324118e+00 -1.061213241076062275e+01
9.358284356496859857e+00 -8.862682332553445619e+00
-1.215924555671040430e+01 3.895776739498661989e+00
-1.396417513497756957e+01 5.919708603124062662e+00
9.916174774256063529e+00 -8.382603161627736554e+00
1.082299646172350016e+01 -1.076170589034395420e+01
-1.479254191110841354e+01 7.351983447303169328e+00
1.241773035108301748e+01 1.692501188976892612e+00
1.243338901156261400e+01 -4.200337610956917267e+00
1.189133580645759025e+01 1.029034284272281941e+00
1.358211880091920243e+01 -1.082580983248004891e+00
