2.353727591729998458e+00 1.283314641154410962e+00
2.388760796834552558e+00 -6.563766426644800367e-01
1.643345546577645866e+00 4.375213088581957344e-01
-1.890466944775439861e+00 1.454785029360868565e-01
1.738817886345585872e+00 -1.290923017994212441e-01
-3.102398625962782042e+00 -3.322486023775813591e-01
1.677909281008473918e+00 1.061713215372140695e+00
1.946727008829785222e+00 -6.724557138749491791e-01
2.173254775666879191e+00 1.205221428311790355e+00
-2.285541036318247787e+00 -5.391098640641625028e-01
-2.312231635956005782e+00 5.632772710490488999e-01
1.851205450811450826e+00 1.434955504960117700e+00
1.501069161802110585e+00 1.187886958609792210e+00
1.665845921090729043e+00 1.338093246302488604e+00
-1.377290613912996120e+00 -5.332848588555207936e-01
2.159940842981312947e+00 1.168888356472965739e+00
2.058007435649440442e+00 -3.376101598798940118e-01
1.195538728664081951e+00 2.914379607696402363e-01
-3.631564752933573281e+00 3.943108254351481712e-01
-1.223324969086303060e+00 -1.578773315425047730e-01
2.163643889412947718e+00 -1.522877494183879188e+00
-2.240089791363732097e+00 -1.120920803102381402e+00
-2.252800746379972185e+00 -3.304044175090787849e-01
2.765722505766398331e+00 -1.521893605581123021e-01
-2.933737633428537883e+00 -1.052384397013403250e+00
2.541849270000614336e+00 3.146493641631149529e-01
-2.878597093555113506e+00 -2.034680854942337302e-01
-2.457893684882585195e+00 2.448087199507917311e-01
-3.057222927823350922e+00 -1.070729348040950102e+00
2.478844386067014405e+00 7.727018603357990734e-02
-2.223958681429073270e+00 -4.445721934718130930e-01
2.159908722329438646e+00 -9.817026610566343958e-01
-2.767453710952515689e+00 3.399394517702064578e-01
2.160091034996977744e+00 -1.544203587774760855e+00
-3.675643974306478157e+00 4.595499043534158057e-01
1.686006586501265891e+00 -1.668090232391745420e-01
