-3.333753750137302632e+02 -4.183957538727127599e+02
2.060532639507733847e+02 -5.117486919279599533e+02
-6.880706213653415659e+01 -4.870582107427152891e+02
9.717757193671186400e+00 -9.840451003982106215e+01
-1.793811544692099744e+02 4.553961911731601617e+02
-4.321568582157952960e+02 -1.769511823886980153e+02
8.050294218737955987e+01 5.464034036153723264e+02
4.862513793253893937e+02 -6.904565098121058497e+01
3.740379618730773927e+02 -3.005031898708087397e+02
2.129422459864112795e+02 1.357708235467537747e+02
2.368776040731694934e+02 -8.266425135261930279e+01
-2.247910456741260248e+02 -2.668127880283237729e+01
3.557807714046036551e+01 3.069509709896483400e+02
-4.616524768753814101e+02 7.163369729212428183e+01
2.946598341217186885e+02 3.801911378540103215e+02
-2.092444995984382956e+02 2.019968662638613353e+02
4.584656452137714950e+02 1.812820927139619300e+02
-4.213234642180253786e+02 3.296031635221738725e+02
-1.210579174345532572e+01 9.879229871594088763e+01
-1.565961761028894443e+02 -2.461735715208868100e+02
1.043471929817632571e+02 -2.903943541867424756e+02
