7.918090824542341366e+00 -1.971243418236590372e+01
-7.839399784698863449e+00 1.717524339687392709e+00
1.902632144662457847e+01 -2.541140329062117686e+01
-1.182532429601508284e+01 2.088691674769151518e+01
-1.277835213546568660e+01 8.341651556147338553e+00
-1.061224936965040122e+01 1.874197936537485987e+01
2.582906270260843939e+01 -9.453089046764919345e+00
-1.329000960330858661e+01 6.824882395660663015e+00
1.273033151837320709e+01 4.097270453959974468e+00
9.363058038348761603e-01 -1.915068119978447170e+00
-1.486898746780678593e+01 -5.256164817973831838e+00
-6.806606602702634845e+00 2.242800228061418366e+01
2.530679223965106583e+00 7.508750621276633730e+00
6.566306628605740769e+00 -1.462078229253122252e+01
7.908906401403834607e+00 -3.273065016030319629e+00
-8.089585068038308791e+00 -6.440907381876835203e+00
5.528896976628513427e-01 4.975420531198436080e+00
-9.249133329749843924e+00 1.374448108092019716e+01
-5.389381646172286544e+00 -4.047704313594342906e+00
-1.203644860951899531e+01 2.702622822723859031e+01
2.027686300271206576e+01 -1.383493993569397773e+01
-1.644147230026678130e+01 -9.489140618947961014e-01
6.931015848148713854e-01 1.030061907947156108e+01
-3.694538128304664770e+00 1.903628536067337507e+01
1.563005989692264919e+01 -9.961713543608158972e+00
4.421603230799403761e+00 -1.723437461430830098e+01
-1.423782352513718585e+01 9.612502488181263516e+00
1.212264053592400437e+01 -1.103121965163756535e+01
-1.639997967134729251e+01 2.440929985074815534e+01
5.434646017008217811e+00 8.030180937476577796e+00
1.383008338365607770e+01 1.654973029734263745e+00
-4.251201344691447837e+00 1.021810161041136134e+01
7.795724571560336713e+00 -1.283697373280679122e+00
3.544653985918463590e+00 -9.901945994730219525e+00
-1.009445099052400963e+01 -1.378734250351101664e+01
1.138222980195033074e+01 -5.217135020210894147e+00
-5.171569058953658704e+00 8.848162029554453412e+00
-4.686248314352382316e+00 1.161356792102841773e+01
-3.012227471465006357e+00 1.512549751287395416e+01
1.769893231484737584e+01 -2.106410047241594441e+01
9.359193501368791246e+00 -7.423527653905422241e+00
2.510481160071615037e+01 -1.753096586875950713e+00
1.890820134814000397e+01 -6.801785621928345904e+00
-1.893410056985045387e+01 6.579210737376141260e+00
-1.079484393873660153e+01 1.132915669277334914e+01
-7.409463401084831702e+00 -1.614598638864612523e+00
1.577765505095259257e+01 -1.470050798866607700e+01
-2.638017993650512594e+00 7.394927117959260165e+00
-9.444030150430387849e+00 -2.655631784224207759e-01
2.007391927972826196e+01 -8.072187229536220698e+00
2.024745149912751430e+01 -1.226344653771681159e+01
1.547991446499980128e+01 1.298018765452320755e+00
-1.123179715785575539e+01 1.259172732225752966e+01
-7.897194847244427329e+00 1.898749263663095377e+01
-9.670868350868413899e+00 5.901180602876058501e+00
1.805892088647545535e+01 -1.755784731389913134e+01
-4.090854264653641437e+00 2.480699077759810911e-01
1.789522989537057995e+01 -1.363212018719738516e+00
1.898622519127151520e+01 2.309353618892501459e+00
-1.954735433647286413e+00 1.263621159062696719e+01
-8.568770249013617502e+00 -2.650698529235342438e+00
2.203522653707136669e+01 -2.229644994106322997e+01
-2.473492215003699357e+01 1.998458522316052210e+01
-1.674244474807104055e+01 1.722483239612552097e+01
2.154441640177651607e+01 -7.360593831554762545e+00
-3.544193661178532295e+00 2.416812411809043937e+01
-1.750192354274213358e+01 1.993008511527854409e+01
-1.998717096091093381e+01 1.146731091172230599e+01
-7.426007358096581079e+00 1.854885831980394073e+01
-1.082094160739310951e+01 -6.484620068845057261e-01
-6.994195792603867368e+00 6.693499676763515538e+00
-1.388534164673153803e+01 1.917094838270917734e+01
2.972443093644389478e+01 -1.575376160237039436e+01
2.131899605849623214e+01 -3.309174673515891119e+00
-1.361617079283270826e+01 1.244363729362954274e+01
-3.655111936180159393e+00 -4.329206274835343926e+00
-2.300395754828885586e+00 2.040337835847011227e+00
6.092531563389169236e+00 -2.179076440835358142e+01
-2.187977303781776328e+01 2.564926949001402079e+01
-1.298474924675594799e+01 4.152394967679955862e+00
1.219122553964038680e+01 -1.012403541208491298e+01
8.010455715070753158e+00 -1.222458191056785992e+01
9.478154603653301535e+00 -1.364919268269578367e+01
6.438806854794968393e-01 -9.261724009921165290e+00
8.878563853413004026e+00 -2.211314774437319830e+00
2.451276583176138857e+01 -1.803761156889048323e+01
-1.274195321463692210e+01 1.977375037879897235e+01
-1.687555027158433063e+01 6.768441299136140010e+00
1.005702983284060492e+00 5.946556260929834359e+00
1.185860707041675077e+01 -1.574575384718965765e+01
2.280572418319921724e+01 -1.525078644390567817e+01
2.570719434407752857e+01 -6.999258844353837716e+00
8.258093116929229538e+00 -1.536387003377127769e+01
-2.234566466131587248e+01 1.621825527372715570e+01
-8.212855261132546048e+00 1.155631828133893180e+01
-1.091110143156155132e+01 -8.546269385171255450e+00
2.405350230087261565e+01 -2.020602942040258654e+01
2.054427114220121098e+01 -1.450839863668332441e+01
-1.616060484115849505e+01 1.314242641754242058e+01
-1.122365523464289261e+01 1.747416244185613365e+01
2.903391760732071347e+01 -1.088218051004554709e+01
-8.288259000728825043e+00 1.530506524256639089e+01
2.151121850795491497e+01 -4.624422186865107420e+00
-2.074374274285423780e+01 1.889222669827764989e+01
1.747513192677500982e+01 -2.031655401106137460e-01
-2.097064095889841084e+01 1.818847823524885721e+00
-2.548643078580302657e+01 1.957202399093854339e+01
-1.961476420406190968e+01 1.844032090349245756e+00
3.903879208044505500e+00 -6.020345377443066859e+00
-9.990944876485562176e+00 9.129684043611725031e+00
5.243218261213664633e+00 -1.790530752620658461e+01
7.790721647045340426e+00 -1.418659655221432381e+01
-1.907017412905487319e+00 -5.793800136659833733e+00
6.297309355842896750e+00 -8.589913374420422798e+00
-1.583136947310203979e+01 1.729556601299120544e+01
-1.023018565035364347e+01 4.736345729308902186e+00
-1.079268363975435818e+01 2.350639497303996350e+01
1.551758777851311777e+01 -1.290297306134569499e+00
-2.110869344606873810e+01 1.058938925157427491e+01
-4.081828661405695335e+00 -8.156360077436389133e+00
-1.763773862355390065e+01 2.410077562572580945e+01
-1.280585991561150117e+01 1.712483947343611135e+01
1.127427752774931946e+01 -1.848651410325524225e+01
-1.142420887582922617e+01 2.808528871915105896e+01
-1.293909944958589264e+01 -9.665697793540191374e-02
-8.854681697184920708e+00 2.046673938968882211e+01
1.926466257477481392e+01 -2.467876544011591733e+01
-8.490554053333182694e+00 9.209657866735936338e+00
-6.572771770374508549e+00 4.214340780911888018e+00
7.264530021709014740e+00 -1.078441073115791760e+01
-2.593506134669476992e+01 6.054132820290277550e+00
1.210616133267054018e+01 -1.231992321067833629e+01
2.382624701057257433e+00 -5.435612785009641179e+00
-2.425941850778160003e+01 8.716362793419962784e+00
5.198511958844861391e-01 1.528452494710275822e+01
-2.190278774263024886e+01 1.200251240574686484e+01
-2.545781526926913507e+00 -5.218353725586749370e+00
-1.860621786102903741e+01 1.050840578018052085e+01
1.510240018783106919e+01 -6.923695014359888766e+00
1.326096722511401005e+01 -1.694978812622706243e+01
-1.648098519900064574e+01 9.289389298372350723e+00
2.284516799598073789e+01 -1.164671475727233663e+01
-1.838216763738511972e+01 3.083508908566227724e+00
2.399429621285709402e+01 -1.275524609866970671e+01
-8.653845776496419617e+00 2.602900252457892094e+01
2.891632502078801537e+01 -1.653587842659827700e+01
-2.446086156315204363e+01 1.224691603469817203e+01
1.410481926958741639e+01 -2.296528657796697104e+01
-5.424903064382448292e+00 -1.384997404095423157e+01
1.623085513380084066e+01 -1.176663136561455048e+01
-1.848990529668661154e+01 9.500174315877091047e+00
6.782734283712557044e+00 -1.957583790430215132e+01
-2.898330739945207846e+00 1.953469357833765230e+01
1.925473436929701299e+00 2.331024545200708342e+00
2.133210760838784736e+01 -1.947523960678876875e+01
-9.502710020946310010e+00 1.140748130860191800e+01
2.820613585150605829e+01 -1.707414332994310868e+01
-1.072195195556918534e+01 3.993472581899132567e+00
-1.170305571735598171e+01 1.569253349431302524e+01
1.426934176725441894e+01 -8.878049349541658586e+00
-1.762982194506799161e+01 1.450336846101396837e+01
-1.988784332752448236e+01 1.875363745152036188e+01
-9.776326487751514804e+00 -5.337197346251289609e+00
1.444203541876804442e+00 -1.675603664373922541e+01
-1.227350298057012878e+01 -3.117415107009605446e+00
7.935531516222455117e+00 -5.849107516480644087e+00
-1.570468195781912613e+01 2.043173239886039028e+01
-1.594201339059761757e+01 1.546243700520749620e+01
1.558905325864517621e+01 -5.784817963433502186e+00
5.328823839305269594e+00 -1.250503546072312488e+01
-3.017270116120277290e+00 1.011401051885935409e+01
4.659971441312015017e+00 -2.299360517077147392e+01
-6.188882754566705557e+00 -1.245238884491904272e-03
1.098182736264440962e+01 -1.667495499618373600e+01
-4.736408591695725256e+00 1.473052465618455997e+01
1.653838539481072401e+00 3.195769136587622850e+00
-1.320312336545637244e+01 6.047764951210010231e+00
1.854551995533741504e+01 1.400439454572408593e+00
-1.719789604917669124e+01 1.191005894572186463e+01
3.818425376278992367e+00 1.252662369012448451e+01
-2.064712565716909154e+01 1.539670785955479637e+01
-1.463220545980264475e+01 -6.621064177281352769e+00
-1.545964219663272488e+01 -2.300300808580169054e+00
5.835532315180253171e+00 -2.507220580156813128e+01
1.730491608267520220e+01 -3.901445337173806038e+00
-5.708973636968983634e+00 1.218864895238508872e+01
2.151039580648065197e+01 -1.120166704033388960e+01
9.155764115426832106e+00 -6.996692760959982493e+00
1.789237712808702696e+01 -1.302633951920222088e+01
-5.752258979185878474e+00 8.087867489138018673e-01
-1.311536062849399897e+01 1.062752926782262186e+00
2.237725305445038337e+00 -2.319206071767595034e+01
1.608192694147523838e+01 -1.797462748138955035e+01
-8.107798290211807313e+00 4.565111195281732925e+00
-2.010633391182928520e+01 2.130612027318047907e+01
1.957677063923231486e+01 -1.741229327782103198e+01
1.664812304303572787e+01 -1.390009774783307073e+01
-1.227527590160903337e+01 1.012580160794763984e+01
-2.397904951986922484e+01 2.109221982472436085e+00
1.347761114007391825e+01 -2.331252672872782128e+01
1.041853780673132768e+01 -1.063672168735256029e+01
7.086516323097136194e+00 2.387435320554761375e+00
-1.431265185114530958e+01 1.461588069998352779e+01
9.039750414467437878e+00 -1.970338816118462333e+01
9.047960595555174734e+00 -2.347463693789883266e+01
-2.269225104473682197e+00 6.356639015750348287e-01
2.682079115483017162e+01 -1.730503109637313841e+01
1.275664913763226593e+01 -7.490423123139710704e+00
-1.758030210996471965e+01 8.005715488059335527e+00
2.165132702841886925e+01 3.195196235809685259e-01
2.831813913584572262e+01 -2.028131179603847656e+01
-2.075943325362026215e+01 9.725611520769819052e+00
-1.529113403911035673e+00 1.058300723870355398e-01
-1.996554988204497860e+01 -9.153701675789223113e-01
1.960480384650717056e+01 -9.463805223102122355e+00
1.960686122242469631e+00 -1.285616321657871630e+01
1.807015898856668912e+01 -7.425942171618880927e+00
1.346521408350947624e+01 -2.966215011172478544e+00
-8.622347738683494356e+00 3.013847364649104854e+00
1.741114000014512087e+01 -1.527312204872641743e+01
3.366778706287160694e-01 -1.313730235965313575e+01
1.043745527363753389e+01 -5.439020619899509690e+00
2.480697107810379975e+01 -9.408248256087667016e+00
-5.619960798030196436e+00 1.838136310123767814e+01
2.775610558831352659e+00 -1.435550485465852333e+01
1.200300515619647435e+01 -6.371663809881644713e-01
-1.487714148979235240e+01 -2.620694797757392447e+00
-1.573407812201867095e+01 5.643752507136931662e+00
-1.196110632548522457e+00 5.193610218029150793e+00
2.524439005211966958e+00 -1.553322059529280352e+01
-4.589897528638437585e+00 4.484377780879007958e+00
-5.295084801078203895e+00 -1.208071890698829254e+00
1.447956668822735260e+01 -1.268636192480577662e+01
-6.013543462412862972e+00 2.688506601554928821e+00
-2.164140356847355662e+01 5.999818929391956601e+00
1.249397742573644088e+01 -1.455642458168604669e+01
1.493692673552373051e+01 -1.932883991082268338e+01
-1.550922984496122226e+01 2.346690652877071237e+00
1.154631122723461445e+01 -1.294977205436311563e+00
-1.623537911084554963e+01 2.581420188151421158e+01
-9.256685684842286932e+00 -4.166918773351958372e+00
-9.768379105249680450e+00 1.687596706817807046e+00
1.286690926651082734e+01 -2.532237623377976021e+01
-7.675984958761833177e+00 1.231851533772359453e+01
-8.703331579074414792e-01 1.490237549840360032e+01
-1.694926556333436807e+01 -3.203254382515680732e+00
-1.662355226606146630e+01 1.859445340433480354e+01
2.536414532518106313e+01 -1.354282603453525091e+01
4.503603932286380562e+00 -2.702328617374805120e-01
1.444696497969736804e+01 -1.178323258223112013e+01
-1.826162673469563558e+01 1.713323196182358998e+01
-2.357260407052251594e+01 2.116433842850459257e+01
-1.542422861645284549e+01 2.347469839368124056e+01
2.401606625485239732e+01 -1.928718367316324844e+01
-3.620297133105031762e+00 1.544020104328921050e+01
