1.157553360168215306e+01 1.737368223306000914e+01
-1.005259809535075632e+01 2.357971792047300497e+01
-1.756265377829498320e+00 9.148813444891917612e+00
3.938129251791581353e+00 6.330356889568609091e+00
3.114841169820987687e+00 -1.486040894107385846e+01
-4.235307285584409165e+00 1.479255438555532187e+01
-8.127433157359575944e+00 -2.152234808352407924e+01
-1.759376095337234958e+01 5.736203744321606735e+00
6.405857859936643806e+00 1.822715336031307842e+01
-1.324348965332214512e+01 1.870617348466641872e+01
7.301470004792713020e+00 1.305986747300166506e+01
4.572268959121289278e+00 -2.380225713425663514e+01
-1.941433515489437767e+00 -1.704608441102806538e+01
1.696234394549524538e+01 1.434996090328682605e+01
8.788534499931794031e+00 7.819530329044199313e+00
1.503742950162658154e+01 2.124089782325998144e+01
-3.478483852459882453e+00 -9.727778853666654513e+00
1.288732774410259552e+01 1.165687867602055228e+01
-4.470866374237782992e+00 2.329793010899735251e+01
7.584406060196724475e+00 2.455722655160717594e+01
-7.195527067922334652e+00 -3.275413383764633579e+01
3.587614703829489216e+00 -9.526238889862556292e+00
-2.017890312854932233e+01 1.353089481616379430e+01
8.886328977218994396e+00 -2.699606013743937183e+01
8.206773852894498233e+00 -2.008818717892309280e+01
-2.666822836393397012e+00 2.852348437926021774e+01
3.817382251025968731e+00 -2.896720871034928635e+01
1.263104086874736298e+00 2.406140040701165361e+01
-1.432358703589225568e+00 -2.950723363519930587e+01
-2.075900541210051298e+00 -2.336515174851766119e+01
-1.065115876581272936e+01 6.555975942319754779e+00
9.057033546035981431e+00 -1.366563133877870584e+01
1.141765547969981531e+00 1.330516704506003478e+01
3.176363021434394973e+00 -3.385603634431996056e+01
-4.229193033151055214e-01 1.860680076050442011e+01
3.100399474009862377e+00 -1.980459064977973327e+01
-1.230907467004079336e+01 1.317837090489843099e+01
1.407168489000950906e+01 -2.158991456286178234e+01
-1.595860173292341955e+01 1.006913938905388051e+01
-9.810759347023264354e+00 -2.889624092752079676e+01
-6.874928588016231856e+00 1.826732441240801563e+01
