-2.822764496041738269e+01 1.259675438520726765e+01
1.477110119276427724e+01 -3.659935522490509641e+01
1.779077200064894626e+01 -3.322399489012562412e+01
-2.782377251919420758e+01 1.467187102125072862e+01
3.728496264726308596e+01 1.276077876866574812e+01
-2.815933704038000940e+01 3.589934277527607964e+00
2.269824358025799071e+01 -2.288420734109104160e+01
3.712310810004122175e+01 2.309615047221071027e+00
-3.229073476529840292e+01 9.411339125214654544e+00
3.239419686474726490e+01 -1.163899558523566213e+01
-5.185729059450085998e+01 2.395295396540430133e+01
-3.166395951106231621e+01 4.508695999725143899e+00
9.989426564946091602e+00 -2.596762752605651769e+01
1.560522141972954913e+01 -3.104826676013887266e+01
-2.985872638709638949e+01 6.053580252994404276e+00
3.252215252076661756e+01 -7.383589111262143234e+00
3.572802401206251233e+01 -3.650951584840744779e+00
-2.989121620578002947e+01 4.917759236391309408e+00
-4.853964686529263872e+01 1.597328762203228614e+01
3.834667079729904771e+01 -7.581003596979685177e+00
1.664146956705306835e+01 -3.042719260736312847e+01
1.660021637467370681e+01 -4.046883224571038795e+01
3.437017462081252717e+01 2.166767393512644413e-01
-5.154964685431164639e+01 2.265197692810781049e+01
1.635420974675660943e+01 -2.484859722628814893e+01
3.280734271926687740e+01 5.100466427673970848e+00
-4.692408248242598745e+01 2.423999697474641479e+01
2.559880277018407213e+01 -1.883040672245001090e+01
2.368823832917025385e+01 -2.709183177504262829e+01
1.745248126145703083e+01 -4.495918185563733260e+01
1.962285460495215972e+01 -2.250806437513524116e+01
-3.034221010759436510e+01 2.812833671816030190e+01
-3.123622765920609368e+01 3.695677268568604568e+00
3.547536233702426500e+01 -6.006492127040429452e+00
1.666519942690693767e+01 -3.764094570683670327e+01
-3.549512231459465994e+01 2.886182994699433291e+00
1.869830071239928060e+01 -3.820358518356742650e+01
3.681211419095747317e+01 1.344370132802400697e+01
3.558481186908313987e+01 5.778596365887660014e+00
2.563120962629990984e+01 -1.579961180134291432e+01
2.394634021143239266e+01 1.382069938963274458e+00
-4.898144045814224512e+01 1.993174986423774797e+01
3.246392848047749169e+01 -1.746690066523667184e+01
-3.401733471785020413e+01 -3.363384451593431024e+00
-3.799626018436803321e+01 1.330201410382405136e+00
-5.196755260695969980e+01 2.502808929040241637e+01
-4.955483098275035303e+01 2.169401873408321890e+01
2.897941333844213574e+01 -2.363032521453807178e+01
-2.741831448822303585e+01 3.371202911265367419e+01
3.188204378453907140e+01 -1.465836149486066375e+01
2.362072788204224594e+01 -1.727389404054857636e+01
-3.722842415870358934e+01 1.475967982349377117e+01
-4.080660338209034421e+01 9.888306680485298372e+00
-3.530230441324954427e+01 1.420676243617604362e+00
-3.599606184084902338e+01 4.217823338713373005e+00
3.677784463116832114e+01 -1.408464228800457629e+00
3.390438456603499162e+01 6.791174771154205203e+00
3.563618448074188194e+01 -2.661203570337501212e+00
1.828007437054665374e+01 -3.955570975377293053e+01
-3.082680724052357135e+01 1.134817913715926530e+01
1.440503574737504344e+01 -3.047998894616194221e+01
2.147566125529685976e+01 -4.177105136079156011e+01
1.362005800926999832e+01 -3.303348911349051065e+01
-2.999392675211002413e+01 1.566260858149209056e+01
3.406157429218964694e+01 -3.648921144320442789e+00
-4.622348715415574105e+01 2.265646815128413749e+01
-4.398315541585273536e+01 2.296202031049770298e+01
-5.149218321901835793e+01 1.933772415228951402e+01
3.923459908355589221e+01 7.213865056157253264e+00
3.823715404161669085e+01 6.617420366845077062e+00
1.988076583124079377e+01 -2.451777286670666101e+01
-3.187430387672653609e+01 1.968739918887608020e+00
-2.941373628761326131e+01 2.443312951344466910e+01
1.162577696658613746e+01 -3.068178913872018398e+01
-4.688396831863174441e+01 1.591171690764877056e+01
-3.590772512405226990e+01 1.994463261998328463e+01
2.667806614225895956e+01 -1.012494429538585194e+01
2.214243442343924073e+01 -4.187908178111914026e+01
-2.540514823011900702e+01 2.016282485333607966e+01
4.294058097646102823e+01 8.377189080384875197e+00
4.578614086388362381e+01 1.813389518121374167e+01
3.950658109089712156e+01 1.406913746060615544e+01
-2.186709438473862122e+01 1.965941604741603399e+01
-1.617076946463754084e+01 1.016161690879656732e+01
4.529220463476952574e+01 1.887943543387046574e+01
4.361560771866403741e+01 1.751389170406669749e+01
2.889034946270419368e+01 -9.931354210815918293e+00
4.167093813777053413e+01 7.684818350476241733e+00
2.448708930583076437e+01 -2.938439324162961697e+01
1.379467836240406520e+01 -2.605947039027572387e+01
3.681357091667265280e+01 1.123014162213453737e+01
-2.276250783065312078e+01 1.895203047780947614e+01
-4.161072101510387711e+01 3.161167827422552423e-01
4.154097632298118725e+01 1.168504716693208323e+01
-5.255114415131351535e+01 1.756577981388819154e+01
-1.874126938534648446e+01 1.314989128288906883e+01
2.265379909418935966e+01 -1.748956460595184126e+01
1.575585125581710244e+01 -3.578582275370926880e+01
-2.096212158038256845e+01 1.399127804403169328e+01
4.229708358618383812e+01 1.445253256980362444e+01
1.854810004295788772e+01 -3.532229579218862625e+01
-2.721156455581884970e+01 1.303919776644209350e+01
2.927092985379183787e+01 -1.581938092951457620e+01
-2.874132395889413516e+01 1.855326466829721355e+00
-3.452550448003707828e+01 6.322031102175077244e+00
-3.118276036992613953e+01 -1.352378531626927671e-01
-4.210416768326086157e+01 1.249216590962966000e+00
-2.638181366209380840e+01 1.405635534887175098e+01
2.969369268870076439e+01 7.323658356464648023e+00
1.521023546656077130e+01 -2.669035277673770779e+01
-2.567769650963888139e+01 1.341725334413245463e+01
3.447342933575279744e+01 1.454313915692488690e+00
-2.621189335118761932e+01 1.635313971564147195e+01
1.813102962311672428e+01 -2.853505173122144001e+01
3.880619413662502382e+01 1.440618337196943877e+01
-2.027543779553854719e+01 8.719967821681274600e+00
-2.769009813363890871e+01 2.374576669316660826e+01
-2.678644426392551736e+01 1.836223809577757748e+01
-1.987485290210571875e+01 1.522520993022593316e+01
4.063558405034125798e+01 1.025129772283038143e+01
3.149080507013467667e+01 3.197409781388207417e+00
-2.914344470340472881e+01 2.994267219431901994e-01
3.665710623785766842e+01 6.377289862384393437e+00
2.201885214356505216e+01 -3.675230317044928086e+01
-2.718921539730779813e+01 1.842202364765092071e+01
3.580987211107134272e+01 6.897092053325939887e+00
-2.664499931000037591e+01 2.003849344821030698e+01
-3.897549518256219159e+01 2.599793839188957634e+01
3.262360912867082163e+01 2.751279251240135615e+00
4.116852967291865184e+01 1.784256535256924181e+01
-1.766389389894877837e+01 1.166941955468582570e+01
3.197576345933626030e+01 2.235394614021688930e+00
-2.352382064208132562e+01 1.261634798093239240e+01
-2.201173443102865335e+01 1.616824257063667858e+01
-2.043779162083674450e+01 1.161196677583189363e+01
1.756308861319699233e+01 -4.287183775067533276e+01
3.889709443911989695e+01 5.373712416250608470e+00
-5.264995499090924369e+01 1.724425583016919106e+01
-1.791954903703137347e+01 9.718828344903517547e+00
4.035686234916111914e+01 1.134863423531779425e+01
3.686683638004358698e+01 5.370557590416757066e+00
-2.342433576759235692e+01 1.548613740052920029e+01
4.224134239540605762e+01 1.283946093659754162e+01
-3.419955771380274001e+01 -7.648817561527607722e-01
3.348081048353848388e+01 8.590156820564462947e+00
4.521041938315129016e+01 7.941328455375248119e+00
-1.865942187930182428e+01 1.441383615420152786e+01
1.517110784028291270e+01 -3.995347945905866283e+01
-1.966246635871905468e+01 9.980019379884160102e+00
1.035168637580257034e+01 -2.715656399259267317e+01
-5.190455748736922459e+01 1.620436403448514895e+01
4.430237880398171058e+01 7.443772156916041993e+00
-1.787885504363515565e+01 1.060052385491200688e+01
-3.410191545181393735e+01 -3.999035407299705858e-01
4.474854760665837006e+01 1.242976150166001226e+01
2.890967846260427621e+01 -1.872148526648081557e+01
4.428380571959578305e+01 5.358021958314509448e+00
-5.042609857143999363e+01 2.268688266786908869e+01
-1.718171277852628620e+01 1.474312800270671353e+01
4.088182324803389633e+01 -8.289128293863566199e+00
-4.501084083969409022e+01 1.800067736567203980e+01
2.309430275238285191e+01 -1.512810429075381435e+01
-4.832771689259730152e+01 1.209241564988304241e+01
3.979948188760619132e+01 9.639437244072563971e+00
1.695919420580465342e+01 -2.499876824287716204e+01
4.333997596693442489e+01 1.676905720301586911e+01
-4.075132790186322040e+01 1.167805255152318589e+00
-4.157650671858390012e+01 2.432473393233550141e+01
3.973775560847354882e+01 -1.097053201443495674e+01
2.021471271967424599e+01 -2.592318933384488489e+01
4.274205208493513197e+01 7.033226021088609947e+00
-3.436437375012805262e+01 2.621109940678919870e+01
-2.835765182151016361e+01 1.937195341858295805e+01
4.389883866312593597e+01 1.003589703839559100e+01
2.663175009652654524e+01 -1.823199275133895014e+01
-4.154240080796157741e+01 4.070978168877022796e+00
3.107349682656437651e+01 -2.235413066411577532e+01
-4.065732322331192705e+01 6.202110457260818777e+00
-3.270166721309903579e+01 -2.837791031463237967e+00
2.947553561999194116e+01 -2.255862992454319027e+01
-2.439324681271559569e+01 9.119075406815262852e+00
2.115013416556038095e+01 -3.489200028185359059e+01
-2.387872132027264627e+01 7.381150284930038552e+00
3.329163906745791479e+01 -1.606432403280985710e+01
2.342149037468898243e+01 -1.966871144814645334e+01
2.885016398988660313e+01 5.716748796406503352e+00
2.353228167841922769e+01 -2.594094737571337816e+01
2.842019899039846109e+01 -2.558505473164538913e+01
2.267419376131231346e+01 -2.691295389534212035e+01
2.705630753391630350e+01 1.448585984447453123e+00
-3.028356248503045478e+01 6.732692261497392749e-01
-3.998702394675478899e+01 1.818328377489562797e+01
3.296833973726975131e+01 -8.074807893552206295e+00
-1.812282142981138122e+01 1.973204661607432442e+01
-2.403925714820586634e+01 6.703353327458292377e+00
-3.158783504575763956e+01 2.318729042368613591e+01
2.653364611189732969e+01 2.576375943108471400e+00
-3.276772006824274541e+01 1.631229056905692332e+01
-4.156130513643096691e+01 1.586589250995355016e+01
2.918548381059219565e+01 2.531942118639914696e+00
-3.212310855539592325e+01 1.485905193689837667e+01
-3.719633187624783943e+01 1.080473495960453612e+01
2.523908440037317646e+01 1.660977242636093143e+00
-2.476174316924246099e+01 5.179854510582757143e+00
-4.266067276000740804e+01 1.841144881929177402e+01
-2.428019284069223005e+01 5.339499235980753156e+00
-2.208169915029373698e+01 1.840886229841823862e+01
3.968810591618261441e+01 2.121919672264362511e+00
-1.517345298474896254e+01 1.026352709571035149e+01
-2.050726862048853150e+01 1.639992281307604571e+01
3.518805583463034736e+01 -6.667829557898649284e+00
1.963526404915156931e+01 -3.020298841798107503e+01
1.683705459628736634e+01 -3.897122664756346211e+01
-4.282646728012193904e+01 1.122014805528118941e+00
2.631065750763450595e+01 -1.955399658577398014e+01
3.971483455235900095e+01 -7.514474430137325633e+00
-2.031375863374292834e+01 1.790737295224316483e+01
4.365995801695494549e+01 4.852398192564709056e+00
-3.243816679677811976e+01 1.370611441678742004e+01
3.072847050721457762e+01 -1.271598375763498545e+01
3.067319225997940535e+01 7.129212979126203109e+00
-2.023038401674673992e+01 2.031982260963718900e+01
-2.334477872684079713e+01 1.640225666840432339e+01
4.055503324825651390e+01 -7.074899809344913137e+00
4.179388406462012284e+01 1.056752272242005652e+01
2.273740980270121526e+01 -2.962084987479839526e+01
-4.337884866827987906e+01 2.531682968888290119e+01
-4.735813532869426723e+01 1.581114484197654235e+01
1.520269711870372831e+01 -3.823312808468002544e+01
1.838944584040597974e+01 -3.640379651266869843e+01
3.842273588436466270e+01 -1.762273879120175579e-01
-4.684799791478658904e+01 2.537052304421627724e+01
-4.971432863477888020e+01 1.737002119839612035e+01
3.844647760692748761e+01 1.142898732769585202e+01
-2.856517505259076017e+01 -1.444975340391175145e+00
-2.760825413202756096e+01 1.124266247087659210e+01
-3.523632711074638735e+01 6.497800603292503752e+00
2.231384588205450115e+01 -1.603383889591249556e+01
-3.338608155791782650e+01 2.624199727151653150e+01
3.776874734769504727e+01 -8.440832313463712211e+00
1.901688128882206286e+01 -2.862185233139817342e+01
-4.084895279198095608e+01 1.772761191422248928e+01
3.008983357296652628e+01 -8.739861479726103610e+00
1.349746698677740753e+01 -3.214748760156559371e+01
2.695467420818093984e+01 -1.588110829857792794e+01
-3.573560494026063594e+01 1.993199384955318010e+01
2.877736835186350461e+01 -8.122427089468738259e+00
1.770018632561280469e+01 -4.372872656713656170e+01
-2.392090225270466419e+01 2.290759461080811832e+01
3.594787450691249120e+01 -9.876940615371340826e+00
3.628715103723730806e+01 -9.026703771978516144e+00
-4.420403338884302258e+01 1.023209891209073241e+01
1.998178274041060476e+01 -3.870484773996695083e+01
2.858708828199919694e+01 -1.644507646789893585e+01
1.377115950488870588e+01 -2.698969722645712466e+01
-3.743191389746070996e+01 2.449728580754839768e+01
3.496684563203402263e+01 -1.042158653952213676e+01
-3.708922475133893926e+01 1.226074808628905011e+01
2.062248899958733972e+01 -3.592694013064086533e+01
1.174932025371068711e+01 -3.252471989161884380e+01
2.995151721724508675e+01 -1.425964788986544818e+01
-4.363653158702018686e+01 1.642159746569517864e+01
-4.535706821655906396e+01 2.285658226560889972e+01
-4.550782064295829343e+01 1.918178455890218714e+01
-4.154166848184700456e+01 6.487140947226150978e+00
-3.521657655785640628e+01 2.507689403045938192e+01
1.393047556205095994e+01 -3.891243292226977246e+01
2.985827686284279281e+01 -1.163967244714988247e+01
-3.714561556682902932e+01 -2.503831873057866253e-01
-3.019100066497511747e+01 2.795198473088807134e+01
-4.452749140906251313e+01 2.553025688527477399e+01
2.856432924170671583e+01 -1.143026505085804523e+01
4.511733490401854851e+01 5.727215932187619707e+00
-3.294323313986685520e+01 2.551025297008177262e+01
-3.356500517951742069e+01 2.151612525793911246e+01
3.070985154796483485e+01 -7.788017083059603607e+00
-3.782069111789844129e+01 1.243344649413729464e+01
2.044237832838567925e+01 -3.756358834597074292e+01
4.495347564465429713e+01 1.326091872996826204e+01
-4.279460248167564629e+01 1.718928358109518229e+01
-3.657333836760980006e+01 1.283641369226734241e+01
-3.238008419644059899e+01 -3.466914067949402600e+00
2.801022990669098434e+01 4.909341292630991838e+00
-2.701715139682048772e+01 3.455886995784112514e+01
-3.265742909721827658e+01 1.953102581760792233e+01
1.725891849482441387e+01 -3.227054638216372240e+01
-2.159799481516068553e+01 2.135847154951248683e+01
-3.483820746353956110e+01 1.095474217700937913e+01
2.535389742450265160e+01 -1.344888945223990362e+01
-3.444451275764956222e+01 2.045270622045168807e+01
-3.355570153882181472e+01 1.689725172611644766e+01
1.310212208027507863e+01 -3.415984346327327614e+01
2.109270909568028074e+01 -2.556704650531488099e+01
2.725099831281001173e+01 4.222725589185833073e+00
1.867609173032215253e+01 -4.323940144438802236e+01
3.594574623484355413e+01 7.579711415526309004e-01
3.757386360237344292e+01 -6.504990618934547442e+00
-3.402869943359068827e+01 1.720765453162086089e+01
-3.301085140165251630e+01 6.917940912165625456e+00
-2.820974604721345003e+01 1.077274996895395986e+01
2.736719577922063706e+01 -1.316457579078508289e+01
-3.833297625933078479e+01 2.440951567963336544e+01
2.050243190265406668e+01 -3.195300352799802113e+01
-4.121468632086972406e+01 2.355242775708213898e+01
-3.573247758144564301e+01 8.410191326609647078e+00
4.070601007103668678e+01 -1.986787076540991848e+00
-4.081799937133463629e+01 4.491616562297518378e+00
-3.126705189689856113e+01 1.080146501164942485e+01
2.770831792899546997e+01 -1.149434643122774702e+01
2.922681529869986861e+01 -6.056563730756789887e+00
-3.205595246314816649e+01 6.512227977796936074e+00
-4.426749228695094729e+01 2.090221582524334565e+01
2.339769501008838404e+01 -2.404621928288259269e+01
3.184034706337501319e+01 -1.626930053661751430e+01
1.579456192342102838e+01 -2.994030773066293349e+01
-4.099509123477560735e+01 1.503773573832647514e+01
-4.813216031716959975e+01 2.146157804187044249e+01
2.312269619919636199e+01 -2.230249985469609797e+01
2.333616624764700376e+01 -3.634569840484550696e+01
-3.743948021496694167e+01 3.101521744050649287e-01
1.773621729892569121e+01 -2.996258733129371166e+01
2.309962665162993289e+01 -2.109734250401274736e+01
-3.612462553001454069e+01 8.980923032628165714e+00
-4.689556029627060241e+01 2.106853643910606522e+01
2.150151312025642625e+01 -2.938643880836986355e+01
-4.824577319993968416e+01 2.057693551476511828e+01
-3.881698986754172154e+01 1.211572874964587321e+01
-4.553882346280714444e+01 2.197293702366308921e+01
2.629126225934824390e+01 -1.202311747162890221e+01
1.225724735917261832e+01 -3.133412178888708510e+01
1.766423726255336746e+01 -4.035921472796911047e+01
-4.161235197947782183e+01 1.843051907728305494e+01
-3.732577669288075128e+01 6.196932603212456314e+00
3.717685052422266523e+01 3.754569111388091240e+00
1.316951329531765680e+01 -2.861369269750989019e+01
-2.690038294221591642e+01 3.480929220724529216e+01
-3.113189655165462355e+01 2.389134526172726680e+01
4.037865179038052332e+01 1.673348098211559787e+01
2.723039400800790943e+01 -1.462408479856179611e+01
2.276913128787636964e+01 -3.209617566239800368e+01
1.377635063309521435e+01 -3.456104683726778148e+01
3.182631733519492201e+01 -1.709105817304348207e+01
4.242648218659848425e+01 1.766472324111672165e+01
-2.238199040796799366e+01 2.208080495910136776e+01
-3.693323503048036116e+01 2.699627777346554325e+01
1.232078421034299431e+01 -2.440521401419950820e+01
-2.528072415154029429e+01 1.819314431308408686e+01
4.242622938674342947e+01 1.583413881669752321e+01
4.421477007930391778e+01 1.878309974217038203e+01
3.940728780710157508e+01 -5.120021473244503518e+00
3.857385645580762912e+01 2.812869941681363173e+00
-3.464455070440374840e+01 -2.157311346682720288e+00
3.585420366354721011e+01 3.697149344101408719e+00
-1.848986798399262810e+01 1.586278003320682473e+01
2.552782856732993721e+01 -2.203792581017682650e+01
3.279897726651675072e+01 1.084940498166727385e-01
3.591359947658533258e+01 7.881136199991018998e+00
