3.468832592213080375e+02 -1.695120641277634661e+02
4.411820781430656666e+02 1.431370225370002345e+02
-1.966447519222431879e+02 -3.958140978386682036e+02
-1.221563026392165625e+02 3.821701778969875249e+02
1.573645449780634635e+02 -4.419183550233354936e+02
-3.933552992467939475e+02 -1.386352834618950851e+02
-1.555016615656619194e+02 6.472169269143861925e+01
2.011185883671269892e+02 4.064511110030349528e+02
1.318838807231315400e+02 1.030882181806289282e+02
-4.237768782622368349e+02 2.135490010535102954e+02
1.300254220345674305e+01 -1.672374229109382497e+02
