-6.256806482836941186e+00 -1.092221276097714799e+00
5.210040825443633672e+00 2.286012428352639514e+00
9.820951702760450930e-01 -2.077931124389622131e+00
-6.580823727457732808e+00 -2.897104295276429653e+00
-1.577594749693849829e+00 -2.201535927370613877e+00
-2.808619145025367025e+00 -5.430719493445902657e+00
-6.801317537198367624e+00 5.275459616095640181e-01
-3.774023086293877949e+00 -7.254433968090792995e+00
-3.553792523388152436e+00 -1.791124409749745183e+00
-3.870765371662961751e+00 -4.352102111038293586e+00
2.738562993707776450e+00 4.095131882618924912e+00
-1.034712476521047586e+00 1.459207057442428734e+00
-3.336846687876782180e+00 -3.636773496586016563e+00
-3.032999393179939940e+00 -3.402884411283323196e+00
-4.199448439633136410e+00 -5.748014697494622460e+00
7.920273584609430095e+00 3.567058374663475195e+00
1.970870942714358032e+00 3.478032265868585160e+00
-1.345130904166815800e-01 -1.102347731697707944e+00
-5.874255929432250056e+00 1.783163448147627950e+00
2.973676407988516956e+00 3.158532409354713466e-01
1.479541258353858746e+00 -4.367448031265269037e+00
-7.651378083213528081e-01 -5.574164871119966946e+00
-3.935251906612271977e+00 5.190239143408242883e-01
-4.055056489341394510e+00 -4.730995790506579701e-01
1.390114065128091325e-01 -4.525971821714819932e+00
-5.349011136879605388e+00 -1.614418501465604283e+00
5.335103450953948556e-01 -5.764395580634514182e+00
6.346555152917950693e+00 3.295027905150870406e+00
5.002534136345925475e+00 8.955650568837087988e-01
5.255070167774719359e+00 5.690902050580357141e+00
6.377121375477403653e+00 2.387619928039057982e+00
3.093012060144586961e+00 2.701992095514579084e+00
9.019495815542766248e-01 -2.171943956626998684e+00
-1.240188245125307454e+00 -1.251686275874670518e+00
7.428669602362520052e+00 2.025663146741708776e+00
-2.241464644578285093e+00 -5.935409059991842540e+00
1.955880380585318212e+00 -3.450331166840550967e+00
2.715602928325714926e-01 6.486968004830269585e+00
4.352232025226706047e-01 -4.171971108371120174e+00
5.424705492428373077e+00 6.429793971117933715e+00
-9.969974420145646388e-01 -1.507331926985554515e-01
4.715954993439407161e+00 2.550577864717957222e-01
3.842287653388671842e+00 -2.173222148622762084e+00
-3.575776313214380497e+00 1.980701753513082197e+00
-5.022157449977938448e+00 -4.039011627953831507e+00
-1.957654038174681865e+00 -3.278236540300779822e+00
-5.752375839458046869e+00 -3.061685302228392747e+00
-4.467065741322574723e+00 -2.050493732877788577e+00
-1.881394534129137153e+00 -9.949070341892274350e-01
2.778500635053622880e-01 -3.468968737231477029e+00
3.162707101249987662e+00 4.405566195667275586e+00
-1.091547083980034749e+00 -2.314604984008921118e+00
3.551875219076122914e+00 6.731157472952920884e+00
1.549620309758474868e+00 -9.238318339487923414e-02
1.391560858538938295e+00 -4.576372447343263872e+00
-4.139634450315726077e+00 5.576387182259392450e-01
-5.734090734353965324e+00 1.662775561800557744e+00
5.116318093131909661e-01 -6.032359470535239687e+00
3.233903697514165732e+00 1.465164199251823618e+00
-9.279645424681178811e-01 -3.026633203699051311e+00
-2.649682564649652239e+00 8.820247298199774821e-01
4.422759776478293325e+00 4.202387733555970506e+00
1.672726745095299616e+00 4.443169592835761073e+00
-2.729776287704814841e+00 -3.960807046050880964e-01
2.605617262550830482e+00 1.621893493661908936e+00
4.360927360321809054e+00 2.079925125100232641e+00
-3.696689083655276153e+00 -2.885632925112121772e+00
-2.361448432310836676e+00 -1.144701021461073553e+00
-5.028487019833487004e+00 3.092870873868972748e+00
6.458177154862545066e+00 3.536529573982927666e+00
3.950601424056848110e+00 7.035641650393686497e+00
-5.566806610434605673e+00 4.910880671645926482e-02
-5.522076869932254439e+00 -4.543059862637470303e+00
1.828398629458416247e+00 8.473447558221240072e+00
4.502854340609520278e+00 7.565584699366347365e+00
-2.697288108663431494e+00 -3.862155262784220167e+00
7.231246301638146079e+00 5.685678778113699927e+00
-7.422525286787827747e-01 -3.468058137387539652e+00
8.759315134384640933e-01 1.791564093931331314e+00
-4.873203550257739103e+00 -1.149326646514547301e+00
5.251848730862585413e+00 2.518283525122488875e+00
4.392278522119344331e+00 3.524178506858551163e+00
7.804715767822194117e+00 7.531221855271260646e-01
3.097277556808299970e+00 7.639096650708134817e+00
1.364407397199865368e+00 4.761627226780712263e+00
5.825961899011374179e+00 -1.324948246384113126e+00
3.007496836691060160e+00 3.378514076972305880e+00
-2.587913823408967584e+00 -2.513886126464935256e+00
2.909233528844533678e-01 3.956059201126775005e+00
3.333295086206784941e+00 5.930018256154032663e+00
5.891243998409566807e+00 6.022454236573026032e-01
-7.346764836016309808e+00 -1.008774028384817001e+00
-6.300972012506350417e+00 -5.327912846647789635e+00
4.934454703646382612e+00 4.495045730358655511e+00
6.642715613593169977e+00 4.572273883714801812e+00
-6.858896361200848446e+00 -2.653633041077796406e+00
-5.127315899370429086e+00 1.470972908900325615e+00
1.817710948171705310e+00 6.426297706215695626e+00
-1.754617563934787405e+00 -4.893374287205375595e+00
-4.909094967182109137e+00 -3.313722925660810059e+00
-1.392268929392012522e+00 -4.233633283379471202e+00
-2.125984517352269343e+00 -7.223640566118709749e+00
