-4.008448360531989607e+01 8.022067946041332220e+00
4.313770288837375944e+01 1.083849427336931903e+01
1.248789636330572961e+01 -3.466517622866791726e+01
1.501026886085362655e+01 -2.924303485042629092e+01
1.984132256649868609e+01 -3.672220531911185049e+01
-5.334212011394384945e+01 1.392662242581547893e+01
3.790057324761270507e+01 7.885375326658275341e+00
2.195540826920614563e+01 -9.420142190081811862e+00
-3.728133835921455130e+01 2.488182571017942379e+00
-3.253024004235984279e+01 1.447755632870162845e+00
3.399176711869679224e+01 -2.969230304018225297e+01
-3.113113678455135158e+01 1.925245874577714389e+01
-2.594361769740850221e+01 2.824411742703117767e+01
3.237304544377737159e+01 1.333930210103058833e+01
-3.439548905076762253e+01 7.283984556641220465e+00
3.527357181016580512e+01 -7.563806669381887282e+00
-3.155604939686394417e+01 3.706947195297357212e+01
-3.105263390633276899e+01 6.959232585970737794e+00
9.281760085834321217e+00 -3.316384831114523024e+01
2.653232619709721263e+01 -3.057025464234063250e+01
-3.417044920869086155e+01 5.847925308033206093e+00
4.130167236333092973e+01 -3.428494213020192305e+00
3.000710124500851705e+01 1.124342400999181812e+00
-2.973522720708482936e+01 4.699737870025623820e+00
-2.693249836352247328e+01 2.610159599807447250e+01
-2.896301622004347465e+01 7.081542131063239154e+00
2.980570003393775025e+01 5.039759611325171029e+00
2.496295083520454128e+01 -3.190829880298477761e+01
1.609950247498121811e+01 -3.838432631511801674e+01
3.095965551981749897e+01 -4.803310711744705586e+00
-3.229614078705348845e+01 3.610761553837811277e+01
3.454289101924686634e+01 -2.513196533878596739e+01
4.749165818775996684e+01 9.508558454214323108e-01
-4.092208406246514585e+01 2.584736223865196081e+01
-2.415414814134242150e+01 1.420304872271414531e+01
-5.202679023882739529e+01 1.328326624107959830e+01
-3.194385984041119286e+01 3.191143174160602669e+01
3.319129579418464715e+01 -2.002330616023220955e+01
2.002174525453488130e+01 -2.690240182010447612e+01
9.310130488235403234e+00 -3.976166132821155941e+01
3.023185611696387198e+01 -1.678675785420079691e+01
-4.412118583312244624e+01 2.532753112192598266e+01
-2.924456356861332651e+01 7.350125756098163876e+00
3.113252610019841526e+01 -2.997216675262090391e+01
3.644942382902740263e+01 -3.049647742266599959e+00
1.564421938626307806e+01 -3.250644057552886323e+01
-3.650296894214099552e+01 1.064138306500260533e+01
1.399926396340239521e+01 -3.944838147946532558e+01
4.124369620944617054e+01 1.223389286369936890e+01
4.683571055449960596e+01 1.974279189340956586e+00
-3.281260576546915075e+01 2.600550524225869609e+01
2.159151453685816335e+01 -2.046276313793460844e+01
-3.045848978056082146e+01 3.039287916727020900e+01
-2.127231300737399877e+01 1.618964060268753613e+01
3.121427558955247505e+01 -1.187030932219325763e+01
-1.979280350490006413e+01 1.011152308324318305e+01
-2.047433629362333107e+01 3.426066972930567722e+00
-2.833133862760986688e+01 3.516659873706901607e+01
3.135800000458889158e+01 -1.424787519837181193e+01
-2.404898207790114029e+01 1.352171737677065888e+00
-2.979622980637437735e+01 8.779331117078580604e+00
-3.727800832140084708e+01 3.498057315331144679e+01
1.174607501741530413e+01 -3.592276613308796129e+01
-2.818916178281786600e+01 3.220889691659426290e+01
2.507434772090719832e+01 -1.162284767883876846e+01
-4.693740245082157969e+01 2.930633561734321901e+01
4.259122148234801841e+01 -1.006377997220118026e+01
3.194633087440248431e+01 -2.169428528477471829e+01
3.601281828565566201e+01 -2.063704434230404061e+01
-3.192350243807381460e+01 2.992921315123389903e+01
3.409377614410608714e+01 -1.304847354371210422e+01
-4.207200338276228990e+01 1.615544194185586946e+01
-2.689469166804976297e+01 2.055776486274391956e+01
-3.952316394537410815e+01 1.174011836114288521e+01
4.219780630413609401e+01 -3.145681146192458311e-01
3.050512907866866286e+01 -2.599319930339075668e+01
3.752903687138871902e+01 2.360708562473407213e+00
-2.535948551954561125e+01 1.067181909685967689e+01
-3.849097241288288984e+01 9.050587799075067608e+00
3.528022665532603952e+01 7.105869969150966359e-01
3.522680012287360540e+01 -3.431605777842223759e-01
4.534761827685869662e+01 2.718944877614299510e-02
3.093021458897369058e+01 3.116164696331580330e-01
1.565956097054475116e+01 -3.699280143979376589e+01
-3.807252024847070970e+01 2.467917149489842643e+01
2.670676014990280223e+01 -2.455522587636914977e+01
2.349677083141962086e+01 -3.657190550037965693e+01
1.878856600563460333e+01 -3.766507018493610559e+01
4.613695592397831291e+01 9.648313688980726610e+00
2.045759039692927317e+01 -3.189653881730194129e+01
-4.259465862003909820e+01 1.417886653077639458e+01
1.435566088987995315e+01 -4.179560660977616493e+01
2.739209324543146806e+01 -3.609858346050352651e+01
3.203321646188607730e+01 -9.699354292905715269e-02
-3.992025872225190852e+01 1.410619026884022276e+01
-3.335640140609476845e+01 3.146200147004521597e+01
-3.892790832720199035e+01 2.535200031198008119e+01
-3.044510005265372143e+01 3.273107214277542454e+01
3.893698963192217377e+01 5.432598073347118195e+00
4.362999081636599641e+01 5.693761667730512954e+00
2.611069181236119618e+01 -2.397893057681290685e+01
-2.939897800365039515e+01 1.106956094136120861e+01
-5.061266734494613218e+01 1.935639909809266967e+01
3.012711325750417757e+01 -3.273138900611744617e+01
3.982487096227336565e+01 -3.971306744377345765e+00
-2.805475724395281034e+01 2.732552946120030768e+01
-3.669662272087164467e+01 2.191070016785249308e+01
-2.692835143716453317e+01 3.323746659277922788e+01
3.377974836292152361e+01 -1.135168286550840477e+01
2.162090333015038013e+01 -4.119198902064771062e+01
-4.967023842292471869e+01 1.064365387031466881e+01
4.100442111484630203e+01 9.216289313353563273e+00
2.317150703366879583e+01 -2.852440718647279994e+01
-4.519909897354227724e+01 2.503230028921596784e+01
4.615928575027002978e+01 1.440649683982124607e+01
3.387632917271164956e+01 -6.236721973998523794e+00
3.956502905477866250e+01 1.048471719267316971e+01
4.514155716662848761e+01 1.165725074090618918e+01
3.586247455457661459e+01 -9.492558901730738796e+00
-4.950684232500825743e+01 5.401080149047187362e+00
-3.750284792336869799e+01 2.845227739793651978e+01
-2.569536784200801449e+01 3.209385344295457543e+01
-5.216631191773511489e+01 8.615384502662204458e-01
5.031246138019955794e+01 1.636515374438930692e+01
4.728707044970373374e+01 1.567675840054942782e+01
4.027238032990264571e+01 -7.977791591754120226e+00
-3.016992479421987738e+01 1.956768307997465817e+00
1.773745839090696563e+01 -2.121399831331901709e+01
4.225270752855964673e+01 9.196666380581577371e+00
1.955157381933461380e+01 -1.686166925182054044e+01
3.129231075570706366e+01 -2.386121778760365686e+01
3.288178505192372825e+01 6.301353004194623963e+00
-4.839211109607030892e+01 9.308649244483110152e+00
-1.996188807145482258e+01 9.151751595507313652e+00
4.336654812403896386e+01 1.760397951098186553e+01
4.401403895987350268e+01 8.410984986116067930e+00
-2.524721975417996944e+01 3.094185475071063607e+01
-4.558441256637575378e+01 -2.799954251309441311e+00
3.709973887778830459e+01 -1.765906835424840793e+01
4.355913292955116134e+01 1.194723275322407652e+01
-2.522433902408825190e+01 1.745967701508293857e+01
1.936082581531215396e+01 -3.362991767462437309e+01
-4.515109916499454812e+01 -3.313492588277607620e+00
4.438377470045831785e+01 1.280571577130424110e+01
1.698872913738717116e+01 -2.618549184181928169e+01
-4.571328495112559409e+01 8.542425447332352206e+00
3.614755268488490714e+01 -1.911923885150816815e+01
-3.177635567115642345e+01 1.695134107410439350e+00
-3.198312720869197534e+01 6.613054445983840068e+00
-2.733377151503379920e+01 6.405356629190231965e-01
-4.999656287120718190e+01 1.933183036573589142e+00
-2.210780321802088011e+01 1.136736991577708267e+01
-4.498995999891253916e+01 4.953672776710433823e+00
4.612945926706117916e+01 -1.931966598047226258e+00
2.632633186919161616e+01 -2.270635052007207122e+01
1.893867801144735097e+01 -2.849592421003564979e+01
-4.351003794272595115e+01 6.494601041926459040e+00
4.928466436040021392e+01 -2.213274955309689318e+00
4.433775126151047630e+01 2.294254270482002145e+00
-2.545301498042158883e+01 1.124193680293324604e+01
-5.005694458392083135e+01 9.011830871695936551e+00
2.472752574235725120e+01 -2.847533667913856448e+01
3.909881576715273610e+01 -9.285992971223590020e-01
-4.108162982505427152e+01 -2.165239537462899211e+00
-4.587244063716649123e+01 5.044932895680639184e+00
1.370306252873564112e+01 -3.973274397485490539e+01
-5.114192018859714040e+01 1.202889646040077665e+01
-5.290661762256180367e+01 3.556812736270785535e+00
3.933090376672305410e+01 1.169910383256906172e+01
4.373006316984180586e+01 -6.544533357369869186e+00
-3.097617630032386415e+01 -6.404920280826906787e-01
4.625659300551738795e+01 4.638301025697066038e+00
1.849998134460498989e+01 -3.547833334909763181e+01
-5.199337826821082587e+01 1.133595390750565102e+01
4.554716734355774577e+01 7.879239215856026490e+00
-4.870809974755156446e+01 1.238251019143751641e+01
-3.971210874040844629e+01 3.077988077425658275e+01
4.363233787612361425e+01 6.620200733997168296e-02
-3.858274439169231584e+01 6.995950727132106195e+00
5.003388207202142723e+01 1.202649617046495401e+01
-4.779747364634531692e+01 6.513740230896876149e-01
3.939523725054606729e+01 -3.146164922413104748e+00
4.355353158500454214e+01 2.718926881429120979e+00
2.302085217645570125e+01 -2.464326820211847746e+01
-4.228425791478949236e+01 3.545562880764038249e-01
-4.815874779363073799e+01 8.489088060597641316e+00
-4.164846457199882224e+01 5.236445503667834345e+00
-3.989002435939019620e+01 3.519578363655534226e+00
1.253149288362168967e+01 -3.747828933466504253e+01
4.106864352385935746e+01 6.824327564120387990e+00
-2.510405424667801100e+01 3.253834005032705079e+01
-5.009632492349911104e+01 -5.663436979797336068e-01
3.801729075862561302e+01 9.863002518835216392e+00
-5.102788908668161838e+01 -1.758552910585373441e+00
4.081292133041074521e+01 1.111334930912288321e+01
4.159029641300532631e+01 4.110190609607236922e+00
2.651576961711585767e+01 -2.024294053982418973e+01
-4.437053566962317319e+01 3.411614532416933354e+00
4.067456678513639901e+01 1.498768206995361929e+01
-4.874993787864879380e+01 -1.981349015236888444e+00
-4.228397994539398752e+01 7.868409237028510361e+00
4.270125481920617005e+01 9.916590478204719616e+00
-2.482178418247576346e+01 5.238384497505415460e+00
-4.491072710680402480e+01 -6.504295392029658673e-01
4.031925750685956444e+01 2.251141082347594580e+00
4.407997114848760845e+01 6.281857974130826250e+00
-4.525726329750720822e+01 2.497514770609251755e+00
1.915528095179116974e+01 -3.983230046346388775e+01
-4.577248936685861480e+01 -8.974394706710320246e-01
1.251637469111737566e+01 -2.647196585594074847e+01
-2.478092413205808242e+01 2.889585451544952477e+01
3.652590873400399829e+01 9.845305314477759140e+00
-4.957909932045907198e+01 -9.800438386804120050e-01
-2.506753494735615817e+01 5.350282243466789822e+00
1.754768150873061217e+01 -2.920150120918868097e+01
4.168207633779979915e+01 1.690751808196970529e+01
3.088051420651904166e+01 -7.383235544318965893e+00
-5.383782309623415330e+01 4.154297181202013967e+00
3.749258108349404495e+01 8.960357359374009789e+00
-2.728905652888620281e+01 1.677627290497007451e+01
-3.331978786691944805e+01 3.454865682097052115e+01
-5.362672777355857079e+01 5.574741820886192301e+00
3.231103905244523133e+01 7.109176325383715245e+00
-3.291450695391014136e+01 2.546011732044860665e+01
4.055956601981419851e+01 -1.801824822946842275e+01
-2.106654853411862405e+01 1.668298950051649143e+01
-5.119921317392586246e+01 9.114185791147987103e+00
3.766217265232875633e+01 1.261382623318631069e+01
2.394595606879036609e+01 -3.020464999229227487e+01
2.879669049929505320e+01 -2.155937593829932553e+01
3.899182380632800005e+01 -8.966538869098336306e+00
4.813567496677559632e+01 1.417896980904859561e+01
-2.281352079300743441e+01 1.043544685138808958e+01
-3.535536072023572984e+01 2.898753006781635122e+01
2.507285698015923003e+01 1.114732806959633615e+00
3.690519412548520251e+01 -5.589110633468235001e+00
2.500367382286406936e+01 -1.981453736074759675e+01
3.874840546748472292e+01 8.654451506130353522e+00
-4.801747681549207414e+01 1.872232893794097208e+01
-5.106718826574444847e+01 1.350345740045273679e+01
2.925855174903517053e+01 8.256246421248842893e+00
-4.255676610110869973e+01 3.204014526501850924e+01
-4.344129546028958089e+01 4.128946406416510229e+00
3.991473533327545198e+01 1.528744620297868728e+01
3.149116381152748190e+01 -2.242387626773539466e+01
4.967433365083604002e+01 1.497182637078487843e+01
-2.313964624765602807e+01 1.312755146866479627e+01
3.689751600699652556e+01 1.484076340528520888e+01
2.719199937292083291e+01 -2.059048148164002612e+01
-3.947699990216158739e+01 3.097272646548098418e+00
1.986056805332381359e+01 -1.274185948867987506e+01
-2.509217369895504035e+01 1.417284220066728118e+01
4.181919109501833987e+01 7.429718712560537064e+00
-2.514022671315040114e+01 3.487280483811652232e+00
2.018896021442677480e+01 -1.368160142188614792e+01
-3.674541475459244566e+01 -1.927802264916907427e-01
3.121005975549442724e+01 -4.830062850765492577e+00
1.756286286546680842e+01 -3.411709238974115976e+01
-3.962848038175125964e+01 -8.935054526827792554e-01
3.409960646737528123e+01 -1.335420626370790398e+00
3.564679824157025223e+01 -2.134844802750657777e+01
-4.455582447859286788e+01 1.018094180558387229e+01
4.605025473167960115e+01 -2.170474592617361864e+00
2.094864942913156014e+01 -2.131952893927470782e+01
2.573243488984212846e+01 -2.688416638593084329e+01
2.531546432923474299e+01 -2.676172875473681501e+01
1.990380063649041986e+01 -1.545051167316670160e+01
2.406104153368978871e+01 -2.599944565183906420e+01
1.878858138328325822e+01 -5.859426082049159490e+00
-2.752971414996462585e+01 3.514887565211560538e+00
2.554201922640143962e+01 -9.311460708398080044e+00
1.893214481708166019e+01 -5.850703096090967392e+00
2.178868825110646412e+01 -6.385532041352604438e+00
-3.564218490450119958e+01 -2.139618471787633425e+00
-3.433984674600677778e+01 2.580990294026936027e+01
3.662346881291808387e+01 -1.123714176490474159e+01
2.676277153312396706e+01 -8.883693066937452087e+00
-4.862497213460874690e+01 1.628499744751589873e+00
-3.723042343467003690e+01 -7.545296562036822863e-01
2.032346057650097038e+01 -2.988010142696495919e+01
-4.048519682952728971e+01 -1.613104047814621689e+00
-4.169565899530142161e+01 2.810595912058375490e+01
3.057092661032865877e+01 -3.519196137611724673e+00
-3.888745161704341768e+01 1.662872375534903213e+01
-3.399884412081674157e+01 2.346134395946447526e+01
2.809327210424826049e+01 -4.775126420295773499e+00
-4.230950688473890153e+01 1.305280551928275834e+01
-3.356075933572578407e+01 1.736357666237363517e+01
2.299413400186842793e+01 -4.778298069004135229e+00
-3.406422398867391621e+01 -1.552836127716229253e+00
-3.155499938153183592e+01 2.624289271911648669e+01
-3.505215048630799402e+01 -5.529802008595097185e-01
1.743972636438658697e+01 -3.315268650333783995e+01
-4.956191157342441755e+01 7.827500014255430294e+00
3.751100264554587227e+01 3.671683141180556165e-01
-5.090094649555869211e+01 9.607119103594261578e-01
4.239715770635849879e+01 -3.216109418340484805e+00
-5.311042223804183493e+01 5.805826010981683716e+00
3.678225490222455107e+01 -2.659118270462538458e+00
1.347689030580672132e+01 -3.295279876917771134e+01
1.236719189917175044e+01 -3.955653301673098099e+01
-2.123590343315384033e+01 1.069885871370203745e+01
2.776808324989186971e+01 -1.667836405678828982e+01
3.565087414746452765e+01 6.092924257805698574e+00
-4.941578019253067566e+01 6.982153780642740948e+00
1.897249523679826666e+01 -3.128074898667919257e+01
-4.031466951457611714e+01 5.094273372979388759e-01
3.514395315930733688e+01 1.049150425668043773e+01
-4.309195010027555384e+01 2.307108824554610038e+01
-4.629695846681011062e+01 1.240564515391137412e+01
3.641159374200904608e+01 -1.260653233319948185e+01
4.008997995465181674e+01 1.980124715430428450e+00
-4.630290777158704429e+01 7.550679907244710165e+00
-2.738152840943858735e+01 1.728954162247863025e+01
2.075875090523057409e+01 -6.314269761970530581e+00
-4.357459008215410279e+01 9.070867867275632435e+00
3.538987788931112988e+01 8.496251799287804829e+00
4.437960110879261322e+01 3.821929611019383888e+00
1.469326414989284579e+01 -3.175666501984750667e+01
-3.707934496857212281e+01 3.110758228637826406e+01
-2.820325334663055727e+01 2.573514918113135508e+01
4.830169111798642234e+01 1.120668258284861274e+01
1.734504394199358757e+01 -3.917885653544423263e+01
2.109887224702418607e+01 -3.866375373204294874e+01
-4.976154941079024496e+01 4.515382097881174950e+00
-2.412554107074078757e+01 7.328457086492826456e+00
3.551493586663613655e+01 4.084216036764410696e+00
-3.509809180268612039e+01 3.321744740959280762e+01
-2.962408636636137160e+01 2.722525027789929553e+01
3.441177190134356323e+01 8.459457554579529415e+00
-2.319170720021803689e+01 7.076425189193676246e+00
4.167892227355540058e+01 1.447063935651839550e+01
-4.098424048940215414e+01 7.958349928823441388e+00
-2.855165777435630048e+01 1.355655098461684283e+01
4.091048561847907905e+01 -1.849527282997311062e+01
-4.834422168166858569e+01 1.935692182444328679e+01
-3.035073894542744810e+01 2.014864145110284710e+01
4.200565837376042566e+01 -1.365774637378385314e+01
1.818336742484427049e+01 -2.518923719962133134e+01
-3.337966547901999803e+01 2.286021875329668163e+01
3.694342909370345751e+01 -9.212719045728837486e+00
2.565734507032712486e+01 -3.375703427907064480e+01
3.453979066866531866e+01 -1.527749363119056447e+01
-3.698371855066105951e+01 2.198102282461688617e+01
2.832160548145366263e+01 7.947249701272808053e+00
9.643517112725939811e+00 -3.821827108280596264e+01
-4.549724117260731049e+01 1.604482525901140733e+01
3.974552012293707293e+01 -1.302983972812309155e+01
4.026426391614346301e+01 -1.327159994348199135e+01
-2.419832592549190409e+01 2.299759514960794249e+01
1.444148107613355592e+01 -3.439481772790863801e+01
3.474421803939202391e+01 -1.721988878815376012e+01
3.531036714828758960e+01 -1.419443031674513911e+01
2.238512152456797466e+01 -2.995638422160882541e+01
-4.589054628699202709e+01 2.052895617898936820e+01
3.756525640507844344e+01 -1.472026774187051323e+01
-3.276724966764025737e+01 1.621358633042911634e+01
1.644133858234882339e+01 -3.462618031129106555e+01
-3.514010996021308841e+01 2.678839604207621683e+00
2.670805313261820757e+01 -3.248203106882615998e+01
3.779961066393190805e+01 -1.137475301908166436e+01
-3.395348195510980815e+01 2.868541636544356521e+01
-3.116104433439328858e+01 2.883619685280922340e+01
-3.252914558854244831e+01 2.772604374274522243e+01
3.379030641155369352e+01 -7.680164505477915959e+00
-2.356999557538372159e+01 1.548284171547208565e+01
-3.794567535464251051e+01 3.067407630451967648e+01
-3.768650327906620845e+01 3.327341293985816151e+01
-3.910361689100083993e+01 3.328246006034694204e+01
2.294985664310009810e+01 -3.377386484582824266e+01
3.585339001627783517e+01 -1.211766328608104182e+01
-2.167214322150226380e+01 3.836474152158532380e+00
-4.381291858955674456e+01 2.652924737648967835e+01
-3.589013076171477223e+01 3.160305807366585285e+01
3.434741845285174833e+01 -9.084226655217948476e+00
3.676055200648633559e+01 1.123273749947351341e+01
2.964920453015220403e+01 -3.345692200007884765e+01
-4.726514097288131921e+01 2.029103022185946870e+01
2.167942890341312179e+01 -3.624909903584432413e+01
-4.248310528675681041e+01 2.477474621758481987e+01
4.036807121450990365e+01 -6.199519068522348242e+00
-3.375434218797143160e+01 1.533678404601819345e+01
1.696363607878689095e+01 -3.581473740908718639e+01
2.046482201634297482e+01 -1.489432228526157864e+01
-3.663600931745255451e+01 1.887497025603131462e+01
2.213499525906210152e+01 -6.914843278944928784e+00
4.843034457288277395e+01 9.821578481047456677e+00
-3.254283173778639338e+01 2.359496421343976280e+01
-3.256197239879011107e+01 3.680278620805810164e+01
-3.332366192614633604e+01 1.283328737674457898e+01
2.687244987294428000e+01 -1.131184545301156419e+01
-3.749707919265760125e+01 1.198614686633995952e+01
-2.489078905051482238e+01 2.343054243762092259e+00
-3.355080864635812077e+01 1.060516557035880147e+01
4.632311489698109597e+01 -3.790803058161030137e+00
2.301735289436194165e+01 -2.740173084419058824e+01
4.876154508882108018e+01 3.724158848235560981e+00
-4.730787594868107959e+01 2.923559189085509757e+01
-2.863371472093513148e+01 2.446966076559968428e+01
-3.531853038767008002e+01 1.347494816596963041e+01
-3.978144788238044782e+01 2.163663328311942635e+01
2.957873635284751757e+01 -2.212229434398875583e+01
2.804449714449597408e+01 -2.632765174188054047e+01
2.215520798292288873e+01 -2.366070647432083618e+01
-5.328357366419817254e+01 7.645021961273442912e+00
-3.831387453144354538e+01 1.553674632391821930e+01
-3.336401636589245356e+01 1.188812352446398890e+01
3.214772238795317350e+01 -1.609469784225732525e+01
2.606510256519072755e+01 -1.053837310255639181e+01
-4.115737867881367151e+01 2.346354531897863183e+01
-3.890400236158999547e+01 1.696134917692734945e+01
1.684185381697838935e+01 -2.222720338983041088e+01
-4.227592454856162618e+01 1.510688554520419125e+01
1.954823987246030370e+01 -3.001768030569890300e+01
2.433046708353953136e+01 -2.071920165361925470e+01
2.771454169124864464e+01 -3.252185373419609338e+00
9.978893261068492393e+00 -3.872223613378682927e+01
3.604288139752124209e+01 -1.173274119202304844e+00
3.382759191765127582e+01 2.426677780667481965e+00
-3.996039343913970754e+01 2.426410081002852692e+01
-2.478169234254026065e+01 1.831870537959159861e+01
-2.747309477580978765e+01 3.076479087111477551e+00
-4.041740992885659267e+01 1.868465826417357079e+01
-3.439349830557195276e+01 5.525754950322063763e+00
-3.963568830823570011e+01 9.336192351356244146e+00
3.238504949096549979e+01 -1.038760269642536649e+01
-4.340079792372471701e+01 1.901005032955186280e+01
4.279970641951980070e+01 -1.126133083903918752e+01
1.749378443189220533e+01 -4.128537848470115534e+01
-3.843379746570057875e+01 2.706798294988101006e+01
-3.167061900842363187e+01 9.126936934564765735e+00
2.696863243576700597e+01 -1.735437399050880103e+01
3.225683400078281693e+01 1.315312844298571981e+01
-3.038595684968420940e+01 1.579325953761207479e+01
-5.017488173191792100e+01 1.522288819635535617e+01
4.032351256597274869e+01 -1.649761288411177418e+01
4.293883364350491405e+01 1.493687221363240836e+00
1.359918917234283953e+01 -2.543249691614834873e+01
3.533027200922624189e+01 -2.384051639066849759e+01
-3.706904723046826433e+01 4.752247352245383638e+00
-3.423198788867641440e+01 1.960926798271637495e+01
3.095695449160959356e+01 -1.625953901791094580e+01
2.883763174479730651e+01 -2.874979013512517767e+01
3.230169564156820172e+01 -1.136071998714016473e+01
-4.710372731579097660e+01 1.029923493014509717e+01
2.095150676120467992e+01 -2.865035895643177355e+01
3.432427985904705281e+01 2.949386445940903378e+00
3.478821336580222123e+01 -1.021858979978736848e+01
2.596709900046905517e+01 -2.988477057043159846e+01
-3.555703553437511744e+01 1.612058976928577536e+01
-2.585411215819970110e+01 9.603153638092776223e-01
-2.871360382532946431e+01 3.002816245601383116e+01
2.873021643543116355e+01 -3.075760395684734050e+01
3.204452153966981598e+01 -3.264462928458620183e+01
1.244148390930392445e+01 -3.232855716606350427e+01
-2.840826465821245606e+01 9.411649472531362193e+00
2.141922900464015811e+01 -3.548217993400039916e+01
2.667939080463061075e+01 -2.600110739969135665e+01
-3.073007304029802356e+01 1.943146112351883303e+01
-2.924690521028774626e+01 2.928033354420660217e+01
2.785346559741786621e+01 -3.054873949644449382e+01
-2.896648691311443358e+01 3.057998329508687974e+01
2.328155444751635983e+01 -3.203228444733061053e+01
-3.245368466151860076e+01 1.535470101457278602e+01
-2.609918886196357946e+01 7.580422702337743956e+00
-2.982814061066474309e+01 2.788918098466116646e+01
3.776446601912434886e+01 -2.115192542825093724e+01
1.479684249918196848e+01 -3.636402425279798933e+01
2.645707680080010960e+01 -3.475034751514728981e+01
-2.144285297603030571e+01 1.413023983361652824e+01
1.681995194010355732e+01 -3.970188384240222490e+01
2.200940413436704901e+01 -3.799025341456241733e+01
-3.150572423173433734e+01 2.332147314025504414e+01
2.758979394184286704e+01 -3.805872040168564041e+01
-2.963902106881775822e+01 1.241352604602392873e+01
4.289297550238060808e+01 -2.320548689532352604e+00
1.760097571279184692e+01 -3.248687393027908143e+01
-2.558221513430908090e+01 2.400746319591285882e+01
-4.673021956149695200e+01 3.042166910636781552e+01
-4.795855410605140179e+01 2.233109092082791847e+01
4.821217875733599811e+01 1.246835666819704436e+01
3.161285751840307157e+01 -1.878850283579652825e+01
1.812950645009856743e+01 -2.750189223123109628e+01
2.248711505970128499e+01 -3.224721143876450924e+01
-4.835147095055655342e+01 2.083892207028832644e+01
3.024681360540082053e+01 -9.217135731389562991e+00
4.751874804615890469e+01 1.611520961638007066e+01
3.763867614875242396e+01 5.734166848037780539e+00
-2.642195609507969678e+01 3.042539065504175966e+01
-5.475582567478980422e+01 9.021316195042341946e+00
-4.454527782035402339e+01 1.987243576993220984e+01
3.141680561467246591e+01 -2.670233129292628504e+01
-4.521011282808606069e+01 9.872462018271233930e+00
4.594062725183848528e+01 1.660263841738782276e+01
4.926872493403264741e+01 1.559549188641036821e+01
3.243063063789189471e+01 4.960684617664451679e+00
3.800869195431755543e+01 1.887781518945826464e+00
1.101985851121542836e+01 -3.503786889246782010e+01
-3.879417706049142112e+01 -2.229021859019459928e+00
-2.372719791814475343e+01 3.661661057451826906e+00
4.218836380529444341e+01 3.541475273616857766e+00
-4.269315934154067804e+01 3.451799230996433820e+00
1.695009527854777431e+01 -3.114721350838765801e+01
2.518320075195575569e+01 -1.820331217102806320e+01
3.177134175971221808e+01 1.105791407215787103e+01
-4.969225309082954567e+01 2.023996870192938502e+01
-4.628035746109753035e+01 1.837135034093546793e+01
-3.799292113000590376e+01 5.106348307128635966e+00
3.533619856003627291e+01 1.300965836773369233e+01
4.721708892505085231e+01 7.302850197687617673e+00
