-4.715357634277220988e+00 2.834427815362578684e+01
-2.025259178715740305e+01 -2.434376665713684673e+01
-1.701031352932382035e+01 -2.086440702940064895e+01
6.261056122190059581e-01 4.151850455507221227e+01
1.583873079171366172e+01 -2.548216989616038930e+01
-1.059587445995475008e+01 2.732951412243680878e+01
-1.615740726627249657e+01 -2.996670873491043707e+01
8.542585717382085164e+00 -2.161347682513981638e+01
-2.251580574606060203e+00 3.017466824608662179e+01
-1.861241840969968475e+00 -2.445213418682338968e+01
1.693941552740731638e+01 2.830352631890454163e+01
-2.205343073669299159e+00 2.185177284868183634e+01
-1.773594795636815391e+01 -1.517959287889008735e+01
-1.281804451858683080e+01 -2.453437552989677783e+01
-7.727792151811019750e+00 2.729360343817342383e+01
4.426244385319189512e+00 -2.809133232823417714e+01
1.557238294261991918e+01 -3.617713013017633017e+01
-5.501682700783842250e+00 2.281382421668843108e+01
8.145352126865804010e+00 2.722009692007732085e+01
1.172836309798975662e+01 -2.010263224917891733e+01
-1.396788869017385437e+01 -2.530649592066409781e+01
-1.930844278514633316e+01 -1.739591237738709495e+01
3.071775047663904079e+00 -3.448990944244762602e+01
1.676608615233891442e+01 2.842577380926998742e+01
-1.274601248334051817e+01 -2.920514356340297368e+01
6.673389128628071987e+00 -2.839394769140206165e+01
1.345298221784441139e+01 3.222906683131825645e+01
-6.264471038356112409e+00 -2.702505144678926285e+01
-2.369701438527586035e+01 -1.646813024926665747e+01
-7.912420879558259124e+00 -2.997643737936152064e+01
4.221212269887350210e+00 4.101302910022909032e+01
-3.242722435396306668e+00 2.323008155878419601e+01
3.503050935715633862e+00 -2.940457143190737099e+01
-2.545138448127536979e+00 2.638246882860034503e+01
-1.869517496016850444e+01 -1.882118676973025728e+01
1.516373557230829761e+01 -2.656867359277863372e+01
7.346945911412039010e+00 -2.854094139728368162e+01
-5.274495856333956567e+00 -3.475225826016816200e+01
-1.286698054831685090e+00 1.434362679339360547e+01
6.694123913810670956e+00 2.939741970428898554e+01
-1.373498109449577731e+00 -2.856139032135443401e+01
-4.810404728099374694e+00 1.539450258900499335e+01
-1.860040567945510093e+00 2.357359648562869836e+01
1.650961463462603973e+01 3.155355600359236590e+01
1.288322208546759562e+01 2.882985567393524207e+01
-3.605403480470412703e+00 -2.182134010647758871e+01
8.145598166244997884e+00 4.380985311974296792e+01
-2.052408859977667976e+00 -3.320211382662015609e+01
-4.283212289233556902e+00 -2.990794847754141728e+01
7.033632888159514707e+00 2.497104890101287111e+01
1.176931692421720044e+01 3.832436609896797819e+01
-3.178948827711227665e-01 2.004638517361562933e+01
-4.455111173760755605e+00 2.601989549332306950e+01
1.353925432428637876e+01 -2.437466688695844041e+01
1.376187202232858198e+01 -3.635543401159921473e+01
-1.763929234141487967e+01 -1.765259284110158688e+01
5.425480350545090147e+00 2.983598259959836696e+01
-1.232761547927493595e+01 -2.615984260201475564e+01
-1.688781120501421285e+01 -2.491580805673319787e+01
-7.204043503453497088e+00 3.515584663001219212e+01
1.313446886833302862e+01 -3.699438985085459564e+01
1.186106761268612786e+01 3.263517477000245037e+01
6.369801657805404638e+00 3.347845210474061872e+01
1.417112961396044390e+01 3.337869777207061617e+01
1.716956847718048351e+01 -2.967905629721552430e+01
1.043307986532172293e+01 -2.759188830044844210e+01
-9.245265020029952652e+00 -2.313200502943140435e+01
-6.272230141177668195e+00 3.987602228838844809e+01
-1.627778756406160454e+01 -2.797567918251446528e+01
8.910541061889027503e+00 2.973613382345748946e+01
8.557731679651165990e+00 3.680958756338277027e+01
-1.031673798240096751e+00 -2.433339825747128060e+01
-2.252440144888436890e+01 -2.219795887157421177e+01
-1.149174497887386570e+00 3.901828677939410994e+01
1.770464250050198274e+01 -2.699682278135899693e+01
1.019523678951107826e+01 -2.424290314489018883e+01
-2.974747525680898175e+00 4.064975578638480869e+01
-1.427617384305930237e+01 3.714073375608326444e+01
1.837463643840165517e+01 -1.931646657563572944e+01
1.761857330750573780e+01 -2.107034276815316076e+01
-3.130242232620893406e-01 -3.244754309837451700e+01
1.318850964144858118e+01 -2.631278971744021433e+01
-8.998253702922104580e+00 -1.981873957987068380e+01
-1.026782890457356068e+01 -3.022600446503700411e+01
1.546302928874518123e+01 -2.476495623053109441e+01
-2.646368306374886181e+00 3.982928961791306932e+01
1.913737812891626699e+00 1.737259436369722820e+01
1.206564450271794442e+01 -2.605363352982357128e+01
1.315700966225931445e+01 2.619543230521380650e+01
-5.204618526694260616e+00 -3.566628693277968409e+01
-1.696454078342950211e+01 -2.227062517958415810e+01
-1.307572219273006020e+01 3.323131684925373719e+01
1.113464022091791961e+01 -2.421392578748943691e+01
-1.533638383470230160e+01 -2.375843913429966037e+01
-1.898199506088650290e+00 3.629217895338057076e+01
8.848159855215503855e-01 -2.425416699453800717e+01
-7.738130994136000140e+00 2.449345441493104758e+01
-3.236308337301807114e+00 2.210010020439162659e+01
-5.684467134227615404e+00 2.010286714974898814e+01
3.416513034374185853e+00 2.067286968115203294e+01
-6.158788758373890282e+00 3.621323490017476132e+01
1.084285641509449860e+01 -3.421078750707984284e+01
-1.773151955729024110e+01 -2.358879628337997403e+01
8.388170089639126914e+00 -3.067307589969431447e+01
-2.859827463345780085e+00 3.867974591976423682e+01
-1.179186428762988648e+01 3.187746103106598738e+01
-6.906907968174808232e+00 3.728062328710844042e+01
-4.636528221015743689e+00 3.740413054571659046e+01
-1.084994466414122449e+01 3.590928692315745963e+01
1.482849372593363846e+01 -2.834027937127623176e+01
5.666952906464324258e+00 -3.150538238313994910e+01
1.937226979392835702e+01 -2.970507920080657982e+01
-1.584060256444037940e+01 -1.920857971953164167e+01
-6.469512909213836593e+00 3.892839803849872737e+01
2.863990671714933961e-02 3.742406643463043991e+01
9.441440363656287360e+00 -2.861210864647338425e+01
2.092036343939265564e+01 -2.142405519433572891e+01
-1.165672433191963009e+01 3.401478168629030563e+01
8.297991639668490294e+00 -2.985982339005994390e+01
-8.646752213094377026e+00 3.123972077289021243e+01
-9.989837684785399574e+00 3.260592923211969918e+01
-2.086547136362192134e+01 -1.761243095076611453e+01
1.116507905081053131e+01 -2.910523939096892931e+01
1.344807341432230707e+01 2.693568246675095779e+01
1.268538428673687868e+01 -2.953932630956865779e+01
1.784997054406973405e+01 -3.132006478768311553e+01
1.335670711522657506e+01 -2.785803686816274194e+01
-1.553817088045253758e+00 1.872825584037683555e+01
8.573320271302005580e+00 -3.301247660227520697e+01
1.224909228775419834e+01 -2.744566414240373575e+01
-9.913638995549241884e+00 3.431800544743496317e+01
-1.166884864243204412e+01 3.302156805765320513e+01
-1.471627422948244934e+01 -1.592888064823643823e+01
1.441589001407516868e+01 2.647734951459228014e+01
-2.000142830431903107e+00 1.907875350309573648e+01
1.844115378665578930e+01 -2.515897042777915260e+01
1.382529824036522248e+00 -3.283235151488968029e+01
-1.000014750513910400e+01 3.965057377197899768e+01
1.312824687941603941e+01 -2.191803012373449988e+01
8.164971988180496965e+00 3.233833369778940892e+01
-3.768612775041508378e+00 -3.064475824461838016e+01
4.511752917113178718e+00 2.312291555728308978e+01
1.485323780082870471e+01 -2.870873908195955337e+01
1.836432825210957631e+01 -2.110534144404484991e+01
1.638362829556679445e+00 1.829200040138652739e+01
7.949579858335920513e+00 3.419364147312806779e+01
-7.728569897372039144e+00 -3.390284570705452438e+01
-1.232431418756878827e+01 -2.207559088984319828e+01
1.694463660410255557e+01 -2.731870591055191611e+01
-4.412780897169495731e+00 3.647017920177925276e+01
9.026352842306952340e+00 -2.387559587192290067e+01
-7.460422018509262010e+00 -2.880655978788862726e+01
4.797659154102963619e+00 2.612937903669782713e+01
1.160268676294544754e+01 -3.898694264837011048e+01
4.852427730687527863e+00 2.750021691737619989e+01
-3.383621378786913603e+00 1.788998395952292242e+01
-6.366588097220009068e+00 -2.299548220349202055e+01
-5.720994615493119717e+00 3.055585018046965473e+01
-8.859153703817499448e+00 3.069814536786689629e+01
4.009704815030105785e+00 -3.273395074821617357e+01
-5.783575324650755078e+00 -3.091707062073489354e+01
1.057671755413260506e+01 -3.453530993339933275e+01
-1.024432756217556140e+01 -1.961424133340533160e+01
6.427387327120126059e+00 -3.809372067765323777e+01
-3.575882025604134817e+00 1.937398947393292659e+01
1.079696803086882895e+01 3.527748064373983539e+01
3.906131085232933398e+00 -2.768509260976528807e+01
-1.518384742081639516e+01 2.858032720805410065e+01
4.022289170570839900e+00 -3.689407191712300005e+01
-7.141767897869545356e-01 3.117602352586840908e+01
2.611770427475671230e+00 3.244715281370370974e+01
4.191120872383780949e+00 -3.362512701609933430e+01
-4.640802476651650466e+00 3.271949069619233796e+01
3.253620115717347883e+00 2.860529549502991742e+01
6.747775296615275309e+00 -3.438934188568902783e+01
-8.726009865828556755e+00 2.457626446639924467e+01
6.705161064854457287e+00 3.194783802005742146e+01
-9.145740332345836165e+00 2.882504305842004300e+01
-3.613780911752533243e+00 3.972545376236891457e+01
1.221843167692681220e+01 -3.236182782559700399e+01
-1.425513937275485077e+01 3.727442556998135359e+01
-9.728585966252282446e+00 3.804818545716379674e+01
-1.331951637116750753e+01 -1.995158745506536846e+01
-2.084345703055454990e+01 -1.938233886184729471e+01
2.295503432353243500e+00 1.879718010006741480e+01
-6.254993689855106176e+00 -2.862279268537959354e+01
-6.964252697043484375e+00 3.303920507017364372e+01
3.811606205190768204e+00 -2.275730117405102249e+01
-2.620179842663928227e+00 3.428389137894778571e+01
5.502547975671298053e-01 -3.147976086831789289e+01
7.789474148216353200e+00 -3.308097141505218985e+01
-2.215536981078542578e+00 3.698082198400565090e+01
1.424803027865827509e+01 -2.290628239423671886e+01
1.046207861859205046e+01 -2.665588129541733053e+01
-1.234007634922672558e+01 -1.975828989697343729e+01
6.841494629771178282e+00 3.498954626829451087e+01
9.648733806570534810e+00 2.857527251334233398e+01
-1.936822724416447628e+01 -2.192005811725850961e+01
1.312612721754043932e+01 -3.118853430215291667e+01
1.380379309396618126e+01 3.117019030730783058e+01
1.009951489007085179e+01 2.602154845281542350e+01
1.492626197000280186e+01 -2.265009926913162985e+01
-4.549678418200509888e+00 1.473508380918764438e+01
-3.894687077765405903e+00 2.827648061921556177e+01
3.234768406226766313e+00 2.455095018483988056e+01
-5.215302830042777060e+00 -3.220910452016269687e+01
1.320105142740227722e+00 3.968640449418172977e+01
-1.448184741863547131e+01 -2.206329972738345191e+01
2.983448207573508260e+00 3.185287133733244502e+01
-2.009858873599364326e+00 -2.986972674180098508e+01
-1.458675356820446112e+01 -2.681711025505188317e+01
-2.796527389938696651e+00 -3.342217465329392212e+01
8.483508573491207017e+00 3.699985848890856488e+01
2.249141280441283808e+00 -2.417699428166644893e+01
-2.234022424426442299e+01 -1.695585321837724280e+01
1.194568225633237946e+00 -3.075417064704638648e+01
2.093753320569314624e+00 -3.017931466379134164e+01
-1.654159765374845747e+01 -1.922173753561641618e+01
-1.516105881116428655e+01 -2.173681747863710356e+01
2.155594679695725269e+00 3.616304853013172504e+01
3.007398016428151521e+00 2.815420624277424366e+01
-1.825292567319937120e+01 -2.030003632266243585e+01
-1.388247012073906284e+01 -2.687006280630639665e+01
3.244928322359646455e-01 -3.515844752789413974e+01
1.012511482027485776e+01 3.187276323235779074e+01
1.045015712605754565e+01 3.441331217777093343e+01
8.139389745168692514e+00 2.532303715002921152e+01
2.355496833725018391e+00 3.848756162870866149e+01
-1.862237443622219857e+01 -2.746971066366761249e+01
-5.628592854885399177e-01 -3.091704158191456742e+01
-1.922887549841817645e+00 1.573274772344298533e+01
5.061280758496464749e+00 4.189455845048835414e+01
-6.159333711912864384e-01 -2.502327070888505389e+01
4.502861854368608974e+00 -2.194629765752404538e+01
2.933269209187127746e+00 4.056763983386137795e+01
7.155029506004288109e+00 4.049310139019338806e+01
5.910920988240000895e+00 -2.570231059687456820e+01
1.561513233491691288e+01 -3.130097623167585752e+01
4.314777728506060228e+00 3.207498716044668896e+01
-1.302622223401276091e+00 2.611942706911783318e+01
-4.393478062976743814e+00 1.698967738136121497e+01
9.279703272061544439e+00 -3.582095135377179673e+01
8.460944194704838495e+00 4.380897182098592424e+01
5.387887646806489350e+00 3.820967851037182328e+01
-1.186845546464493673e+01 -2.777314590622510337e+01
-8.565496888019785260e+00 3.780604121297917430e+01
-6.474740188420264886e-01 2.843934321032305945e+01
-2.633638492994662794e+00 -2.783998436066169191e+01
7.486368886898227437e+00 3.992029436371579720e+01
-3.261645854187730786e-01 3.127461358106640432e+01
-1.680271541665896962e+01 -2.339734591711373568e+01
5.604334815361235123e+00 -3.694298860027366516e+01
-2.285512781765236312e+01 -1.742506965645115002e+01
9.960290816558998728e+00 -3.129576349467263441e+01
-3.592926377194820997e+00 3.223092793794270960e+01
-7.240203920619648237e+00 2.726994185582118035e+01
-3.522480032625473712e+00 2.702462439276969164e+01
-7.570148107400560544e-01 -2.667190415528958525e+01
3.398608619973750855e+00 3.559786288415144639e+01
-2.046129182308495231e+01 -2.173966698047879831e+01
4.909590407378375154e+00 3.432038947048667410e+01
-2.504261425062760393e-01 2.337637926311268188e+01
7.660398305564717347e+00 -2.200557093217737403e+01
1.996403614025082041e+00 2.662124584692182339e+01
-4.529296118385554237e+00 3.506702842606105008e+01
2.146455535913911472e+00 -2.639392603577118379e+01
-1.072331092871843694e+01 2.673704242759517058e+01
1.045005325978778465e+01 3.779326156449875640e+01
-1.181664959268764648e+01 -2.234420537998271783e+01
-7.178094555972444057e-01 -2.806500137494566260e+01
-8.185344600458433817e+00 -2.798563209134656304e+01
7.514291676895600014e-02 3.421179898124466234e+01
1.158166091673324161e+01 3.002508848575235589e+01
-1.069441771140610697e+01 -2.497517498423633597e+01
-1.324082070390074684e+01 -1.792147553155052719e+01
-3.539635476340984077e+00 2.401116552706337615e+01
-1.354208063145116370e+01 -2.349908370382872747e+01
-1.063498487151265159e+01 -2.683055287324296856e+01
2.611522863227893065e+00 2.369437736320912435e+01
1.120517230995071856e+01 3.059756275982659446e+01
-1.145399658020710376e+01 -2.542607052515214505e+01
1.796152370225366557e+00 2.809112760827642674e+01
9.494844469660238317e+00 3.201770832949044632e+01
-6.141011186626584850e-01 -3.797028717114286422e+01
-1.510519403665629135e+01 -2.817503959844006545e+01
-1.938836320446758421e+01 -1.859978147814795335e+01
5.436468150520109788e+00 3.147740965687027526e+01
3.202883496725033030e+00 2.548138178223453210e+01
8.448698298583749988e+00 -2.544617719790117505e+01
-1.818780769623085902e+01 -2.607643537694919900e+01
9.522992948900654397e+00 4.346755086797714540e+01
-5.051606318068358803e+00 -2.581801447417777240e+01
-1.891641165084235965e+01 -2.562403601948012621e+01
1.202284927296210615e+00 -2.773203773742107003e+01
1.610875630145316606e+01 -2.146112455167833843e+01
-8.089834900739674595e+00 4.023430313471028086e+01
-2.205484185765862648e+01 -2.633584058567314656e+01
-6.667895904712112243e-01 3.602041594389074675e+01
1.778470274090217274e+01 -2.271428120306513421e+01
1.672915146628115224e+01 -2.008006233030681642e+01
2.119654584446377044e+01 -2.465106191716811423e+01
1.103109229074711983e+01 -3.153640182954157112e+01
1.656859012766673800e+01 -3.240741663418808116e+01
-7.705074641047005457e+00 3.575576829677159196e+01
7.877880960196441684e+00 -2.443569202129854290e+01
1.905166985089353204e+01 -2.736209417379286890e+01
