-3.976199321902075923e+01 -5.065428866202695168e+00
-2.551953992479785072e+01 4.446749853624072557e+01
-7.501589449810660781e+00 1.341876411338351360e+01
1.186329607450699264e+01 -1.636809824225084142e+01
-1.754300024288535198e+01 2.225793989528281713e+01
3.592743458711665028e+01 -4.941807433352747125e+01
-2.332435443967755617e+01 -3.363692098438275657e+00
-7.065475937688391106e+00 2.796881209488234177e+01
-4.181960427216365872e+01 2.143782401815403560e+01
2.544815566265582518e+01 -1.567761656732483289e+01
4.204006720797732299e+00 -2.617903323812015870e+01
-4.520262496290801124e+01 7.157954305472284950e+00
-3.266402161079134459e+01 5.540684819895418833e+00
-2.067280329185078003e+01 9.097478192457970181e+00
1.616324227907159283e+01 -3.156575176115752779e+00
-3.047492112843396939e+01 1.754999553382659272e+01
2.231738949706954855e+00 2.271308008554167657e+01
-1.187468978546426079e+01 1.613629932172824022e+00
1.951387121786438783e+01 -4.850165336761005364e+01
2.556846686879371688e+01 2.928485242174001080e+00
9.551768984744157365e+00 4.562297426786118848e+01
3.552014903514117350e+01 -7.461190374410179516e+00
2.094539247824568307e+01 -2.524941842196031772e+01
-1.735442833544845698e+01 3.490457639303849646e+01
4.155787194704411291e+01 -3.665165491543118037e+01
-2.739121383673333554e+01 2.949623598870425667e+01
2.732285441396450665e+01 -3.636190802968168612e+01
1.524374687760533931e+01 -3.421249912416934791e+01
6.355538612294765244e+00 -4.407578294578563316e+01
-1.284081512757614973e+01 4.588955807617908533e+01
3.185689660603576812e+01 -2.531715622677850774e+01
-2.290219943101127864e+00 3.714752070794761352e+01
4.439522385724487918e+01 -2.123302257740758847e+01
1.038423125036395156e+01 3.088476181281119892e+01
1.792381588898419764e+01 -5.818194128780775287e+01
-3.867640680383075846e+01 3.637697177699629236e+01
