3.468832597786818610e+02 -1.695120651273053340e+02
4.411820792755424350e+02 1.431370220595048295e+02
-1.966447530284132768e+02 -3.958140981057209729e+02
-1.221563021326563216e+02 3.821701787334711184e+02
1.573645445316211919e+02 -4.419183563750257804e+02
-3.933553006754815442e+02 -1.386352830817890549e+02
-1.555016619288134905e+02 6.472169277138408461e+01
2.011185896130207595e+02 4.064511116795175099e+02
1.318838810676948867e+02 1.030882183349694117e+02
-4.237768787259530541e+02 2.135490024006926149e+02
1.300254222475669685e+01 -1.672374232896984836e+02
