4.503541729670833149e+01 4.401552560512725876e+01
-1.014546581166854544e+01 2.013694624750234397e+01
1.594187453470467197e+00 -1.034458569433535473e+02
-1.390841760590923393e+01 1.043019946611072584e+02
6.429214492694786998e+01 -4.986068919530968913e+01
-7.285609262092495442e+01 -1.287591700149762275e+01
6.692691235818958306e-01 7.603938521835256381e+01
-3.589678634843309624e+01 3.635302903643879091e+01
1.510577275165078248e+01 -6.676044801262155204e+01
-8.970076458958361343e+01 2.234314009739488682e+01
-6.503427416877468659e+01 4.776080740876427910e+01
-3.266381334465254582e+01 2.547152346155824976e+00
-2.871136584032160322e+00 -4.330405696361690104e+01
-6.194689559333422579e+01 1.792322979671590844e+01
-3.470226173358331323e+01 7.294143727617101547e+01
-7.345992014806061832e+01 7.236850329759876388e+01
7.243339815647165381e+01 -8.243027629644089416e+01
-3.362899790171973535e+01 -5.640911376212085315e+01
2.780418009743602070e+01 -3.946163673562293184e+01
-1.743304157421943401e+01 -7.758718221600167908e+01
-1.519369911989028665e+01 5.497364150810367533e+01
4.091395484131208349e+01 -7.290373567134429322e+01
-4.955969814500523540e+01 1.023595950161197976e+02
3.185077201570921446e+01 -1.022461152888969025e+02
5.941778478951087550e+01 -1.884413764605504937e+01
9.921751595851871741e+01 -5.731020251334252436e+01
1.134972670127251071e+01 4.009440056994206714e+01
3.162684071281634246e+01 7.159676833169828569e+01
3.204790570196864508e+01 9.951272045185164927e+01
6.239264657430879879e+01 -1.103511592000359940e+02
1.324974818810762223e+01 8.522250577216077261e+00
