-1.947345860337581058e+01 -1.643582394349456877e+01
1.817815825312614209e+01 4.037899033967984330e+00
-1.956071019041106496e+01 -8.525845829586218727e+00
7.635405399702702489e+00 2.412239947988613054e+01
1.098254634581897804e+01 3.969071323115966887e+00
4.891622201689134641e+00 1.522702221395210387e+01
-1.750530658560710151e+01 -4.937569018922695285e+00
7.228075390810705159e+00 9.712998718423975220e+00
-5.816790150282895588e+00 -2.153789418506060116e+01
1.652971433384189481e+01 -2.149331046101424558e+00
1.072882526619939547e+01 1.216695542017602172e+01
5.752555780395510965e+00 6.732213738490102628e+00
-1.586920870150081875e+01 -1.862734144328469199e+01
3.021823579179342190e+00 1.332621923751990067e+01
1.216429491805746288e+01 1.614247859895029791e+01
1.434031910528704934e+01 2.680411619787578026e+00
8.923015011252422468e+00 1.801310375207812697e+01
-4.552940541634398208e+00 -1.862767989760352805e+01
1.650144973402146320e+01 6.448195476412534433e+00
1.238457403308166427e+01 -8.447305688462274365e-01
-1.801044489268156212e+01 -1.895986152953171100e+01
4.184638458577838449e+00 1.460836315448635681e+01
-7.626702900681345376e+00 -6.022165501295583034e+00
1.320945023959982123e+01 1.847780621938505519e+01
2.692806458654278590e+00 3.437212772618470247e+00
-1.140042061970907739e+01 -6.654207449083428649e+00
1.181909847276772751e+01 9.974652859010662453e+00
-7.441631405686623957e+00 -3.536997256188871397e+00
-6.917223549303547436e+00 -1.661784310549315791e+01
-6.362583434831568852e+00 -2.091521001008134917e+01
1.256850343135109682e+01 9.599568533863211073e+00
9.431163816532400546e+00 7.450155504643698023e+00
1.117041277015315792e+01 5.631340087240642944e+00
-1.344734533126484521e+01 -1.427501360293302213e+01
-1.226713645081191828e+01 -2.298181982175548299e+01
-8.190850569296275197e+00 -9.740450174199661859e+00
-8.704495478992017254e+00 -4.942273140564712008e+00
1.137384823081630181e+01 1.707773891545965483e+01
5.973803339716773131e+00 1.291996797083832327e+01
1.994547479216291563e+01 -9.730368882250963747e-01
-1.500089223548801520e+01 -8.052923537052816272e+00
1.208884235858770850e+01 -2.900770854284543177e+00
-2.054198182694717900e+01 -1.321403677246588870e+01
8.171118046905293753e+00 1.508816092635037265e+01
7.470329867401352963e+00 1.651247438723027372e+01
1.393251167046255468e+01 5.402227346093686933e+00
-1.616902992612515533e+01 -1.100740210752570647e+01
-7.502466405619731660e+00 -1.395238628885434018e+01
4.519493300562631433e+00 1.070749902444750212e+01
1.040904336600989843e+01 2.165874101325789614e+00
-1.808549765593621572e+01 -1.541698629530736220e+01
9.906576645249760560e+00 2.386206780943794570e+01
8.869879044961523462e+00 2.161135821334950435e+01
-1.951857606205351914e+01 -1.942547214193519878e+01
3.517052560494132063e+00 2.547808316913528870e+01
1.015567689098887527e+01 2.631811155105744149e+01
1.070415084003605344e+01 1.912744100542115078e+01
1.563602200660949793e+00 1.775800984649102432e+01
-2.097784900524089124e+01 -1.515696383912891676e+01
-3.761088306950906901e+00 -1.334176227544118731e+01
8.283759132851731266e+00 1.939492099767252142e+01
7.647457160181765801e+00 1.003911390106915213e+00
1.601698984631095612e+01 -4.091086071836623761e-01
7.011518487044610559e+00 2.090302970045940256e+01
1.856114306120202784e+01 -2.079339602233131856e+00
-1.991918861576744249e+01 -1.453104859349140376e+01
-9.346210300945600125e+00 -1.241823151726247687e+01
-6.438192584511025274e+00 -6.102620184362756106e+00
-5.413520609768148084e+00 -1.374132980887482347e+01
-1.588437818905795140e+01 -1.323221284036030276e+01
1.465409605423075767e+01 1.221535864296865004e+00
1.773034995004470815e+01 1.873427349710872392e+01
-2.021660125934901586e+01 -9.744301914250977248e+00
-1.904927756807103734e+01 -1.379002978934839163e+01
-1.529251157366972436e+01 -1.126322451668438696e+01
-2.421230393119657975e+01 -1.631185738437900667e+01
1.169138805258803693e+01 2.099688625463973324e+01
1.282234163088908652e+01 2.097113580979634406e+01
-1.808960199737037300e+01 -1.154985850793745250e+01
-1.689668956692537094e+01 -1.589447698947118326e+01
1.271836805872534448e+01 1.520344255697131253e+01
5.597221349468694207e+00 2.292090041441267445e+01
-2.437424363806053407e+01 -1.447171914214529664e+01
1.387837804998148350e+01 1.383674638324196060e+01
-2.182597699604098196e+01 -1.734547781367690433e+01
7.023092468273783417e+00 1.683076880458326485e+01
-2.232573988163354173e+00 -1.198827771591370528e+01
7.741907453856231136e+00 1.898259799295368211e+01
1.110209807205359844e+01 2.328167222930372660e+01
9.311414900994458677e+00 1.989237695417771334e+01
-9.497369739987361115e+00 -9.559090297600469910e+00
5.475651481975813972e+00 2.021501362025447079e+01
-2.562994331487239918e+01 -1.318188043012130173e+01
-2.454189111630094544e+01 -1.676484407361030193e+01
2.083452317307072121e+01 2.027714093916736626e+00
-3.562346336342561148e+00 -7.710139523588732224e+00
4.114345526337371162e+00 2.101768990939056181e+01
1.098962134565481286e+01 4.822116711649575116e+00
8.267053315849558492e-01 1.381367449438817907e+01
-5.431016605193731195e+00 -1.803578093210203903e+01
1.143550914825740072e+01 7.558191632245054414e+00
-3.322275191006453188e+00 -1.516455074696203909e+01
1.838457548966035660e+01 8.975219224688105513e+00
1.607400974020332995e+01 5.326644451964329008e+00
6.639522778453795127e+00 1.385615333978652863e+01
-1.554739868716514373e+01 -9.613451178752416837e+00
5.868969782579711136e+00 2.088200000673032619e+01
1.419001722289145917e+01 6.850679394905087705e+00
1.766484493450309401e+01 1.392027283699504814e+01
-1.205212757179396021e+01 -1.401476566173759153e+01
-6.562572552179296359e+00 -3.420939796885134943e+00
1.542601913638374000e+01 9.842883577084952762e+00
8.531723703244619372e+00 1.406605343955735776e+01
7.731391030761463945e+00 1.044182587068710610e+01
2.953990329289359451e+00 8.320549703987746071e+00
-1.910223338531258008e+01 -2.178130051914089549e+01
-1.372200312155447044e+01 -1.310909153726551324e+01
1.488326071773506243e+01 1.632443436432557604e+01
-1.803334630614240552e+01 -5.064378124590485086e+00
9.167109047652736820e+00 1.177490300555858482e+01
3.005467978926526840e+00 4.549978084182927596e+00
-1.300478666850803222e+01 -5.668394940161769036e+00
1.025909889999973013e+00 5.302149566853448626e+00
-2.267589769542206568e+01 -1.273354780961914656e+01
8.322479228469562784e+00 2.311111369497498913e+01
-2.229169408627706872e+01 -1.460993286869172536e+01
1.808725036184807067e+01 1.756028262428368736e+00
1.750615595959478554e+01 1.467418280103716943e-01
1.693901122307315532e+01 1.837756099151669886e+01
-2.326853044058218245e+01 -1.054297379970453008e+01
9.794788339281598866e+00 1.124284595362713723e+01
-8.121138612216569186e+00 -6.865202471786477467e+00
1.114885905439769331e+01 2.059455760545456471e+01
1.389152363379672650e+01 -9.155915524356884605e-01
-9.792891602509236293e+00 -1.442848566697238866e+01
1.894103709693612458e+01 5.130151159495742741e-01
1.515480711399991742e+00 2.108743102664884006e+01
-5.785063157323415695e-01 -6.594324585713013498e+00
-1.905185911243710706e+01 -1.827137814860031284e+01
-9.091740006178683942e+00 -1.306559679883970837e+01
1.245525848112328227e+01 3.611437323254103493e+00
-1.784307144108175436e+01 -1.034772877224315302e+01
-1.270023959350912612e+01 -9.363240642919338441e+00
1.372095487678990899e+01 5.091234663008569861e+00
1.594077259563023263e+00 1.193271248392918871e+01
8.220331991551425688e+00 3.931600768282534464e+00
1.277301546212754957e+01 -1.173782947384121478e+00
-1.526239231186169754e+01 -1.835060244307391386e+01
-1.531545424286250956e+01 -1.399738762721279528e+01
-7.275759561826153465e+00 -1.198669436951383993e+01
-1.451443337004406331e+01 -1.579742831514115231e+01
1.530854955247584037e+01 2.532387517083127815e+00
9.672727942352301156e+00 1.376008256118444351e+01
-1.465272442728063318e+01 -2.231847775810031465e+01
-1.036972175123632489e+01 -1.733013122220102176e+01
9.276098932766380756e+00 6.051481411412307665e+00
9.705370138763775856e+00 1.524264102992902536e+01
-1.775106019196247686e+01 -1.398544780458387571e+01
-1.139504830602282937e+01 -1.918050537084478790e+01
1.193596532087687301e+01 1.225333645646881031e+01
1.196585897894938277e+01 2.385974616275242965e+01
-7.701784872934030801e+00 -1.515915992954937330e+01
-5.347456912170357235e+00 -2.031870484035028568e+00
9.148392687043260807e+00 9.621835012821275512e+00
-1.590958389526482719e+01 -1.616166035379427157e+01
-2.514932685608987484e+01 -1.379511436049899231e+01
8.198964937691673782e+00 6.357745905230743233e+00
-2.240476011213775820e+01 -2.179264930151164847e+01
-1.212287757495129270e+01 -1.956291777356231520e+01
1.933872543980778502e+01 -3.208375419779259996e+00
3.805205542722099654e+00 1.731255097344441296e+01
-1.340421473226128235e+01 -1.754850481342971236e+01
-1.050582710510069795e+01 -1.009939793121380980e+01
1.607526509907515688e+01 -4.658092978624357450e+00
-1.157247632701275464e+01 -1.522284585248744371e+01
-1.548936481603915638e+01 -2.196702539249737995e+01
-3.531533266942792793e+00 -1.276947607779879768e+01
-1.247175125690462849e+01 -3.442470789956111776e+00
1.448235246838254398e+01 1.290599293817541593e+01
-1.180946107809897505e+01 -1.152384475443641954e+01
-9.605489084821538626e+00 -1.926254488109989893e+01
1.308169433093465450e+01 1.051272138225387343e+00
1.435588388292136486e+01 8.073762529007838751e+00
1.035440783468000703e+01 -1.522788849001043721e+00
-1.403113574962768872e+01 -1.116760342604804990e+01
1.228555859594336930e+01 -4.162467495386513505e+00
1.708102108834888355e+01 3.887758357307687707e+00
-1.500073801276042040e+01 -1.985283350274716696e+01
-1.052048800280036467e+01 -1.786379973772981344e+01
1.427097388225025654e+01 -2.208009272880914420e+00
-6.734527562795602051e+00 -1.999428308533405385e+01
7.139896174056085343e+00 6.328104131519903142e+00
1.449589614949827521e+01 1.874368657410572792e-01
1.909034092022753271e+01 -1.303827062350145116e+00
-1.307941954999982492e+01 -5.711454129807454372e+00
5.204667725726245919e+00 1.825487274556165573e+01
8.919939355772529055e+00 -1.123731514190004832e+00
4.899026050081341843e+00 2.360225910692567197e+01
2.106386671704692759e+01 5.639592628176575140e+00
-1.983779772093512861e+01 -1.117160762645818650e+01
3.968257965116115837e+00 2.461926541649668820e+01
1.006693336718472231e+01 1.742398908890205433e+01
-2.231403389859536546e+01 -1.789602496204602744e+01
1.434481126934742967e+01 2.156654306520310271e+01
