-2.670306135746445264e+01 3.291677544011547951e+01
1.223994600798428856e+01 1.572454349206014435e+01
-4.936348942158088171e+00 2.476104490342710562e+01
-1.147551714741905826e+01 2.143664729134098934e+01
1.044765467175080609e+01 -2.482877086569985181e+01
4.378756372067555525e+00 1.674301014062213611e+01
9.593975569782045909e+00 2.205276083171160550e+01
5.833717234751965464e+00 -5.187991843742398856e+01
1.487168501007771049e+01 -2.974204574058037664e+01
2.680275216554871065e+01 2.676698693746134339e+01
-2.119427299823797739e+00 9.766153192545024453e+00
1.489014460473980073e+01 2.600885471580655661e+01
1.488112643574483585e+01 6.703317881451471116e+00
-6.274523361318313341e+00 3.220388530177822162e+01
-3.094431435658723029e+00 -3.120426035432012313e+01
1.261057529922382514e+00 -2.442213329291381996e+01
-1.898932519977313049e+01 3.459462551867433433e+01
-5.819237736247044879e+00 1.666996809862702733e+01
-1.904987866360976412e+01 1.983167940566582388e+01
-9.267728391952426703e-01 -1.506363900522234189e+01
-9.964632831025049597e+00 4.124830036562746471e+01
1.510796325083402003e+01 3.276991219224294838e+01
-8.797466188473290316e+00 1.042585749042419785e+01
-1.603260669218857259e+01 -3.998829761683028039e+01
-7.450832138156946449e+00 -1.243969631497136419e+01
3.138924285030622841e+01 2.020323575092312751e+01
-1.443605013552666883e+01 1.401726803803989085e+01
-8.878549593492021330e+00 -2.355181383836636044e+01
2.316213919943391986e+00 -3.602482260360649491e+01
1.932034096021861602e+00 3.278190982381283902e+01
1.786228288386205421e+01 -4.013534187758200034e+01
2.701617578920515600e-02 4.064110490431264822e+01
-3.861013439327656727e+00 -3.882668263663821051e+01
5.423745766469441953e+00 -3.024569836721241245e+01
2.269660170141196076e+01 1.515569236130836117e+01
2.039231453872396127e+00 -4.301052964606726192e+01
8.205784371523966669e+00 2.962850495124683903e+01
-1.063481716001244237e+01 -3.208745553681615803e+01
8.103354561016114843e+00 3.780796224828087304e+01
8.630288461748344631e+00 -3.665231374526116070e+01
-1.886508773439754094e+01 -4.911861341967053818e+01
-2.492301496512863324e+01 1.711945189870762718e+01
9.612916601864561983e+00 -4.296988412511596778e+01
-9.916009621142372055e+00 -4.405465572941593422e+01
2.131735169920458972e+01 2.359171500658025877e+01
-3.834313735244413213e+00 -4.895520193395736186e+01
2.293578157540401818e+01 3.381235274552498993e+01
-2.086761463714495690e+01 -3.720371908285631690e+01
-2.261443499563161552e+01 2.587877585049474760e+01
1.448351634960500789e+00 2.355449387370523340e+01
-1.378400875704300077e+01 2.758870351800900522e+01
