4.591970817283384104e-02 4.663163425007223140e+00
7.814367012438118820e+00 -6.062186906450900636e+00
-5.169168891548900469e+00 -1.642665958165595574e+00
-1.550263797969375856e+00 2.588065752265271247e+00
-6.162570904197777644e+00 2.994132577470362655e+00
-5.124314320399009581e+00 4.300996961403047436e+00
-3.949923163800626913e+00 5.543050269083007464e+00
-4.619031279081519337e+00 -8.635585564878587306e-01
-3.227699387863630864e+00 3.477729989859353665e+00
-1.217805411334480725e+00 3.775848781256686770e+00
5.599738598965452674e+00 -5.856719860085758178e+00
3.377806631757861444e-01 2.653621345942820953e-01
-4.575659677017876348e+00 1.528754757892569760e+00
-8.299824092296049116e+00 3.016854824652180689e+00
-3.555943145020857177e+00 2.924366189371802260e+00
1.083070453222682694e+01 -2.331542038283906049e+00
4.186731024184479288e+00 -1.758814700690068289e+00
-3.463929266383969363e+00 -5.987010850517328064e-01
7.575162792049352500e-01 5.413643325764168068e+00
2.476975574204786312e+00 -4.251108563778926985e+00
-6.680146719773023989e+00 -2.768523708669855532e-01
-5.251029044345087549e+00 -1.128159441631146204e-01
-3.842627638648941524e+00 4.330665456898866950e+00
6.407172917966222903e-01 2.588508517126191233e+00
-9.112471785774710398e+00 1.963614158912380114e-01
-4.018667570405500378e+00 -3.012693477610585813e+00
-8.413587352018467413e+00 2.540943462024617405e-01
6.371926378626021403e+00 -1.987816972510906721e+00
6.446367855140175074e+00 -2.621849470242429980e+00
5.045206962490103919e+00 -3.775556335014616405e+00
6.532464681763210379e+00 -5.335437470288337813e+00
7.997698876877763929e+00 -4.443761047586936463e+00
-7.875046781244321892e+00 -1.325697461369820029e+00
-7.278896602343749578e+00 -4.031452868217471064e-01
7.753054640881372528e+00 -2.749647629688150907e+00
-4.249165749108837709e+00 -2.098924931863583865e+00
-3.252612151599225232e+00 1.033797243926189102e+00
5.225820360567348111e+00 1.803460286849254190e+00
-6.260776483944241022e+00 -1.206164917620525801e+00
4.559430297871975846e+00 -2.623411888908906420e+00
-6.199684293458711970e+00 9.341754269015323242e-01
6.592113954092892136e+00 -7.052095019261434672e+00
1.912257573571400693e+00 -4.094486930981254602e+00
1.743530373580873372e+00 4.407551092154680106e+00
-6.596988567660035052e+00 6.548716854336896986e+00
-8.847698086233284798e+00 4.634798859470803833e+00
-3.188830825876502573e+00 4.372323778950084616e+00
-7.123960770917235230e+00 4.562881459007718021e+00
-6.085373279546899994e+00 -2.488431718297051454e+00
-6.888173040497640898e+00 3.539436223861338604e+00
4.172870366569631173e+00 -6.377214598036168525e+00
-6.343013565467743753e+00 2.375538535411509111e-01
7.032100115827710773e+00 1.476101721018089896e-01
4.097669773162281315e-01 -3.477706513776379627e+00
-4.935305923095121727e+00 -1.154000394684171038e+00
-7.516495013331572217e-01 5.288498339754721833e+00
-4.803489648391259248e-01 6.549984643883335345e+00
-4.868360581505800866e+00 1.103273265089560473e+00
2.748789595194538471e+00 -1.683384411274380099e+00
-7.855242089034200959e+00 -1.297390946344903373e+00
-1.916634975883250602e+00 4.294122433342485223e+00
5.193678656021816664e+00 -2.479861341667600083e+00
5.263273209852197709e+00 -4.847983713089635494e+00
-1.375275913417548068e+00 2.154228070742530754e+00
8.548443364841375569e+00 -5.740619712943339614e+00
4.680867012788040959e+00 -8.050212736728088458e+00
-3.952282452628860909e+00 4.171010163109041713e+00
-5.940736772662773113e+00 6.034907728236187374e+00
-1.088378157191175921e+00 3.735596082132308204e+00
6.063035835829281517e+00 -3.736191042518538286e+00
6.191966481269703060e+00 -4.983778356442241098e+00
-3.878494458697270275e+00 6.180873713508058032e+00
-8.529392295243683364e+00 1.934938224606261414e+00
4.953275563492885780e+00 -1.232327348534137501e+00
8.863094373748682031e+00 -1.718563514067128706e+00
-3.222115369912713412e+00 2.059958696130361755e+00
8.709963835611132410e+00 -4.138021216232185218e+00
-6.108802024754981908e+00 2.881517301578036427e+00
7.466318337699586749e+00 -2.334786123608465491e+00
-2.603841450234084753e+00 1.763085111454553600e+00
1.031058627060570565e+01 -4.314868685966754214e+00
6.617659383830598152e+00 -3.814999128537092776e+00
4.840298347474893959e+00 -2.952053359918500597e+00
9.444511755878664871e+00 -2.709828656627766730e+00
3.944384042441685168e+00 -4.631775665940430109e+00
5.920106986738517207e+00 1.100079316012357866e+00
8.858398693074992281e+00 4.897983732252965683e-01
-5.999739834318952525e+00 1.726255932752970512e+00
3.607567459373146157e+00 -3.224826473822834050e+00
7.615603964248324864e+00 -6.064094170714540155e-01
3.985833276211764975e+00 -4.967470665921528195e+00
-2.698124300334138859e+00 7.288185754039067987e+00
4.704736851801155084e-01 4.839448990113290883e+00
2.548594728899336914e+00 -6.116554941252545063e+00
8.571229942530314005e+00 -1.999154195139202672e+00
-1.548772011547607574e+00 4.852981065346187783e+00
-2.341188296713380801e+00 5.573498429260007825e+00
7.021433951888113256e+00 3.565181428066605540e-01
-7.085953019566607836e+00 1.448746353918121343e+00
-4.709658846637933216e+00 2.832887993518044656e+00
-4.427574513125932754e+00 -8.322701875536647753e-02
-2.181693455815435279e+00 -1.097001379407636090e+00
