9.339731128846363362e+00 3.389855563206698452e+00
-1.317385353504732848e+01 7.193997133315547465e+00
2.671327533327507275e+00 1.733792848864744496e+00
8.442651172123662562e+00 7.909111949122168639e+00
2.375705951517848469e+00 -5.589781229298169229e+00
-1.387871229668044748e+01 3.096031393068410242e+00
1.315699318729007139e+01 -1.859479751860610097e+00
7.889222804463190464e+00 3.525649855118311748e+00
9.767556470283416559e+00 -1.037719338582544104e+01
9.723380162176525232e+00 -4.839706706509573131e+00
3.181407132430721152e+00 -3.854413927344280566e+00
1.017990027357686955e+01 -8.162561825184123876e+00
6.597163845964127304e+00 2.802124068695117209e+00
8.832153325646865838e+00 -2.876451519282902325e+00
4.449610959017022971e+00 4.174679158541941604e+00
2.445456786096942281e+00 4.377677594655864368e+00
-5.277837679653648806e+00 -5.370105268989172842e+00
1.172893792653714051e+01 -2.496467996513116017e+00
6.006871126610551670e+00 -8.690599887420741965e+00
1.024265319089004089e+00 -1.037862469220940109e-01
-5.386934181753189499e+00 6.501926173571781042e+00
4.110698536489745258e+00 -3.291737889239022552e-01
-6.900142339613804410e+00 1.183668495221816563e+01
9.263778936320424151e+00 -4.314645590301921629e+00
5.885026024566833769e+00 -6.469756197650971430e+00
1.382475434383205659e+01 -7.096047245578994023e+00
-6.402635766279813012e+00 9.460344522304561243e-01
-1.581601667358631325e+01 -3.446305596529312343e+00
-1.786061181720264912e+01 3.053876674373957378e+00
3.425200241406426649e+00 -7.467604766342656575e+00
3.576189906975325350e+00 8.527538013638165992e+00
-1.122007413821461697e+01 7.617447135336329112e+00
4.122238595866069666e+00 -6.548539345802899980e+00
5.232969202303959122e+00 -4.734062221042936613e+00
7.741706231036677543e+00 3.155621948191188686e+00
-1.051894871839271595e+01 -4.491367425378063882e-01
5.628958803993916682e+00 -1.053513836325051578e+01
5.732063795646146431e+00 3.058651955774752462e+00
-1.186929489542786520e+01 7.843827117704988972e+00
6.337399615333541014e+00 -3.646879966644969606e+00
2.717963228923733765e-02 -1.058685348764462297e+01
-1.700184392705256231e+00 -8.071688182034906234e+00
3.268976036666712215e+00 -1.621837263218410818e+00
1.526843867289866763e+00 -4.192027116379046348e+00
-3.297178726405350924e-01 -4.517705619816441143e+00
-9.980310960107182439e+00 -2.188288664958925711e+00
1.302934500228756676e+01 7.832218695440184675e+00
1.002117791374729627e+01 9.046074345304589315e+00
-1.166146290723653678e+01 -4.426632022260081456e+00
-3.512779530133003814e+00 1.271427511724080528e+00
-1.818146229668488445e+01 2.905825825211526325e+00
-1.443396589795914764e+01 -2.418587989829737772e+00
-1.285747868754167378e+01 3.031193921443581907e+00
1.092329883858102235e+01 5.576086225233445326e+00
1.546886837494215738e+00 -2.555137630487733791e+00
-1.138790652826900818e+01 5.310809335293125599e+00
-1.049921057706000127e+01 8.107929738336990155e+00
4.699001418754752635e+00 -4.530349421827381207e+00
4.856240781204308021e+00 -1.218165506707819290e+01
-1.039384785770466912e+01 9.919495127879729424e+00
-8.016128601262256126e+00 3.449992481991650983e+00
2.291626123981766128e+00 -9.196122430974666528e+00
6.641415946310273988e+00 -1.634236129712602237e+00
-8.288871104705432202e+00 -4.874798016992115457e+00
2.179486835875189765e+00 -6.144910573701306333e+00
-6.060431825258754124e+00 3.597840335327905925e-01
1.400657132676451921e-01 -1.021586031039393916e+01
-1.330897813315205269e+01 -6.836817266883574717e-01
7.520665173864681918e+00 -5.900161554010687759e+00
-8.487481308010149661e+00 -4.227270044632423840e+00
-6.478950121829853082e+00 -5.319759710078407977e+00
4.237226996976518834e+00 5.389271812662511429e+00
-1.645502393653255524e+01 3.981342404913125854e+00
7.750115227151493258e+00 -7.844881749783979785e+00
4.505367470841656008e+00 -8.397738051306221863e+00
5.126131835929935043e+00 1.225581081457113086e+00
7.519687572444263557e-01 4.902682614675644146e+00
3.691139267647742805e+00 -1.209004835295728775e+00
1.289894287997367428e+01 2.125774535937024812e+00
5.401749309315918346e+00 -3.771996413418424954e+00
-1.015149124768229782e+01 3.520320675299011715e+00
7.883006763299895248e+00 2.224810313952505503e-01
1.115111526830880884e+01 2.736922737574028375e+00
7.491932015386010946e+00 -1.095777397535592534e+01
8.978928125635642132e+00 -7.420459612428833118e+00
-9.443494271388265915e+00 -5.272907667211137461e-01
8.382973286173708516e+00 -2.084207702879893986e+00
1.068328976453519985e+01 -1.115510860390666714e+00
-5.337349372326772645e+00 8.166171619881394506e+00
-2.181611537911789078e+00 -1.387771090255715878e+00
6.865311392266463031e+00 -6.194919779616224531e+00
-9.762569833309999723e+00 1.591680217744291692e+00
9.057164862859105270e+00 1.848522962074170328e+00
7.210770486404802782e+00 7.127350451240411111e+00
-7.648633246001542041e+00 -1.674202448532353449e+00
1.767411999637185760e+00 -7.320830001690859845e+00
-7.708720165717655171e+00 8.164157807051163118e+00
4.850846250012657457e+00 -1.000174276801610418e+01
1.344512251295519967e+01 4.561034518274493799e+00
-3.495207065252352585e+00 7.177055471908444062e+00
6.079132810280597710e+00 4.661315443494784105e+00
8.168752394211780121e-01 -8.057425655998232017e+00
-8.506550306647456594e+00 1.868167684438145404e+00
-1.309228042832509864e+01 -1.927082354478292459e+00
3.013567283931112950e+00 8.200039047136387538e+00
-6.376157482064972015e+00 3.085092029446373729e+00
-4.567287531684923962e+00 4.760316287176073580e+00
6.687128121622872179e+00 9.910690692380215161e-01
3.380584127845965181e+00 -3.853368265734268938e+00
1.045153615659362778e+01 8.993312881704122574e+00
-1.378062739036114692e+01 8.694725614970423289e-01
-1.499581081656580395e+01 -4.430439955742889735e-01
-1.158149598196163055e+01 4.657594667088257978e+00
6.091355479641394233e+00 8.488840553198146566e+00
1.206510308043492508e+01 -3.809654395724844100e+00
-1.278610482126931513e+00 6.750270072466767246e+00
-6.419484896457426260e+00 2.726032795029321942e+00
1.245857311724003047e+01 -4.841526314267113662e+00
-1.241093826727805727e+01 4.713495653769199656e+00
-4.514658430714127313e+00 -1.597452023433737711e+00
7.108392396957277093e+00 -4.323219117788855037e+00
1.657997519453656032e+00 -1.244952796121700977e+01
-7.112766382239542828e+00 5.790426057391185211e+00
-1.532771089684174015e+01 7.077909807761183281e+00
6.198325749380060756e+00 1.075705584883078325e+00
-1.499190480640383960e+01 6.472372402675480529e+00
7.568432225553255677e+00 1.018243286545755488e+01
-7.813424281050196818e+00 6.975385177741291187e+00
-1.183885331423434728e+01 1.336250660460986284e+00
-9.506506048456877522e+00 4.323180245015759482e+00
-1.696749855449404931e+00 2.524132629654476379e+00
-1.371094913858092923e+01 -1.587466820496407527e+00
-5.862922024779851249e+00 4.278400148983876328e+00
5.212803584683260993e+00 -2.339101224565686810e+00
-8.915684689054378609e+00 -6.456778189798361822e+00
-1.302572936482462929e+01 8.802107729315276075e+00
-8.776417356895256816e+00 -3.876056208416814863e-01
1.003247895818079627e+01 5.282774359766917449e+00
1.244033238095726546e+01 5.908570616520231189e-01
-3.588013457001839601e+00 1.211595048593132606e+00
-9.616804201574973732e+00 5.277386736642477594e+00
8.343107831012385844e+00 5.887285662353428428e+00
7.175279495102628857e+00 -1.190780613751952322e+00
6.864567452947921034e+00 7.540365276227246838e+00
1.306097512717143516e+01 7.879682845042205841e+00
-6.410751789668250211e+00 5.253436589721458105e+00
8.527895374521541783e+00 -7.866961601021998263e+00
9.786863754333332110e+00 1.027189672274799959e+00
6.216805375288627644e-01 -6.442806173833039551e+00
1.463119360361997323e+01 -1.649127944299940030e+00
-1.045942621733001765e+01 2.237512385524660807e+00
4.820450825819055929e+00 -7.564726807549337906e+00
3.656170991635685485e+00 -1.064573719538537055e+01
