9.564613156249164305e+00 -1.096037207612323705e+01
-2.168979724737734216e+01 -1.546480532361964855e+01
-1.856488691501197863e+01 -3.785883776139394996e+01
2.354077186422646406e+00 3.819800781870343798e+01
1.241359022775844601e+01 5.243979444053954353e+01
-5.369975458224716647e+01 -1.408336350624410827e+01
-4.005950573249599245e+00 -3.246609500451823749e+01
-3.070150652475915720e+01 -2.876522183102325414e+01
-1.100791228836937563e+01 2.009566062994095681e+00
-4.183284112116653830e+01 1.959881409816135545e+01
-4.629092464928469752e+01 2.681532815043485840e+00
-2.582708662045475734e+01 1.257375934356703340e+01
1.477010818875346132e+00 1.497699119758885179e-02
-1.154852336402764301e+01 3.195331045808698178e+01
7.008220028577000882e+00 2.573064933712319302e+01
7.592679527658618532e+00 -2.461011825557864086e+01
3.424121805636089988e+01 -3.442228087147676518e+01
-4.276266309352325656e+00 -1.050051179689440950e+01
4.781555882925608358e+01 -4.142288682376331188e+00
2.204635237130032976e+01 -1.713976236514055174e+01
4.433557240392935483e+01 -2.569019174929212213e+01
8.653749784593302019e-01 -2.013506811256633711e+01
2.931191458519893445e+01 2.824576059192939415e+00
-4.605864745725474663e+00 2.520128376544719018e+01
-1.931304935998577887e+00 1.362820184711181781e+01
2.140653886860973287e+01 1.548850581257203274e+01
-2.767591915720558049e+01 4.016397411893459690e+01
-2.042004071409962052e+01 2.972622590915591090e+01
3.243447264833119448e+01 2.669458237061201089e+01
-3.483890140188901796e+01 -1.046529309365435445e+01
-3.200275233535531783e+01 6.023344353024877584e+00
-1.901998603850104175e+01 -4.828409288997908533e+01
2.146567983768304799e+01 3.667910582287252197e+01
1.325996082315579194e+01 -3.849579420137865782e+01
-2.234601332395898865e+01 -6.604858851323259117e+00
-1.185783448485223524e+01 -2.321693555424603872e+01
-1.106220051212587130e+01 1.449710936661080574e+01
2.531695253293602832e+01 -2.702338588432623112e+01
4.330084695195378686e+01 1.317890701762466676e+01
3.270304347719493165e+01 -9.769679885412077880e+00
-1.096861543954568319e+01 4.817450691919709271e+01
8.884193521813950056e+00 1.323077904366453161e+01
1.572999852968842660e+01 1.479039833120418201e+00
2.267770147903268452e+01 -5.771259878155495571e+00
-8.625541418219528467e+00 -5.203717590710699881e+01
1.859485386233181003e+01 2.571683987727162801e+01
