-2.439473458967078123e+00 -7.999149805938591484e+00
7.724834261517453393e-02 1.634403316915285842e+01
9.587765479982987671e+00 -3.202794953806919587e+00
2.088535519392554995e+00 -8.453424925198952167e+00
9.939478992333159013e+00 -6.345893161650492331e+00
-8.443325444873467589e+00 3.874744924525057144e+00
8.758874871303106158e-01 -9.363323036618579565e+00
9.685413015983180829e-01 -9.326477078307190416e-01
-3.692503994969241088e+00 -1.124706655100147046e+01
-4.065171389272124181e+00 -6.342153977581521662e-02
3.817149364287787616e+00 -4.804232873422373373e+00
6.780809251878598509e+00 8.597851786286804243e-01
-2.661155615073527159e+00 -1.715987488030457087e+00
2.949827044462126846e+00 -1.319891937925845937e+01
3.330573200442987769e+00 -1.105018100694608707e+00
-7.625096951069191276e-01 -2.842135322786488505e+00
-1.538544449276006754e+00 5.929116697039267692e+00
3.048590505690980557e+00 -7.610496808047866324e+00
5.488590977441719865e+00 -8.554977233904935474e+00
-4.764235791667115194e+00 1.252065967243393807e+00
-5.110556796830529436e+00 1.419611923770104767e+01
-9.889962017527996752e-01 -5.660654230565871359e+00
6.771703581591784982e+00 5.650379094411740688e+00
8.449902241008290238e-01 -7.195097503320710963e+00
1.947584828212484798e+00 -3.998509986962719864e+00
-5.026919021249060648e+00 -9.573296518888446016e+00
-5.657866085331758832e+00 9.791847169929067007e+00
-3.498523896479666551e+00 7.968478077628209810e+00
-3.533825786978556760e+00 1.199600195527317936e+01
2.156210109721420132e+00 -1.024631924476178035e+01
-5.752578596258702603e+00 -5.413591257409825275e+00
-7.327221478275957267e+00 9.653753236596143594e+00
3.939698122616233977e+00 -1.176165747248560045e+01
7.871514853887349616e+00 -1.408966444350838509e+00
-2.764199179864795575e+00 -5.905752285432117610e+00
-2.971851757549130113e+00 1.095128725969071404e+01
-9.035964839799784931e-01 -6.972533742819301494e+00
-5.554869213842292375e+00 -5.684274386797920187e+00
-1.619024275778995881e+00 8.217162774721042950e+00
8.442344891018098707e+00 -1.282426937855930937e+01
7.343990629957198202e+00 -6.826143939792116200e+00
1.030222285973395913e+01 -8.751314191381247554e+00
7.043241610252274576e+00 -4.839708598293392505e+00
7.891020562652419024e+00 -1.139599928278133278e+00
1.141544850388277688e+01 -4.907308765986075905e+00
-1.298070865152832543e+00 1.430411031070366512e+01
3.854463643992258604e+00 -1.020527059166328909e+00
-6.280881439295077584e+00 -4.018042468543807644e+00
-5.158561362691686192e+00 6.433502355830135855e+00
-9.920255708423001195e+00 6.127895056486770464e+00
-1.050036242424509503e+01 5.789288931715794284e+00
2.164770187998746209e+00 5.560780200472530410e+00
-5.264675334853733624e+00 1.174422098577301909e+01
-1.389878573865720002e+00 -4.471667916539221466e+00
2.066464672026234461e-01 -1.098238111152782182e+01
-7.381545315646960148e+00 5.460210194287960839e+00
1.648654542529045308e+00 1.281223578066436453e+01
1.217343375869957711e+01 -5.743053461800162296e+00
2.117007717200168226e+00 1.675922266004935546e+00
-3.925835466495154691e+00 6.047115795559697915e+00
-5.661395036636915457e+00 8.099150118693847489e+00
1.049515493509839636e+01 -6.750083305389516397e+00
8.079352252276729374e+00 4.058043341159903172e-01
-6.773430207599258068e+00 1.050579817891261669e+01
8.083805382166774578e+00 -1.218001971612817869e+01
-3.594067465707412978e+00 1.464416127493011821e+01
6.445927130464195187e+00 -1.020582089849051322e+01
-2.382750059467743764e+00 1.003226861502366418e+01
9.025724550047939942e-01 -1.044980399484918898e+01
-2.051686976601838186e+00 6.257950296637536880e+00
1.027884129560811211e+00 1.202422665250299971e+01
-3.108327516835093229e-01 -2.176863291560557467e+00
-2.063882495912665149e+00 3.899935411952829334e+00
6.997246209089722946e+00 -7.319521568530775291e+00
1.414483213825174612e+00 -1.241990469406277420e+01
1.470815688613241745e+00 -5.419830726996899273e+00
-6.311983788118955552e+00 -1.137379768680327530e+00
1.504137422459108864e+00 -1.387671339871792497e+01
-4.894388552019068861e+00 -7.285692627236399765e+00
6.434083575901574648e+00 -3.244699411261328326e+00
-1.999144840138814549e-01 1.607756663575206346e+01
-2.363781536096632774e+00 -8.703837953431767360e+00
3.701011931984808712e+00 -6.421401382158296478e+00
-4.655379005382899726e-01 -1.111749600340529121e+01
1.984415347707065624e+00 -5.647982166630337808e+00
-1.131856940157823743e+01 9.615026983197964228e+00
7.357532752236718432e-01 -3.113621298411736849e+00
5.532647696583709696e+00 -1.504916379523532832e+01
3.544677962487617906e-01 7.592465364199079580e+00
-8.905343987778305603e+00 1.286951711848051794e+00
4.818714505696847006e+00 -6.449137210338911963e+00
-3.597846939627097340e-02 1.229732213062293589e+01
-1.124797238412286404e+00 -2.895349124658354256e+00
-8.515821248144623823e-01 1.306144695286914903e-01
-6.745429847621355890e+00 3.745986063583834458e+00
5.219043647467040081e+00 -5.684102609794857486e+00
-2.725050198246729671e+00 7.588588933376259504e+00
7.825766544226652854e+00 -1.167598425817436336e+01
-3.244410975836797828e+00 -3.166558931209682015e+00
3.463707462062868725e+00 9.613048928382074365e+00
-3.053081036615000188e-01 -4.033472779236527694e-01
8.240185698099111278e+00 -5.815396920503305367e+00
-9.235499133282816686e+00 -1.683779788714101500e+00
2.941895735152248115e+00 1.103755792421615567e+01
-7.395744090332707910e-02 -5.209595990052000580e+00
-5.861496974425230988e-01 9.443030502093703760e+00
-1.595647064005828675e+00 4.840278571212927261e+00
2.591046280235246302e-01 -8.726657814903701293e+00
4.577423557657262165e+00 -3.075588021193102151e+00
2.336584915229084292e+00 3.368171615982034489e-02
-9.039798522991350893e+00 7.935263975113882928e+00
-6.518674431977697914e-01 1.038685812869015379e+01
-7.207064154293300717e+00 7.495946864764531981e+00
2.980015164497423985e+00 -1.916129613989129732e+00
-7.740363452572481151e+00 -7.914306405279957879e+00
1.132219349474853587e+01 -1.507425889950609332e-01
-7.465616421440254946e+00 1.217383328107955442e+01
-1.708853535735008089e+00 -5.802250468901088531e+00
-3.677331358805255856e+00 3.425353395548976110e+00
-4.986725605594210187e+00 9.124724836910351300e+00
8.512219543158069612e+00 -9.279102925275761748e+00
8.368443943948525643e+00 -4.496812159503610573e+00
-1.225131562980901478e-01 8.097130397376050226e+00
-1.600314652758169309e+00 1.197612523959520736e+01
3.931516415838093081e+00 -5.171913977522159200e+00
-7.687986483056876708e+00 1.414862701876173290e+01
-3.949425815545627216e+00 -5.218197706310464312e+00
-5.859899108067878615e+00 7.514837012131279970e+00
-8.877956088322763506e+00 1.053257922135986924e+01
-4.412701242416088299e+00 1.064462866518574735e+01
1.197177311120499327e-01 3.790273704040564073e+00
1.120483822472073676e+00 5.589660811454304934e+00
-7.119877225622386341e+00 4.262619239232658508e+00
6.467958290515365860e+00 8.208034962159125314e-01
1.301117034221091595e+00 9.026960253212655161e+00
-4.650881489929330925e+00 1.402621135971799404e+01
2.342093725824776929e+00 9.250382534957248382e+00
-2.013752710886459241e+00 -1.347767759880851912e+01
1.029524078921712160e+00 -1.886087891969925545e+00
-3.616595862587774324e+00 9.530291556728981206e+00
-4.540705624423242881e+00 3.791135685171818981e+00
4.684004631172005162e+00 3.641281893306364204e+00
4.565919154779727762e+00 -9.311436986402000571e+00
-3.486862539018346752e+00 -2.671923567541283351e+00
-5.557107467947213664e+00 -7.992479442263208611e+00
2.404198811305772843e+00 6.466768028208990771e+00
8.297132303749265247e+00 -8.156621167590214938e+00
2.774914838779454218e+00 1.789236750886116889e+00
7.402168479480331520e+00 -6.190202111274699881e+00
-7.039065709137192428e+00 -5.502470329763346157e+00
-3.374671300004438379e+00 1.036810563034243771e+01
5.656612622473069507e+00 -8.136411077031780792e+00
-4.808036773251366469e+00 -1.025685166828097117e+01
