-3.242805198509791431e+00 1.925718844726962198e+00
9.330468709071878308e+00 6.459214758755780217e+00
-9.108819043114083414e+00 5.216857891839716821e+00
-2.941489634803626796e+00 1.833967614076120256e+01
-2.614858002112741442e+00 -6.950179306950472480e+00
-2.406734956523886471e+00 8.328351406855199812e+00
-1.113580247944260826e+01 -1.013679842377398188e+01
1.041131124844952538e+01 1.699801820820297493e+01
7.551796557873358573e+00 2.798390209797017913e+00
9.450678185702342304e+00 -2.488693441406431717e+01
-1.886082770347112003e+01 6.400500585097313788e+00
9.830417764923351953e+00 -1.542265941895450609e+01
8.048070854740294044e-02 -2.368513457083537332e+00
-1.795250627004532262e+01 2.813674565487958024e+00
-1.486088025648872346e+01 1.237798035317738865e+01
1.642285359168550585e+01 -2.264001368498561462e+01
1.631482245460657765e+01 -7.154291398526755330e+00
2.165985485403956190e+01 -1.904980563607299970e+01
-2.569358275981339901e+01 1.802692602772903996e+01
1.291958392351998519e+01 -1.020837712253409357e+01
1.897661484036216706e+01 -1.697408200897377029e+01
2.968089339321057096e+01 -4.378956262935676413e+00
8.700540735621430599e+00 1.144510883704795212e+01
5.792083630402374617e+00 2.523289621406460981e+01
1.258611633361064186e+01 -3.111224971723080213e+00
6.880578423266081600e+00 1.404879757030268550e+01
-6.487951009693071924e+00 9.353993315697273658e+00
-3.875285471797655923e-01 2.182139208816564135e+01
2.191584276941085108e+01 -1.238758529744087289e+00
9.623696556954163484e+00 -1.226022875207195284e+01
5.017224851948086872e+00 -9.926525256747687820e+00
1.538503961968513067e+01 2.019207810751170129e+01
1.585353168411425173e+01 1.206824059715021491e+01
-1.161300480651518896e+01 1.750155779173131876e+01
-2.534694791626850741e+00 7.062473887726459232e+00
2.526331195220600989e+01 6.381581094237492868e-01
-2.516175952071819921e+01 3.245170145664420858e+00
1.476840069350528850e+01 1.027746901667356560e+01
-1.357972907818793828e+01 -9.022218909563175515e+00
-9.279328336645207287e+00 2.023472611202504368e+01
-1.882912249060979448e+01 1.340566580069442360e+01
-9.401951304998593884e+00 -1.322711597969364838e+01
1.687787307823198191e+01 9.601186149888775168e-01
-1.376471782524188825e+01 1.610652856523927312e+00
-1.456436047252707766e+01 -2.088757885695457617e+01
-1.230939990554729846e+01 2.585048255489826019e+01
3.324399553067509228e+00 -7.217914330239060483e+00
2.527518023109987055e+01 -1.151125984245441281e+01
-5.800581838753343433e+00 1.043406627877940251e-01
1.161948373346293417e+00 -2.287321333081303010e+01
3.443375950333728674e+00 1.547043985705822955e+01
-1.122277857872781420e-01 -1.568073028030166505e+01
1.149807434214514323e+01 -1.880601308915513670e+01
9.654418061727781719e+00 3.881017156751510822e+00
5.066656990497209634e+00 2.303402237583181389e+01
7.441275588626287352e+00 -4.348551724141876740e+00
-7.444798056086153082e+00 5.044967982860241840e+00
-8.787371359705483442e+00 -2.139225721110683054e+01
-2.932032755758586262e+01 -1.180946123818345939e+01
-8.008264793959426697e+00 1.787383297591548015e+01
-3.140929665638944002e+01 -1.103417850380872167e+01
8.037447624521009359e+00 1.226377739291268298e+01
1.809810213442589344e+01 -1.602546582646968076e+01
2.131509142809606061e+01 1.276182967161114057e+01
5.745348935067938534e+00 1.101278768806075270e+01
1.556689622299671072e+01 4.593461184245684947e+00
-1.730632214454536566e+01 3.152329343456869104e+00
-1.739424123670157130e+01 -1.911490532202054027e+01
2.287801160233013054e+00 -1.928476561139703094e+01
2.020227863520986133e+01 -1.460413422906901237e+00
2.435811239606703982e+00 2.224483964585011719e+01
4.772515671906846002e+00 -3.297879046465513664e+00
2.405897381756314601e+01 -4.566509799875809961e+00
-1.811247207202979492e+00 -1.339329868976446924e+01
-1.031163804925115457e+01 2.024766435581622304e+01
-5.926045996229044377e+00 8.342313328972077002e+00
2.321741483497415715e+01 -2.343460546932073640e+01
4.904973993510061803e+00 -1.724751682651137941e+01
-1.173501021308038617e+01 6.669095040890220538e+00
1.957568182406312474e+00 1.570543338088899454e-01
8.264605003204318123e+00 -2.111381207541700178e+01
-7.854006444993284042e+00 3.025721900774172024e+00
-1.930525252378424028e+01 -1.353633425402223622e+01
-1.423205554365278580e+01 -4.297931537213240283e+00
-3.524763512300568724e+00 1.940778302380487830e+01
8.067584362190837410e+00 -7.446746417050939648e+00
-1.883332546880871483e+00 1.729778840790222105e+01
1.835206680381543265e+01 1.015161684802336062e+01
1.962248505857641323e+00 8.424873907044419852e+00
-1.680696623770069564e+01 -4.185304923858211623e+00
6.792474195828045680e+00 -6.076612472617239913e-01
-2.197921679302759390e+00 -1.645483874879775499e+01
-1.493449745668826267e+01 7.371137146640593052e+00
-9.970242896984144565e+00 1.006794915748933050e+01
4.519721338676588651e+00 -1.939970744830302074e+00
-6.620437281709317112e+00 -1.634114055199224680e+01
-1.736557511408929599e+01 -1.688643827529324781e+01
1.034386070556381831e+01 2.587342832517061808e+01
-1.236188473723086290e+01 1.108025830741392159e+00
-6.000226133498484771e+00 -1.257624767776454000e+01
2.596894597909354729e+00 1.205123076619481992e+01
2.718991823901058869e+00 -1.181130506005588288e+01
1.292957347285203973e+01 1.468849122346636626e+01
-8.286342024823296626e+00 -7.681083926652997107e+00
3.560670485535410990e+00 3.715874355818836072e+00
-4.926153088195106555e+00 2.193104937053456283e+01
-3.950031394063759027e+00 1.279170665562064713e+01
1.100579128424759823e+01 1.170598053145779360e+01
1.336997541442850235e+01 1.830081515562192962e+01
1.985801830065697615e+01 2.206599532050861256e+01
2.209474110063871422e+01 -1.409824096117288761e+01
-1.231222682399158108e+00 6.657374712958822549e+00
-1.224090328784683379e+01 -8.857982124434322202e+00
-3.761512124029428694e+00 -2.675468211015575548e+01
-1.289466235798245641e+01 -1.247694446566290694e+01
1.378229309701503036e+00 4.754479564346463683e+00
-7.676859494476451218e+00 7.478918553147053672e-01
1.139441600716322722e-01 1.401419181598545194e+01
-8.428272874877119625e-01 2.627826231883154051e+01
1.124194106870187504e+01 -2.571584517011803683e+00
2.045127758440843735e+01 7.478108692185021056e+00
-1.788803578868193256e+01 -1.064684908948112785e+01
1.926390560219458692e+01 1.498762252969928177e+01
-2.418455598979343080e+01 1.309417747872663718e+01
-9.845476276765911194e+00 -1.699860884520451698e+00
-1.138194401118072463e+01 -1.910042839178866414e+00
-1.907945757014988075e+01 -1.260969291811873783e+00
-1.710589396882646085e+01 -8.472058814357012579e+00
-7.003837693810569753e+00 -3.510365956930710407e+00
2.293006675889741430e+01 -8.343416164346786346e+00
8.029657051137151669e+00 -3.067011879096814297e+01
-1.098880486498825704e+01 8.325442184687563696e-01
-2.092259155287053218e+01 1.013994375501551559e+01
3.272519230113762223e+00 -1.796781608019855270e+01
1.471791638075589148e+01 1.978057835891352667e+01
-2.673240108217709476e+01 1.231735237227413471e+01
7.729225772559733088e+00 1.502601245514283512e+01
-1.166338150132789409e+01 2.501375769890872292e+01
8.933154160158938595e+00 -1.427415388071742974e+01
8.424251240441652300e+00 -9.059585570291538659e+00
-1.754918394357648026e+01 1.006694184943833648e+01
-3.890157054738714759e+00 -1.982453569200960430e+01
1.989024213554864673e+01 -1.085621377477155747e+01
2.559193051485720360e+01 2.811921137745426069e+00
-1.044695696182820299e+01 2.291915064193411666e+01
1.349353585891544505e+01 -2.099437988312438108e+01
-1.164744165395218012e+01 1.190853083780736021e+01
-2.488427829299623184e+01 -4.091638365075948691e+00
-1.049151093480482722e+01 -3.921587407496258226e+00
-1.797389789602312860e+01 -5.164529465750637982e+00
1.374297400608474717e+00 -1.400349453591425863e+01
1.896657168309100072e+01 -6.455893430844607650e+00
4.584223398145521600e+00 6.045214803687142258e+00
1.582679022167584826e+01 2.132366288826034761e+01
-2.328821124462860581e+01 -8.212217963809978372e+00
-2.370077523936966468e+00 2.192553898998804840e+01
7.440466993185624212e+00 -1.993614600180760377e+01
-2.272213502465208279e+01 -1.466321414087991437e+00
2.046948970860833228e+01 -6.837310455117125985e-01
6.863606900492228213e+00 -1.157800506349260594e+01
-1.387691551144921431e-01 -5.048882317083185356e+00
2.838689969408480618e+00 8.284887969744362479e+00
1.767414674475756087e+01 1.418561454544416733e+01
2.586644330223379384e+01 5.834515432578463390e+00
-4.688934694229452971e-01 3.017195201068178179e+01
-4.714610187455247292e+00 2.697583217638659381e+00
2.363682207287578940e+00 2.416597314276664932e+01
-2.072266562323567385e+01 -5.377092234743146903e+00
6.393940551180594234e+00 5.888371697061825394e+00
-9.510805111559930580e+00 -1.676269235759472309e+01
7.113032873887652485e+00 -1.891293282163560008e+01
-1.474043875657012315e+01 3.908848145147682196e+00
-6.019076682960410984e+00 1.659040225804535496e+01
-2.616627214181763250e+01 -1.640912403655657315e+01
-1.848268145102796245e+00 -1.213718033156269982e+01
-1.606844512391156243e+01 1.311170349451159289e+01
1.252724238903823206e+01 -2.757596003757807779e+01
-2.499211556367864517e+00 -1.824617567439197563e+00
1.844658988867819316e+00 -1.422541718080311846e+01
-6.761599301779538607e+00 3.974773072437317811e+00
7.931388430474560769e-01 -7.454028488283318765e+00
1.194424306089929111e+01 4.627393947466472035e+00
-1.008983981539956076e+01 2.185746751182318093e+01
-1.506861897367666536e+01 1.745581056073452331e+01
1.298250364456285233e+01 -1.664976448566555334e+01
1.762764486846042189e+01 -6.876951398667798365e+00
-1.505420593425861497e+01 6.598086292927008323e+00
-9.726568359834422139e+00 8.145778867142311697e+00
1.444434899972781849e+01 -1.389293664830373665e+01
-3.600228769324606226e+00 1.439819767401723105e+01
1.038654402911134511e+01 -1.306169693425734302e+01
1.636688127828545447e+01 -1.001694196893772215e+01
-1.461485535061832053e+01 -3.551993440181289152e+00
-4.354281105955720044e+00 2.677100511658561643e+01
1.225635005993158799e+01 -2.263195173118478465e+01
4.540125631083692603e+00 -2.075178628340808729e+01
-1.782924495071837612e+01 1.638997834418276511e+01
1.137826771797528203e+01 -1.402794470330195153e+01
6.013497748466289039e+00 -2.548971770884244137e+01
4.221094341641140169e+00 -1.417584760607897820e+01
1.996772689020927860e+00 -1.672968051881617413e+01
-2.574766606020513393e+01 -1.521206771646774136e+01
2.549781490657507632e+01 4.801419650471187239e+00
2.843852705045498031e+00 -2.343930992112280620e+00
5.874443188653509118e+00 8.864271639521694723e+00
-1.520889118714173804e+01 -1.929786457685244727e+01
-1.130237400095740163e+01 1.051473634995160822e+01
7.201085451013785388e+00 3.168893990738400035e+01
-5.218432578382318887e+00 -1.362509557110665348e+01
2.290351965806884049e+00 -2.598508861798074676e+01
-2.128148801985078009e+01 5.622620019822230475e+00
7.825714696200614995e+00 -1.581283917922215920e+01
8.369580619614092498e+00 2.148022487120776702e+01
-1.329835763644758195e+01 1.481659318091084998e+01
1.538801202668448553e+01 2.326272928841413545e+01
1.175813533491846030e+01 -7.441787420138266995e+00
6.336097192676620082e+00 3.526304566176532873e+00
-2.191359700973696434e+01 -2.231226681683558155e+01
1.093753562676016067e+01 1.072057525959864854e+01
4.954463009975628829e+00 -1.379222214748068076e+01
-3.592970076289983883e+00 -2.297301043696297285e+01
-3.973031032487615022e+00 -1.001122963885935846e+01
1.418011770975537766e+00 -2.811736371523503308e+01
-1.103611952031769228e+01 -2.451989884051451796e+01
-3.093190887102179687e+01 -3.213570078370234562e+00
1.736930512941189164e+01 3.179082504961711297e+00
-2.064157584740991069e+01 1.435290428457633105e+00
1.638766075262183719e+01 -1.209942742180580488e+01
-9.100556656443826720e-01 -1.959759138403042655e+01
-3.930767052370871983e+00 1.063391888631669602e+01
-9.298930947640430489e+00 -1.807906493888494737e+01
2.661842948949426457e+01 -1.663586235541896485e+01
-5.668180454764803144e+00 -1.005341487723015348e+01
1.005432982750849025e+00 -2.346582266982400355e+01
9.961177284022884493e+00 -1.905243550484016613e+00
-1.779524532136036541e+01 -2.544828100397512838e+00
1.526632073271393963e+01 -1.177168760470027165e+00
-2.238098331332145463e+01 1.334970912716396541e+01
-6.920487124831568693e+00 -1.522428379183893732e+01
2.215802036077542070e+01 8.012879237781056929e+00
-3.201474642359974698e+00 -3.061092527465396174e+01
1.695111965764525763e+01 1.392492270200410687e+01
-8.312314320955797697e+00 8.490024159922894498e+00
3.001085706585503843e+01 -5.670369877122385383e+00
-6.728064217372065059e+00 -3.399507511115129610e-01
9.150132803634209111e+00 1.422236938692792441e+00
1.447457807674128283e+01 -1.264459412278940853e+01
1.246023525119482578e+01 6.069014279072124651e+00
8.481085064246421723e+00 -1.409559846549643147e+01
3.026682611147718305e+01 -6.478139553393234884e+00
-1.015889191019796378e+01 -6.066956689545611958e+00
-4.858701642466313864e+00 2.609683548870860648e+01
1.708508684287220802e+01 -3.240961456293931953e+00
3.001290457311871052e+01 8.672310563840410325e+00
1.218923478739312394e+01 5.542582223057608282e-01
-4.504349078663244299e+00 -1.950785959531841129e+01
-3.448569438275858268e+00 6.795847966738249646e+00
1.531695206012746446e+01 9.070844931081062157e+00
-2.722034974446480504e+01 1.220320631176166692e+01
-5.619088293566607106e+00 -6.913035081088551692e+00
2.175768854684825282e+00 1.052380460366584281e+01
2.110766083997031828e+01 -1.856434200299723258e+01
-1.951260529335668537e+01 1.052707609219476304e+01
-2.080311580120080706e+01 -1.388151451428547212e+01
9.676171966981284456e+00 -6.690379506594664072e+00
1.641417573897822635e+01 -2.868050780128483623e+01
2.392705200508864394e+01 1.730411260866825884e+01
1.030154595835933229e+01 1.342598869616886859e+01
8.664665399816108504e+00 8.378537348481559732e+00
-5.152245821723884234e+00 -2.590433295992901286e+00
2.824548105262818964e+01 1.062039582606833399e+01
-9.278008373254531094e+00 1.500019970570721028e+01
-1.248354949304929562e+01 -1.156256058495281636e+01
2.953452103276283491e+00 1.981499829911493293e+01
-6.272947802352544677e+00 1.379628937893820684e+01
-7.844037514934474764e+00 2.066763890215572985e+01
1.682521115393707944e+01 1.637254291704498499e+01
5.777658562008733401e-02 -1.133471149925611066e+01
2.089745886950500520e+01 -9.656758008568662177e+00
1.166951593935637455e+01 7.940800177945261495e+00
-2.315426808935495462e+00 -2.356963130918433436e+01
6.176468907473082304e+00 1.694589172474712058e+01
2.905426030219680378e+00 4.794618169438241928e+00
7.072801923330491292e+00 1.592142168815944281e+00
-1.624877674396472926e+01 -1.787928121237185408e+01
-8.449690711816971955e+00 2.919420402517511803e+01
-1.328187165327852526e+01 2.689378615038575404e+01
8.438740117500167059e+00 3.738792190847064489e+00
-6.185699661566772534e-01 1.401929548113722390e+01
-1.201178854785897521e+01 2.340629524331781397e+00
2.963434070728323988e+01 -1.993862887016098595e+00
1.485784117903696355e+00 -8.480294421220033740e+00
5.348300420579790604e+00 -8.768567352157020878e+00
2.443161337539915490e+00 1.741898602323312772e+01
1.155272206246997513e+01 -1.841777669162929243e+01
1.621720828437649331e+01 3.830481032239500205e+00
-1.534185149271430681e+01 5.178513227360866944e-01
-1.534636099921464591e+01 -1.732477933508161527e+01
-2.967014740174675325e+01 6.282041655780478351e+00
1.796495783293059390e+01 5.233775899459153003e+00
-1.257904961652632103e+00 1.093404007118962795e+01
-2.007289743825754158e+01 2.129864086524951361e+01
-7.860217962402286318e+00 1.280358576073465215e+01
-1.008910027603369208e+01 -7.354521093308282076e+00
1.581200292417882913e+01 -1.983287880196239428e+01
8.153268197450113108e-01 4.553155359417744741e+00
2.002065536622644970e+01 1.260335177307722532e+01
-8.025696972027816789e-02 -2.026862558459576746e-01
-1.356051114090795728e+01 -1.633213598627490356e-03
2.300756352182059672e+01 7.981714616031443832e+00
-1.976917707174419547e+01 -9.320585773460262402e+00
-8.563828205436886165e+00 -1.676787364371112643e+00
6.845750038001372495e+00 1.048559763459559768e+01
-2.150565666823227673e+01 -2.094870420191163518e+01
1.772585602994120713e+00 -2.620323978307864010e+01
-1.084914558696533859e+01 -7.871696271860820104e+00
-3.111000107426413663e+01 -1.113276745312267124e+01
1.681070381958751625e+01 -2.894983975395649978e+01
2.946001014798736151e+01 1.519665287518474805e+01
-1.374354704201189747e+01 7.170534472887103661e+00
-1.537009689874265383e+01 -7.036469726671618297e+00
-2.124926626416012265e+00 -1.170179557703528062e+01
8.626261070885785642e+00 7.712675474276418974e+00
-1.858709908054464321e+01 2.613664187034388320e+01
-7.157469827692914066e+00 -4.704763590512189175e+00
1.602010478054329923e+01 -2.206536048896487401e+01
4.578785138232955632e+00 1.326988089024478956e+00
-1.309266769526186147e+00 -1.640739291820988877e+00
1.054242728747344060e+01 4.138277677629985107e-01
-8.879247036582906816e+00 -3.162212707317483407e+01
-6.312940719218730345e-01 2.946963131170264560e+01
-9.179108994152123557e+00 1.096645869877937329e+01
-1.645402594785252148e+01 -2.602071044078171269e+01
5.135257344572155880e+00 -5.561773315486092883e+00
1.141340494484684776e+01 -1.105949960523424558e+01
-3.742472970688461853e+00 -4.734587035324381077e+00
-1.791965390785928314e+00 2.740762424414169018e+01
7.547918859460139629e+00 3.138018836863060557e+01
-3.826863666146380627e+00 -1.533851153311262649e+00
2.331414122385884635e+00 8.321212473726198322e-01
8.475633287671163751e-01 8.661679777574427419e+00
-1.757752320361950638e+01 -1.234464505737321538e+01
-7.545448665014539813e+00 -5.607768126369844452e+00
1.001393820644096699e+01 1.178393138363726145e+01
-5.158055367641805056e+00 -2.324639865574775044e+01
-7.028127410104376693e+00 -1.218119262909974410e+00
-1.178889846201211711e+01 -1.678911760542269249e+01
1.827229063174222645e+01 -1.290809157863032652e+01
-7.796329732330145923e+00 -1.076312571603867774e+01
6.478828357397238058e+00 1.778046929206823279e+01
1.742628959547903733e+01 -1.236981292110439057e+01
-7.763029813893529418e-01 1.970190797384528292e+00
-1.421489204659796357e+01 8.848016375050981708e+00
1.230490504959090181e+01 -4.011551169656197402e+00
-3.850917278853584147e+00 -1.515770029089165938e+01
-2.733841071888640784e+00 1.153358801296839786e+01
-2.603824857205609433e+01 -3.765287797278590975e+00
-2.198128570838167306e+01 -1.392688959647948543e+01
1.583272343877673904e+01 8.458889454594265445e+00
3.530445009765359465e+00 1.586689927725440619e+01
1.978108846204752069e+01 -2.733345759534303365e+00
-1.366277092860581455e+01 -4.727997908840549712e+00
1.967584722885050397e+01 1.782734604502523013e+01
1.457771076178518399e+01 2.784579752704940514e+00
-2.017051233938675381e+01 -5.919369384924663358e+00
-1.668918614576262271e+01 -1.309266769062089608e+01
5.363173569327220669e+00 -1.281839297856711468e+00
-2.553782760302346588e+01 -7.532973191880529384e+00
-8.144861579242357763e+00 -2.708216986221229305e+01
-2.604803637426044816e+01 2.101051533710109442e+00
3.177018537240676110e+01 3.182513281663797322e+00
1.327817706874669845e+01 -2.468046074615696472e+00
2.302306212174243782e+01 1.281142898794302631e+01
2.132349673879128815e+01 3.260339211738037868e+00
-1.034588486329398549e+01 -1.578268297384660279e+01
-1.816960760936483510e+01 -9.617021139835717491e+00
-5.088237059344656643e+00 4.484218952735526287e+00
-7.056108609610189757e-03 -3.335842414646551735e+00
-2.550341585790391363e+01 8.122225866494519053e+00
-1.972789484379737601e+01 2.055753273786784874e+01
-6.660083135979530056e+00 1.077143824258806326e+01
-4.183533686955195563e+00 1.221218135791921178e+01
-1.110259985597808807e+01 1.402291679152778237e+01
-1.177017290190364562e+01 3.424304857861248941e+00
-1.715315673474131586e+01 1.557616608036354755e+01
2.402110088202089877e-01 -5.874557828504620716e+00
-4.221221131358696255e+00 2.131830283541787097e+01
1.444124320244041115e+01 1.242615517455621266e+01
-1.868541244177368110e+00 1.049780053674290503e+00
-2.671324905500432223e+01 1.441362378682331302e+00
1.624731317917965967e+01 5.997540458898336091e+00
2.740470829144810327e+00 -4.680132439721297999e+00
9.789334765423484797e+00 2.049233779001817624e+01
3.029600357209815353e+00 2.169005004945567094e+01
-2.292513525794570128e+00 5.009955670717291198e+00
-1.515807268237053229e+01 2.101502940808411424e+01
1.407470943389066775e+01 -4.278541690131095088e+00
-1.669021407795625933e+01 1.312332463593570608e+01
-1.426157809564289103e+01 -2.181913222879040504e+01
1.526697811051744402e+01 2.543333027209343911e+01
9.896465106547239765e-01 -2.280508835577411464e+00
-2.305684915874821428e+01 1.717220102176526808e+01
3.073122406245968463e+01 -1.248134940936115456e+01
-4.569937590106444070e+00 -5.082890358246748619e+00
-4.704266023772785132e+00 -1.053641974937949932e+01
-1.677761836102628124e+01 8.355085414775111019e+00
-1.540245481473540901e+00 -9.159744739390058399e+00
9.018774232321344897e+00 -2.244587263926640652e+00
