-3.580443563337578183e+01 2.127897085703118663e+01
4.120234565041678820e+01 7.450548803741818382e+00
-5.206417358006990348e+00 -4.485056325399022370e+01
2.013084928665932694e+00 -4.655753588838733492e+01
4.173488387084264950e+00 -4.001914237645676309e+01
-3.893011142170566785e+01 2.219369198970615642e+01
4.025290824243467824e+01 6.200070561410876202e+00
1.346650150736153684e+01 -2.402607237552642516e+01
-2.831522634783934578e+01 1.050002107404897878e+01
-3.154389490699065490e+01 1.030391154644693508e+01
1.862854108229718619e+01 -2.950659999241388576e+01
-2.464850726995724273e+01 2.871727018190675196e+01
-1.384097161523886932e+01 3.846657067641516647e+01
3.768909285124625796e+01 -1.647279686241916341e+00
-3.478199896328104757e+01 2.519471622992992366e+01
4.072832685752830884e+01 -2.341181966550613680e+01
-1.941291585346319692e+01 4.780160761460063412e+01
-1.970863819939230410e+01 1.468215796346382085e+01
-7.142572945831487274e+00 -4.726031113825956709e+01
9.273745670862473034e+00 -4.241447672288254012e+01
-3.216220666013349927e+01 1.455917240207139329e+01
3.877453650305121613e+01 -1.814300706386966411e+01
3.048167960957297851e+01 -2.057961264738134677e+00
-3.153764932590736692e+01 1.465316597689547962e+01
-1.848910757765567681e+01 3.732287994293663758e+01
-2.711878667119632169e+01 1.380134069040980727e+01
4.521160001657118244e+01 -1.511073948350027685e+01
8.340940807367466903e+00 -4.233549291785975299e+01
-1.809759847357521823e+00 -4.795131445431653816e+01
3.234792236941023447e+01 -1.075568618616108907e+01
-1.877696465259169045e+01 4.694779529458332235e+01
1.819910392493697060e+01 -3.703885743444145362e+01
3.827552025111185685e+01 -7.749948853792447245e+00
-2.492550501480507563e+01 3.993927216613830211e+01
-1.932060199408548584e+01 2.433299559988823546e+01
-4.150964633043615493e+01 2.221533004677476697e+01
-2.367084603616408245e+01 4.368283266262304210e+01
2.858769526976229258e+01 -3.213838455972146591e+01
1.563560694954224495e+01 -3.287974355677707905e+01
-9.182343035714252366e+00 -4.303439215068356560e+01
2.516007800730709931e+01 -3.482911799380811146e+01
-4.679524354457360857e+01 3.642455476453627483e+01
-2.772422761870017993e+01 1.440284085482404386e+01
2.301925029414495683e+01 -2.944880976346437507e+01
4.179282278550154217e+01 -1.557445061455776703e+01
5.781772411781158638e-01 -4.603746275534128785e+01
-2.793686884323754782e+01 2.025094888915278801e+01
-1.398741945041191315e+00 -4.460836727278161362e+01
3.943305058196352775e+01 6.745370671825019926e+00
3.872436365227252963e+01 -4.467819910299492214e+00
-2.416883552336724961e+01 3.642524345509749395e+01
2.273862431391548711e+01 -1.623763792117376070e+01
-1.928524067871925141e+01 4.116617402833938399e+01
-1.647426545209684434e+01 1.926475500066666413e+01
2.611556321251112323e+01 -2.547420329459786359e+01
-1.700496135216142690e+01 1.412437296706900902e+01
2.172507969687083929e+01 -6.494204789114244925e+00
-1.696484062132245896e+01 4.228729662908408926e+01
2.833517830001220617e+01 -2.168908093152436223e+01
-2.297160769567131311e+01 6.905748859537649942e+00
-2.395508594664476121e+01 1.558640188567406071e+01
-2.037349568927468368e+01 4.905412040830567832e+01
-6.409293092486019638e+00 -4.509475742854846914e+01
-1.863823459649756131e+01 4.422332028526921022e+01
2.338836719419615662e+01 -1.548820028652305147e+01
-4.369630506108934043e+01 4.322361230991913317e+01
3.252508528951626943e+01 -1.971900475039534584e+01
3.080684577983758032e+01 -3.367226207047304598e+01
2.309192259466241737e+01 -3.070992974621234950e+01
-2.177009089809208930e+01 4.322226846057782268e+01
3.142775366467489917e+01 -2.356862611359059301e+01
-3.301432114663696638e+01 2.895009127141644356e+01
-1.475125766380967640e+01 2.716113753449360502e+01
-3.216762660705911969e+01 2.563808255895696675e+01
3.459611695237894935e+01 -1.821312513793272458e+01
1.831457845248841920e+01 -4.227478405734958500e+01
3.392939836813817323e+01 -2.177216794108760567e+00
-2.525995223707826298e+01 1.250409413303358619e+01
-2.739083780285416481e+01 2.049591494362161370e+01
3.325136495036558415e+01 -1.647657955210280745e-01
3.276524720596140838e+01 -9.144627322377029133e-01
3.995501835439578997e+01 -6.690741728229672169e+00
3.214007336012802085e+01 -2.194254304726125593e+00
-1.276170003433755085e+00 -4.626847166618224350e+01
-3.133684906367557943e+01 2.319230940339386038e+01
1.015981920091407353e+01 -4.350071769720544523e+01
6.078185291600778584e+00 -3.840319498632419482e+01
-2.527716463525840229e+00 -5.049304941163205029e+01
4.227630543242598549e+01 -4.708176272072384094e+00
1.100165314876567990e+01 -4.702176483567957632e+01
-3.895892700335303260e+01 2.610720463029351635e+01
-1.167465466644461297e-01 -4.362253124505475910e+01
2.202274544906941856e+01 -3.229059113609807241e+01
2.501247708979711604e+01 -1.783373435006981111e+01
-3.833894126711570038e+01 2.698259755728598819e+01
-2.220303832638132491e+01 4.284128634331164420e+01
-2.405330204657843396e+01 4.170410432588818139e+01
-1.596103943883829324e+01 3.962916672173118116e+01
4.329618260550341802e+01 -3.116308475402153277e+00
4.111806601047727838e+01 -5.868021053880962512e+00
1.232238225899650352e+01 -3.291267941807067388e+01
-2.911917306462857979e+01 1.417263673410726810e+01
-4.693199685891560335e+01 3.130904901982760791e+01
1.422424345945574409e+01 -4.401179114385763569e+01
4.570037938314623460e+01 -1.413143082712728216e+01
-1.936082260407852473e+01 3.575573288670020844e+01
-3.605537544739023303e+01 3.477465053985417853e+01
-1.625391850157005180e+01 4.558591016238133165e+01
3.323333234911279277e+01 -2.579103147244975958e+01
-2.665701079107040350e+00 -5.163037966997126205e+01
-4.586384301252618201e+01 2.137130979265851138e+01
4.648715191126750312e+01 1.204489522852624450e+00
1.063065282851337301e+01 -4.615712832221939976e+01
-4.586037256726018541e+01 3.748177028753450912e+01
4.864093445070532340e+01 1.398597646750771162e+01
3.261210150187564949e+01 4.449689250516044581e+00
4.230915949494396955e+01 4.796852211206261707e+00
4.299721242825245326e+01 8.515168923393188649e+00
3.497604600591600388e+01 -2.132320219279472795e+01
-4.917019336739654278e+01 1.893670311183459987e+01
-1.981303533844262432e+01 3.781352987141742261e+01
-1.885599946967269247e+01 4.288484771440614196e+01
-4.921461656762398462e+01 7.562011117098687230e+00
4.810894917646010072e+01 1.438124825411392393e+01
4.655179566219586462e+01 1.271441694731997529e+01
3.504527948237911517e+01 -2.034022387415679844e+01
-2.788284260808721271e+01 1.157560284085949753e+01
1.299751525338669111e+01 -2.498787899976543514e+01
4.505781703407981098e+01 6.789431433437893570e-01
1.447837980214194609e+01 -3.456888344002854296e+01
1.923725968063328651e+01 -4.316715101973022684e+01
3.933100078358772578e+01 4.148204012450031897e+00
-4.744061783746830940e+01 1.947826407455895747e+01
-1.666885756622870218e+01 1.450950344174333573e+01
4.713284049191257452e+01 1.092323962569076912e+01
4.550437652010138123e+01 4.465522391322323870e+00
-1.368512428488613430e+01 4.033089125271661146e+01
-4.563409897940501736e+01 1.177210936597770363e+01
2.589435134516093839e+01 -2.975719194441416704e+01
4.008305139210517609e+01 8.968549708102424134e+00
-1.699377292622268598e+01 2.361166553877849950e+01
3.209873481587909971e+00 -4.554558083048529937e+01
-4.529020416565771257e+01 1.539008438711047688e+01
4.945022629581321638e+01 6.450060145386109056e+00
1.689007715480000282e+00 -4.358059069885318593e+01
-3.780642714421664152e+01 2.083332930064191046e+01
3.844758574411043384e+01 -2.448733089357716963e+01
-3.025046032845768806e+01 1.034076933266296727e+01
-2.226358208726512089e+01 2.068773728034820891e+01
-2.871525471240249061e+01 7.548164642767475563e+00
-4.946993867188247407e+01 7.082281540390029662e+00
-1.548989201101616686e+01 1.631832559452485754e+01
-3.990425520641932167e+01 1.973099576255381393e+01
3.463564920361795885e+01 6.621965278119223974e+00
2.181876778811412620e+01 -3.494007449606942828e+01
1.688535480170306258e+01 -3.961044667065728220e+01
-4.060114208557542526e+01 1.918417878801720988e+01
3.491768213197970994e+01 6.543285407071610216e+00
3.408006301987911968e+01 -1.125859145053393640e+01
-1.317971456769224048e+01 2.769924126949731402e+01
-4.726469487055570795e+01 2.364660515214123748e+01
9.790892183302622342e+00 -3.940118320959822995e+01
4.159958575402632164e+01 8.908034003141290569e+00
-3.960835000084815505e+01 1.051102104263237358e+01
-4.749440165076705256e+01 2.848749086922909157e+01
-3.193385468298452601e+00 -4.617218078437011997e+01
-4.321308522621445292e+01 2.215360292363411787e+01
-4.645392689220584970e+01 1.534029706671604742e+01
4.388754970346352025e+01 3.849140026810962567e+00
3.397951534061208889e+01 -8.904048766492888234e+00
-2.701446362523517664e+01 9.475507237686979778e+00
4.082128164508162627e+01 -4.169602939329026370e+00
-2.273143221947742543e+00 -4.066845806352083770e+01
-4.295813762981081396e+01 2.182490814762424236e+01
4.006200211978619308e+01 -4.748023504792858063e+00
-4.366792175824856059e+01 2.416670104076171199e+01
-3.083980249593808409e+01 4.074477356416448970e+01
3.550677202712313374e+01 -9.805857918734638190e+00
-2.415295601580464080e+01 2.185391314262431095e+01
4.452808807325300222e+01 1.243887296929647590e+01
-4.872928688034037492e+01 1.244982257690190686e+01
3.417156777037919113e+01 -9.492009161562265263e+00
3.571694764910137110e+01 -8.619899237117083501e+00
2.062569177471182513e+01 -2.985694436715054678e+01
-3.961547024199352762e+01 1.630484487446418740e+01
-4.328761161705995875e+01 1.708623777135290567e+01
-3.548916316743457600e+01 1.958975356042525817e+01
-4.402192639539067898e+01 9.633861633183746775e+00
-6.374558619263678061e+00 -4.315042807521135160e+01
4.112235170252540684e+01 -8.947967780864305443e-01
-1.356554473669324068e+01 4.095990243690971511e+01
-5.011698080892958274e+01 1.145905925984151175e+01
4.255170235121364186e+01 -2.241921472806383875e+00
-4.935502454967479480e+01 1.085528217636156256e+01
4.416177346054019637e+01 4.637371836230399502e+00
3.993707617507000407e+01 -3.094609626655788759e+00
1.368125027445394082e+01 -2.987532170965080169e+01
-4.013101567332025610e+01 1.757214030032756114e+01
4.861422576029542597e+01 -8.896599532930664633e-01
-4.798062032664611820e+01 8.077255887356271202e+00
-4.274805762763222106e+01 1.523112919361191331e+01
4.494206888269076927e+01 8.064685176703859426e+00
-2.259189668636928161e+01 1.061917176597437873e+01
-4.465815563040576563e+01 9.250059290523545030e+00
3.670484483566688283e+01 -4.490034424969635118e+00
4.617646209352419362e+01 -2.112303207938322824e+00
-4.595798251826664682e+01 1.305875200645127876e+01
1.807715590852289889e-01 -4.842943299476971220e+01
-4.583276153200315406e+01 9.141005672537497517e+00
1.629481466934523226e+01 -4.710862906505444414e+01
-1.409762485460413650e+01 4.259703444523768923e+01
4.728260838319499726e+01 -7.036366811412874123e-01
-4.834035854006448574e+01 1.080874146663507318e+01
-2.259141278931898000e+01 1.116861610985379549e+01
1.206748761942322012e+01 -4.874878965952998300e+01
4.800692964929164930e+01 8.928230803458484743e+00
2.825190016300508589e+01 -2.552958486990814890e+01
-5.417057512717859424e+01 1.440818010371162039e+01
4.869525115190088371e+01 -2.951082108388479952e+00
-1.540067135489031713e+01 2.388270914651417698e+01
-1.971612950156529109e+01 4.534835330311872781e+01
-5.396304322410077958e+01 1.450145571987493121e+01
4.873797137225946585e+01 -1.466751978897484676e+01
-2.371693325865756563e+01 3.583161325206276615e+01
2.292427578113542452e+01 -2.580070513574106528e+01
-1.468433247911058182e+01 1.914773684201886539e+01
-4.760364762382752701e+01 2.506861941845822273e+01
4.193183620991447924e+01 2.831242768617030059e+00
8.968650700304211298e+00 -3.792464776441835284e+01
1.820417388225691013e+01 -3.632338071950594838e+01
3.630475321804991040e+01 -2.024375777430500989e+01
4.650256778121553225e+01 1.177646664818773026e+01
-1.802756567102345997e+01 1.558935587141662538e+01
-2.882614552144064035e+01 3.764433728043647420e+01
4.905347892286736311e+01 -1.801301748260043922e+01
4.029754493025185269e+01 -2.094838843182246535e+01
1.227416528046756738e+01 -3.177664433067572958e+01
4.622250014907631055e+01 6.360391182517563524e-02
-3.141581936289713539e+01 3.773393028632861501e+01
-4.432631150808924758e+01 2.523833362357357757e+01
4.707834213956393654e+01 -1.446022257318934123e+01
-2.951725210173266234e+01 4.214479857832643717e+01
-3.877088191592292077e+01 1.962951240602548708e+01
4.768015154561800983e+01 3.052657451607167616e+00
2.958564293670229617e+01 -3.403017559221820676e+01
4.895667428261908327e+01 9.967111444223515804e+00
-1.688877158906922560e+01 2.037425277190144612e+01
4.797066525518594204e+01 8.132484177370717937e-01
3.015544652789696300e+01 -3.345995581338792846e+01
-4.252001073309261159e+01 8.387545968746730196e+00
2.114756092837020418e+01 -2.439921101571344408e+01
-1.831002122400973775e+01 2.401096848412845119e+01
4.973511474911604324e+01 5.648544436350483089e+00
-2.373291428709880790e+01 7.547889354831946562e+00
2.232599986407398163e+01 -1.952043391159306651e+01
-3.893067618517952155e+01 1.320696014138589192e+01
3.144738987320067380e+01 -9.591829519050467212e+00
-1.082694837431061874e-01 -4.060438037735816152e+01
-3.748102030950659724e+01 1.151935047421147118e+01
3.013782833809328920e+01 -1.942501320777084572e+01
2.516612374339987568e+01 -2.758558521553493392e+01
-4.119353419763237412e+01 1.441696478472112197e+01
2.904036015628829404e+01 -5.736440081892284937e+00
1.587006367795239470e+01 -3.407065140393359570e+01
1.659126813747568008e+01 -4.301387136488022378e+01
1.916035858374153023e+01 -4.144322241403396845e+01
2.046787824721871019e+01 -1.513524721428665387e+01
1.670925835708245089e+01 -3.274194176801692180e+01
2.361641975586694642e+01 -1.075305184657965896e+01
-2.937167525261000733e+01 8.899915483861308374e+00
2.444314247749215596e+01 -1.261029962771325863e+01
2.301228391841250698e+01 -9.808735861237693143e+00
2.315594539003147290e+01 -1.242471341901743997e+01
-3.381263603000083862e+01 1.316282788663735381e+01
-2.044722993930054855e+01 3.069769543188432692e+01
4.025099206593417023e+01 -1.798295772122056846e+01
2.797415699741405248e+01 -1.010857638601462760e+01
-4.998302155621596654e+01 1.428221428037755558e+01
-3.620758876695205686e+01 1.134177279027227847e+01
9.556580061619394328e+00 -4.798189638436269888e+01
-3.830590344900755184e+01 1.200044238906835403e+01
-4.354785877870815369e+01 3.380187857551862862e+01
2.291428459166298026e+01 -8.321254000471636658e+00
-3.757894121672191545e+01 2.866792275898593800e+01
-2.332318669553649571e+01 2.929738449949129375e+01
2.742837854505079420e+01 -1.055598721385305971e+01
-3.721083882338709259e+01 2.602849541989511906e+01
-2.375691165691564066e+01 2.664412651013027400e+01
2.089200224166819098e+01 -1.050926943571884564e+01
-3.450101513347713222e+01 1.013271387792566003e+01
-2.187241416139329786e+01 3.252605327319754025e+01
-3.501359333632572657e+01 1.031819098638436216e+01
7.353692285137655382e+00 -3.560503198689804805e+01
-4.768920388503880048e+01 1.899715376958725699e+01
3.732022913428760091e+01 7.162451510208340810e-01
-5.077357935679126655e+01 8.677229917317800911e+00
3.654663231787125710e+01 8.188211435178279984e+00
-4.663857821264481629e+01 1.651721739913733700e+01
4.101212927152651133e+01 -1.630352113953415127e+01
6.395802677466295272e+00 -3.657608177943561145e+01
-3.458535468351141340e+00 -4.692760489213173969e+01
-1.492311136349012379e+01 1.596972344428280088e+01
2.793470339596997221e+01 -3.299161791834817592e+01
4.734690953291797655e+01 -1.283373841809591909e+01
-4.271155930225126696e+01 2.044862707722803208e+01
-2.926729167563116185e+00 -4.159869623794772053e+01
-4.539210846068645822e+01 1.850362135842735611e+01
4.913881721586441387e+01 -3.630498393499648202e+00
-5.049930469820174039e+01 1.968876449160783082e+01
-3.635713288481353089e+01 2.493576988776193559e+01
3.567483834830439093e+01 -2.294212258320963471e+01
3.410010786160458451e+01 7.694213974453488980e+00
-5.086434460325549622e+01 1.751663092559899582e+01
-1.621219538113027525e+01 2.465041907943816213e+01
2.167150418813485757e+01 -1.259352676571266016e+01
-4.264034712440190589e+01 1.589726688925355269e+01
4.822006370012771015e+01 -1.316227459248675125e+01
4.480067490294693755e+01 3.310535064959460705e+00
1.548831798194309073e+01 -3.847435647968614347e+01
-2.805667980836491893e+01 3.990989631572264074e+01
-1.884594985917493659e+01 3.589455053220580538e+01
4.895112613906597687e+01 1.191589708104725354e+01
1.446875159319135573e+00 -4.730634735800619950e+01
2.666351583590111929e-01 -4.440186412796482784e+01
-4.896271631380272993e+01 1.770648745733654650e+01
-1.871906543330395323e+01 1.505182446928517059e+01
3.848529225793533470e+01 3.338269341004320712e+00
-2.772229757957775220e+01 4.234929589328903177e+01
-1.582678416049177450e+01 3.532432665346970424e+01
4.125219872263318166e+01 4.822648161716873716e+00
-1.995531067946248882e+01 1.042383266939734732e+01
4.504053992603015644e+01 6.100425168668186515e+00
-3.353878773283554438e+01 1.947808830433168126e+01
-2.264440820288351119e+01 2.129530518743314005e+01
2.289691781234268575e+01 -2.670690113741006044e+01
-4.466828516414709327e+01 2.910392608196817932e+01
-2.551575532552094927e+01 2.969952422739067188e+01
4.532280924574242675e+01 -1.636367574968503646e+01
1.004129524778140947e+01 -3.817219562776730157e+01
-2.151606544746813654e+01 3.086837633118515711e+01
3.821047803447247304e+01 -2.107481841933427802e+01
1.196918340079527354e+01 -4.653114470615454934e+01
2.848263450822284426e+01 -2.663222657245727021e+01
-3.646243005603643894e+01 3.461617150505745144e+01
3.587213989268714442e+01 -1.911796686289219593e+01
-7.905781159024986238e+00 -4.351101688584780192e+01
-4.150079868318285747e+01 3.544795888763263747e+01
4.372518280080102926e+01 -1.698371426815133489e+01
4.312359436806693935e+01 -1.696466413933148232e+01
-2.766696118928927817e+01 3.189288335761812476e+01
-2.813654681596388762e+00 -4.406894830165725097e+01
3.298185094631948999e+01 -2.662453451184948250e+01
3.796941880983496276e+01 -2.383867877225105403e+01
1.772695076909963419e+01 -4.357699101576940848e+01
-2.962038842360860968e+01 3.123770781946662822e+01
4.265124022151348271e+01 -1.959463378028926428e+01
-2.920074450557703827e+01 2.777992999837553967e+01
-8.206612447593271131e-01 -4.187364930863452628e+01
-3.173707860224851984e+01 1.766404571912982391e+01
1.284073426959778352e+01 -4.493762728180681165e+01
3.850576615511528900e+01 -2.254624435813710193e+01
-2.407625429577905507e+01 3.394386856831149402e+01
-2.284633363457636790e+01 4.168818571214137592e+01
-2.446388100438537805e+01 3.821465565188947267e+01
2.933721173288478212e+01 -2.391266273468513504e+01
-1.565691903412127495e+01 3.433558769827710222e+01
-2.877707349142803395e+01 3.921735325953648044e+01
-2.755078196169057847e+01 3.813589508374287362e+01
-3.031859252767828394e+01 3.759282814407679041e+01
1.588097165275150102e+00 -4.891204194283628937e+01
3.334135621266419491e+01 -2.248797401526867290e+01
-2.312935069242570307e+01 1.396310441818330972e+01
-4.662963698221149400e+01 3.644406756149424353e+01
-2.603791746875370805e+01 4.430087121929584271e+01
3.480302417129036030e+01 -2.359803581986438559e+01
4.895928754553864337e+01 -1.955202538409540391e+00
1.540027333732505888e+01 -4.008542407268389240e+01
-4.495478617587503578e+01 3.136377423166763379e+01
6.428158913274529596e+00 -3.936961836931022418e+01
-4.069309690714377581e+01 3.517507353900664668e+01
3.845815656687713613e+01 -1.874810600740659439e+01
-2.885243282270054976e+01 2.679975227348701949e+01
-2.110906361383019014e+00 -4.261622486851456415e+01
2.062549409680520895e+01 -1.573383534817232032e+01
-3.011018383670586829e+01 2.942452717002180762e+01
2.595259255871775750e+01 -1.185604413747760866e+01
4.701104984774242013e+01 7.894905579114746885e+00
-2.312345479995465425e+01 3.165062076444682049e+01
-2.330582127232587908e+01 4.687397943733606809e+01
-2.718162364143624998e+01 1.618376228608356016e+01
2.390729455435501194e+01 -1.891258337357463049e+01
-3.038448637362985494e+01 2.748459289171607978e+01
-2.446074725857985399e+01 6.546946350274330584e+00
-2.817514613694488901e+01 1.735784278081617416e+01
2.833866314206134973e+01 -6.344352112755507811e+00
1.896139000215069359e+01 -3.428292589741830909e+01
3.685105505761069367e+01 -3.149720385232796627e+00
-4.344606605559216206e+01 4.403161846987898542e+01
-2.112719636664850498e+01 4.006891577308962837e+01
-3.140260356219455318e+01 1.833387117248395626e+01
-3.887755401673182831e+01 3.238593020667654798e+01
2.198978593015427307e+01 -3.329074276194034354e+01
5.424594852285956392e+00 -4.100832438707201533e+01
1.801194662254154721e+01 -3.465502944982567612e+01
-5.016774292505449750e+01 2.095268320164969467e+01
-3.693096215183746267e+01 2.762590779178000844e+01
-2.849682067121219120e+01 1.674895551814979910e+01
3.161801422613935486e+01 -2.586653416317223630e+01
2.348390526748509544e+01 -1.438743306545509704e+01
-3.721201768442591629e+01 3.370873354714675685e+01
-3.758105273849934491e+01 3.039005863336154434e+01
3.224897800860684338e+00 -3.941276902339794219e+01
-3.991784542059734520e+01 2.681237183226703280e+01
1.066199308308919491e+01 -4.826579272894369410e+01
1.309217572705591870e+01 -3.103569422669033528e+01
2.696175243289105694e+01 -8.055267752892380173e+00
-8.204318425725038111e+00 -4.441595964491238391e+01
3.520539405111827591e+01 -2.408849365998237513e+00
4.396349099929471294e+01 -1.401735320562379883e+01
-3.802004922049973601e+01 3.444346594239121373e+01
-1.380940815613428896e+01 2.759608362122969183e+01
-2.523313034627189211e+01 6.750552000450175782e+00
-3.711935610999992718e+01 3.092210064528540769e+01
-2.260017083402905058e+01 1.946923754563421127e+01
-3.437577318369640977e+01 1.997004981023426851e+01
3.240594984979767190e+01 -2.362352056445399384e+01
-3.007500734435684464e+01 3.202431469419654775e+01
3.609671837813084494e+01 -2.535320193366831987e+01
4.320706644510220684e+00 -3.654963595483742012e+01
-2.915950630470734595e+01 3.632921642344216195e+01
-2.537318369037365073e+01 2.410463713945914677e+01
2.762551218311838852e+01 -3.398904970932591141e+01
4.784891980076085360e+01 -9.926802474229356577e+00
-1.680370304501808221e+01 2.230893135709299457e+01
-3.204096886251729615e+01 2.323582276349087294e+01
3.434674270063973012e+01 -2.459596460848225519e+01
3.396576984766728202e+01 -1.752005420900924904e+01
1.750597873175869523e+01 -4.617521559365459183e+01
2.006264616672708456e+01 -3.384314501442315759e+01
-2.293170643953614984e+01 1.833424770990496100e+01
-2.234619069272606851e+01 3.923541846209981543e+01
2.657249706224942187e+01 -2.673718357464309392e+01
1.777209385602265712e+01 -3.053796877121881792e+01
2.918916717475972789e+01 -2.215927664781178308e+01
-4.542017645904071799e+01 2.304836228701376299e+01
1.651306119183327326e+01 -3.875106271995229434e+01
4.251699202172130754e+01 -1.322521394824536856e+01
4.514839600088675553e+01 -1.807108209940095023e+01
8.985847886776904048e+00 -4.164267878809676660e+01
-2.289483332334733490e+01 2.779099528526495178e+01
-2.699643674382177139e+01 7.816817095109266589e+00
-1.734566458816173196e+01 4.354940391602963246e+01
1.930100568421915597e+01 -3.050939627393882958e+01
2.456379773306818137e+01 -3.058768822155336409e+01
-2.896035196625326158e+00 -3.949156516010496176e+01
-2.336080841537525998e+01 1.443080615169041536e+01
8.391155971484593579e+00 -3.976603808415626418e+01
1.940242124330677598e+01 -2.925770971474480575e+01
-2.520651230873921378e+01 2.500025836838574023e+01
-1.989311029352801441e+01 4.232810796186217317e+01
8.506735248959655493e+00 -3.519077409731758621e+01
-1.793560706543200567e+01 4.246573055994532808e+01
9.463147879203797075e+00 -4.721430306977656954e+01
-2.755531240314671848e+01 2.634092313833753352e+01
-2.555363794407385569e+01 9.820882894447874989e+00
-2.195198448468824637e+01 4.146202414793044966e+01
3.456651929607441076e+01 -2.626317775106187113e+01
2.701242634264451770e+00 -4.948020677872674611e+01
1.376388752081912870e+01 -4.400277569413319867e+01
-1.544069483915800056e+01 2.122511512973555270e+01
-1.245493273584360239e+00 -4.722877237989531807e+01
7.546528304943802112e+00 -3.936781096842830863e+01
-2.165814041321120698e+01 3.188888415506139395e+01
4.905356918528717358e+00 -3.590824172476143872e+01
-1.989969644688747152e+01 2.209773154896939218e+01
3.871678520717133409e+01 -7.937558188452771279e-01
1.440872840115824438e+01 -4.140326882684026089e+01
-1.861704698948335235e+01 3.958389408777166807e+01
-4.336611308991057712e+01 4.427637742350687944e+01
-4.449972708044591485e+01 3.308226584509991142e+01
4.323828518988245406e+01 1.132926646626515499e+01
3.360572252592049836e+01 -2.986422160755468269e+01
6.232576090996113649e+00 -3.398013545441369132e+01
1.021466212396125073e+01 -4.920766065415152468e+01
-4.580619971918289224e+01 3.102658375358850051e+01
2.878898438337171939e+01 -2.122624895586607963e+01
4.537931942865684221e+01 1.362717560340847633e+01
4.040588050770386275e+01 -1.500277888158065620e+00
-1.546679349416707616e+01 4.586879356500663363e+01
-5.026006174627950429e+01 2.167354286077894088e+01
-3.312981149859395202e+01 3.831085415518063542e+01
1.212335948881197112e+01 -2.560691004775809887e+01
-4.473796026953135652e+01 2.252930303655808686e+01
4.557201457443940740e+01 1.044670457912861394e+01
4.681977513336990171e+01 1.435459723986092584e+01
4.400411389735414502e+01 -1.134763422059687521e+01
3.632928233922788763e+01 -1.109966491726894988e+00
-5.186440321600499281e+00 -4.407932549368599950e+01
-3.817667102925594946e+01 1.009310608731051495e+01
-2.333840304671418409e+01 9.152141366090061680e+00
3.929081750508106552e+01 -1.747451265137437648e+00
-3.798696152823150385e+01 1.804102217205254988e+01
1.425095896550386598e+01 -3.872175402989137183e+01
2.878824461062164275e+01 -2.985845842337666056e+01
3.525149389266711353e+01 -1.240690239275505036e+01
-4.603029522913697491e+01 3.198406684973247494e+01
-4.346771748878409625e+01 3.114934458176362142e+01
-3.628384546330685367e+01 1.736502107816452423e+01
4.060324487459960352e+01 1.403114969016010072e+00
3.916126343125750964e+01 -5.331897906542850230e+00
