-1.187875388629126228e+01 -1.999437280552237439e+01
-3.058389326990689483e+01 -1.097946875435281697e+02
-5.844966460090616067e+01 8.334665318174175752e+01
4.151359799316085741e+01 -5.711358931045172227e+01
-1.010090161835947811e+02 4.220871099894407763e+01
-3.057628271535227094e-01 -4.255527262926884902e+01
5.213391731054919376e+01 -1.706018823114978744e+01
-2.156765710840297956e+01 -6.519193077514398738e+01
1.274129254214368290e+00 1.194083821592742680e+02
2.760026966414424976e+01 -2.951465011227772095e+01
3.312676751983116930e+01 -9.648538006761975794e+01
-1.579256851669054162e+00 -9.534456536378186797e+01
-7.282958770171946128e+01 7.662144475905539487e+00
1.321674973996649705e+01 -6.750340674738852442e+01
-3.865866211250830276e+01 -3.780365250103717045e+01
1.086508437069091038e+01 6.134201107582890611e-01
-6.035313742283923233e+01 4.611439174417287745e+01
5.064999484518769179e+01 7.069766710885357952e+01
-1.456392195346779594e+01 3.522709461776672413e+01
1.473244322076193669e+01 8.921389116574543721e+01
7.253975510786055736e+01 -7.806943376543901536e+01
-3.265313591347455713e+01 5.392926954074766854e+01
7.276573681746927491e+01 -4.286227349320280666e+01
1.291453998000337222e+01 5.195779988456439469e+01
-3.407643660410960251e+01 7.778904173000069200e+00
-3.673050840982859455e+01 1.104884230781423327e+02
4.251252683785718745e+01 7.539059386208575297e+00
-7.381877760905105390e+01 -5.608897803957814432e+01
7.399944357166897646e+01 2.694273541273910766e+01
-1.404210370412849151e+01 7.463154275260293957e+01
8.325531992568548389e+01 -1.237770840577786480e+01
