-4.594499441083315538e+00 -1.627464718435492230e+01
-6.181353997517138765e+00 2.073287165937493270e+01
-2.309462854812701593e+01 -1.137397976017016532e+01
2.360483635233903854e+01 1.494922119071644495e+01
6.471196147554168832e+00 1.703180202629101103e+01
1.900599040067515233e+01 5.790732137987202321e+00
-1.453388836512836590e+01 -8.043957071672776848e+00
1.663934091883295707e+01 4.450583252771492582e+00
-7.849987893583427301e+00 -2.649621310641155958e+01
2.209496427556267018e-01 7.701067826270098671e+00
3.383643656736188721e+00 1.976708770875244170e+01
1.782802426047862454e+01 1.953798967963857436e+01
2.161273700223415162e+01 2.973418213111406416e+00
-1.183127465348320406e+01 -5.972755051211177779e+00
-1.670281190136750027e+01 -2.665017635216987202e+01
1.809950038874133327e+01 3.719150470309210199e+00
-1.074853965305089920e+00 1.402937922597172182e+01
1.662905798583321371e+01 1.374130432938039270e+01
1.487616810319865479e+01 1.952191672915293452e+01
1.711427045332903774e+01 4.129214542355231776e-01
-9.913103646544154657e+00 -2.464491652710698233e+01
9.102703847308680096e+00 1.767194548309053914e+01
-4.611020624276085833e+00 2.308608849967603049e+01
7.829130005079781185e+00 1.450526905791188170e+01
-2.468049106258250802e+01 -2.122338447851488397e+01
-1.154242912056472647e+01 -1.051841118718092893e+01
1.495469212130364234e+01 9.091755122306517833e+00
-1.274723302189832630e+01 -8.483371110709242657e+00
2.563765355747289476e+01 1.694614768277307704e+01
-2.586083494770362634e+01 -2.299014495039073225e+01
-1.883077408448881940e+01 -2.588024627438611347e+01
1.036123997617309200e+01 2.221134556542195071e+01
-5.461831567109743268e+00 -1.402206869454254434e+00
-1.011510720258299578e+01 -5.562626501941581481e+00
-8.648634914137810270e+00 -2.603659543103377061e+01
-1.726352078688255176e+01 -2.574330837673901584e+01
1.605807885462540341e+01 1.488061842157994441e+01
1.539091013161366384e+01 1.112607843061784152e+01
4.329155865729654273e+00 1.819451892164938656e+01
-2.156114851602885807e+01 -2.609812641895635110e+01
-1.127809354612464965e+01 -1.852347157993121129e+01
-7.116476132130728161e+00 -8.675626993673143161e+00
-1.443401377843362354e+01 -8.943588820006656448e+00
2.048003095002569651e+01 4.612256228795221347e+00
1.780901359708569842e+01 5.144305184315128621e+00
-3.293594953807813308e+00 1.246241644993051523e+01
-1.401361572565554603e+01 -2.219330627038223724e+01
1.207664531501673366e+01 1.883060881117869911e+01
-1.654312811235236547e+00 1.532123173045870779e+01
-2.067619633729053419e+01 -1.582382744631962090e+01
-1.214813124248783360e+01 -2.394942072671318201e+01
-1.039066106148386304e+01 -2.798826268841052212e+01
2.527089498781538168e+01 1.671560836937713568e-01
2.578596586127709145e+01 1.371557387624446633e+01
-5.242736360921457228e-01 1.148722839671447637e+01
-2.858137807410924225e+01 -1.325190157024814042e+01
4.954254211631523575e+00 1.091976011261309765e+01
-1.080642226812249795e+01 -2.106430208786864000e+01
-1.725894419932280144e+01 -2.387866280725045343e+01
1.110367830012924806e+01 1.476877483323136708e+01
5.183389831226339339e-01 1.882433206736024545e+01
-2.641346606885751314e+01 -1.900850257617960182e+01
2.316521868965272546e+01 3.065650961153971732e+00
2.625396952820539198e+01 6.759577931708255605e+00
-1.785863664356268643e+01 -5.725138520375937290e+00
2.278209462381322936e+01 2.021117743321610705e-01
3.036963448811828314e+01 6.348139883520102167e+00
2.096154174920285485e+01 1.789147685983535041e+01
2.226152559887205840e+01 1.547257421908475727e+01
3.582497930950504506e-01 2.045560885846047228e+01
1.024110378859867110e+00 1.575752875194058866e+01
2.132872942437899866e+01 9.202664559549945666e-01
-4.245004362140874399e+00 -1.420100839409981575e+01
-7.633857734855014066e+00 -1.121905730721536010e+01
2.610273392782316648e+01 1.076326276945586180e+01
5.296924163148352349e+00 1.473962644112751619e+01
-1.633341772601016872e+00 1.915384973666199642e+01
-2.269869657529453377e+01 -7.702597985609401121e+00
2.707464451740516154e+01 7.134496481021425751e+00
8.200752401322514373e+00 2.118333696294769553e+01
-1.649754080976219939e+01 -8.387314403996814605e+00
-1.706564496347982285e+01 -6.616987080865638582e+00
-6.115682462262288510e+00 -6.607279028462217596e+00
-5.313489243381064320e+00 -1.498102636158786805e+00
-6.200343574140679159e+00 -9.861416402021028205e+00
-1.676541771516104973e+01 -1.151517978889444649e+01
2.429177529239927225e+01 3.063067374053830338e+00
-4.058701091624296708e+00 1.680221717759347655e+01
2.290731234246940673e+01 1.689624153186965216e+01
-2.006635452191034830e+01 -1.049134490520800789e+01
-2.406750436714980168e+01 -1.505907245251993487e+01
-2.294409104187042914e+01 -1.403216800541149212e+01
-2.246148274912737719e+01 -9.130780963277727480e+00
2.622698225507102521e+01 1.252840837507259764e+01
2.020877381815769169e+01 9.553317743975638265e+00
-2.132787223238736818e+00 1.159644161793350037e+01
-2.416138797233212898e+01 -1.326878597467845111e+01
-1.797689517394545078e+01 -1.776954124088780063e+01
1.493268009147694464e+01 -3.068775765358204288e-01
2.869285441509634538e+01 9.775821901580739492e+00
-2.540734783519732787e+01 -7.947445575920791150e+00
1.390454589932670793e+01 7.480277864213164207e+00
-2.099747606784079323e+01 -1.009524902733320495e+01
2.047270055843426206e+01 1.465208483423481844e+01
-1.472582789161725536e+01 -2.789667712796592980e+01
2.382243023191123754e+01 9.815884445489203358e+00
1.840641114159534197e+01 1.720277701970903195e+01
2.302641081262063238e+01 1.002666870602400273e+01
-8.339068793399857071e+00 -7.589477880660311371e+00
3.040352836906266987e+01 5.890388043225376791e+00
-2.589193257600477338e+01 -1.164877263968756971e+01
-2.040564207185773782e+01 -8.302666448434745661e+00
-6.051004496307189839e+00 1.969928672111337065e+01
-1.158831593882464439e+01 -4.647056166350175488e+00
2.786388568318078640e+01 1.175656141931444054e+01
2.832409524138717494e+00 2.236487880958172525e+01
2.074242002261889795e+01 1.237223699100774565e-01
-1.346350508271276958e+01 -2.194269595389419081e+01
9.743799820134068312e+00 1.333290261271601729e+01
-1.040156472830233048e+00 -8.315511988811669752e+00
2.372466981968302235e+01 5.909601562709524636e+00
2.551148936874605866e+01 4.106835086667500967e+00
-9.119742442946488836e+00 -1.823886255105784571e+01
5.469767905996809176e+00 1.332524346764916956e+01
5.875281363137812463e+00 2.234864693737814534e+01
2.052591436706842742e+01 -9.996045264788646634e-01
-2.210567143043774863e+01 -1.811272694276709316e+01
3.109395173290304371e+01 1.165760430769298317e+01
9.649642593734819584e+00 1.663126805797637786e+01
-8.438060295440488190e+00 -1.119562649876505489e+01
4.142388815775026600e+00 7.071389939026757609e+00
-9.037260922961459997e+00 -1.668196448936523879e+01
-8.886502658239260555e+00 6.886040610951551511e-01
1.407477532814402998e+01 9.185785568934921486e+00
1.752675580421308510e+01 1.604642927898755289e+01
2.359822763869230045e+01 1.797895161854060575e+01
2.104421770115605828e+00 1.228564968855832085e+01
1.332982471023637494e+01 3.724307631939980379e+00
-1.347126129873858780e+01 -1.258441973439163952e+01
-1.695271971070232198e+01 -2.118044608252111516e+01
1.069824005463530447e+01 6.290739873904183099e+00
-1.320854123838660676e+01 -1.841081214048277914e+01
1.846139471828859158e+01 1.073675669025580248e+01
-2.031556172687980322e+01 -1.752003973207512288e+01
1.384032782692758445e+01 4.904513155737446617e+00
-1.871011778536209391e+01 -1.474606713971435568e+01
1.628968591383676312e+01 1.006404904159195013e+01
-1.444507878538565571e+01 -2.393014092668645176e+01
-1.397130017573735827e+01 -1.226068600740811831e+01
-2.880967482122985857e+01 -1.461003165485315236e+01
1.920934180482723619e+01 1.248264978199137154e+01
-2.065226570400517048e+01 -1.410310864472427461e+01
2.122696630658100325e+00 2.088564687484734961e+01
-2.741048207621106236e+00 1.907821087501271862e+01
-2.067599108293877563e+01 -1.163965922612247361e+01
2.077375483236100351e+01 7.150223141158907225e+00
-1.696265195739181664e+01 -1.379096557107119558e+01
7.445383915211702508e+00 8.914177813674422524e+00
1.613559703569445603e+01 8.011253642163060462e+00
-1.904342486194231654e+01 -7.320995018331765358e+00
1.899439653319009480e+01 1.817762675812947926e+00
2.204086579769029441e+01 1.383801705822114236e+01
-6.112014967253694975e-01 2.349485983542191292e+01
-9.015019072644374631e+00 -2.320480416201818485e+01
-3.354017217464635880e+00 2.082482975711758399e+01
-1.229028286224420086e+01 -2.727759540680534300e+01
2.743095554183256723e+01 2.622164646523515774e+00
-9.762582291005236002e+00 -1.212568559314284089e+00
-1.564961708539489393e+01 -1.072568579567218627e+01
-1.008680896641928548e+01 -1.010988171212203746e+01
8.456926623236311613e+00 1.215020877349513917e+01
-2.377128272756733196e+01 -1.919310952435793638e+01
2.470025435682850379e+00 1.643945034409089700e+01
-1.578957655475811350e+01 -1.960073869626910437e+01
1.190901398266250943e+01 1.508815325270543184e+01
2.106726163376710925e+00 1.475012164568201101e+01
1.229545877904882367e+01 1.772822404649415162e+01
-1.792584748237858250e+01 -2.013390251870717051e+01
2.039922751247383204e+01 7.670723339542720787e+00
5.018201039599584412e+00 1.563941756230956948e+01
1.104608266793219684e+01 1.171182757825034848e+01
-2.308962594442662830e+00 2.154427512698874381e+01
-2.565321495227916415e+00 1.706601500223997547e+01
-1.638008744462957367e+01 -1.716385149725719117e+01
-1.524019880753431622e+01 -1.653515781526104078e+01
8.907484120197930011e+00 1.055230419173388334e+01
-1.509169000158192198e+01 -2.507379685403780911e+01
-1.769927492230809918e+01 -2.884908756729833357e+01
-7.835847057511562852e+00 -2.242761090783623601e+01
-4.675948779369894837e+00 2.034734887504119172e+01
1.937236253276057951e+01 1.499667607639396927e+01
-1.310427830152415574e+01 -1.384302514477040225e+00
-2.456611565790093366e+01 -2.200863331349603769e+01
1.412122771558437151e+01 1.501761043166430909e+01
2.327093219604480012e+01 6.926805660987376712e+00
-2.325328681489401106e+01 -2.264283273201692737e+01
-1.288736381224810224e+01 -1.963453542485674674e+01
1.170388837886434352e+01 7.195807370750462617e+00
2.199211603071078969e+01 8.441807963054417385e+00
-1.560432446875501178e+01 -2.230337706823693722e+01
-1.917010600343047244e+01 -1.181204636183391798e+01
1.124313558182575967e+01 1.731216920805541903e+00
1.420126202645339042e+01 5.997095975016280889e+00
2.470486578084615026e+00 3.097246546452227633e+00
-2.318719735059950793e+01 -1.026046513192280329e+01
7.329017934764985753e+00 1.947613979313702970e+01
-2.640667606672866441e+01 -8.386419533979021068e+00
-1.446220466211258682e+01 -1.426977701592416103e+01
2.127560854675096280e+01 1.201950976280592265e+01
-1.995171912830080174e+01 -2.299353883174275026e+01
-1.842462321527214542e+01 -1.547459663720667322e+01
1.841120654549626323e+01 1.334439873933671450e+01
-6.071837757893974175e-01 2.118650351599273662e+01
2.220087514923442029e+01 1.185330919826140317e+01
-1.972129992094821205e+01 -1.855956577943322827e+01
-1.319424948881247595e+01 -1.019627050671215329e+01
-1.706425324240289498e+01 -9.722987027453932285e+00
-1.257625520516522322e+01 -1.607444393757038981e+01
-5.163797187597042593e-02 1.780008202667770689e+01
-8.529778558703977609e+00 -1.854834560928192388e+01
-9.510063429453511574e+00 -7.804188305989196550e+00
-9.463276638924188688e+00 -1.395452579266438065e+01
-2.626296805168730941e+01 -1.614057720442612620e+01
1.327306430744222965e+01 1.269655837682696209e+01
-1.587279343554340727e+01 -5.115559819400367303e+00
-1.794127693047796157e+01 -2.369172277271804106e+01
8.419726344706962573e-01 9.356719775206819634e+00
1.619700442432172593e+01 1.591082879028802921e+01
1.530300451829708086e+00 1.323170313828028810e+01
-1.213740052810991799e+01 -2.164752211947631011e+01
7.262246756015202642e+00 1.159880244887460421e+01
-1.250330983325841805e+00 1.197718210734853805e+01
-1.051658483138817779e+01 -1.245564073180981524e+01
-3.979139124838476427e+00 1.448453603169715542e+01
5.410113241583928811e+00 1.833630257036998046e+01
-1.066643892841716301e+01 -6.526097438519989247e+00
-1.461947587335300192e+01 -2.027310254116381572e+01
1.458100456890813468e-01 1.569082545135457352e+01
-1.302772128859314371e+01 -2.623988570866750791e+01
1.226539922891124945e+01 1.211867700503507805e+01
6.125250659784613916e+00 1.134682291348881655e+01
-3.627473996331047168e+00 1.880694199838920611e+01
-1.880820071912830826e+01 -2.105771775351934494e+01
2.913437368918622639e+01 1.522058900795593672e+01
1.310235886493618018e+01 1.027744067626003144e+01
1.568151389628246939e+01 1.674217855180664927e+01
2.436964243765208238e+01 8.718052859407002586e+00
-2.392220665938854651e+01 -1.788923683073401349e+01
-3.321673974455113587e+00 9.694027173684986565e+00
-2.187590066295440394e+01 -1.576751983583286965e+01
2.625459472305741926e+01 1.012780568809987081e+01
2.762548388741722505e+01 9.339574735561797070e+00
1.742469402020654101e+01 8.136561458933936564e+00
-2.731608747946900451e+01 -1.207197178051572450e+01
1.025616239395623452e+01 5.819603592306708428e+00
