-3.406546947512440937e+01 5.175530435581258359e+00
7.093172027014801095e+00 4.557185321855041771e+00
-3.224726817805969148e+01 3.116709688186446314e+01
-2.042921836958732129e+01 -5.440335607686974662e+00
2.753715718493124243e+01 -2.804132195061067279e+01
-9.279379236450848722e+00 1.118686294383046764e+01
4.739832264962895891e+00 3.420466500268310028e+01
2.719883797678432558e+01 1.703804636618868329e-01
3.543679845032298203e+01 -3.341863317535488420e+01
1.223896843624546449e+01 2.188217043065873213e+01
-1.489712971435830546e+01 1.880334456953297462e+01
-2.768398760971725547e+00 1.502606782533016094e+01
3.478707726460392280e+00 2.113047588670618637e+01
-1.574969171737232188e+01 3.850731375049997407e+00
3.781497609682773486e+01 -2.212640382735917655e+01
4.138567356540262310e+00 -1.441211839184516030e+01
-1.771315297417321943e+01 1.167253959772334682e+01
-2.825062025103989072e+01 1.374493835497207961e+01
-2.936681199117051122e+01 2.262144893980044813e+01
2.246146696752832739e+01 -3.544656824505111103e+01
-2.080373254105504088e+01 2.162326547616621042e+01
-8.046327011703773735e+00 2.578105382836139547e+00
-2.730379375066460668e+01 -6.535325647724416598e+00
-4.277956779476060234e+00 -2.652662921249597971e+01
2.867830926729256102e+00 -3.802526703185794332e+01
8.004705784537488711e+00 1.220297480401050549e+01
1.513170212618605781e+01 -3.103732183906240039e+01
1.576327593620795042e+01 -1.466652601965368241e+01
-8.714838944707861135e-01 -1.085532725840608226e+00
1.168690078395236043e+01 -2.201277866132885919e+01
-2.343510703436563247e+01 5.506620723478006241e+00
2.846294472358363592e+01 -1.200976653829271967e+01
2.687873160393571936e+01 -1.999133609381065924e+01
-4.266882017584850217e+01 1.670776565995522489e+01
1.605523619029838400e+01 -4.537054994558986643e+00
-2.920132721122940200e+00 3.127420810951130647e+01
3.912507925272977616e+01 -1.148968671124495522e+01
-6.478520219382002843e+00 2.077158638101679600e+01
1.880158048379310998e+01 -2.205614493437303381e+01
-1.330659055074083064e+01 2.783241889300725447e+01
-1.175984989711240125e+01 -9.588737072282127016e+00
1.798122658322170553e+00 -1.993163084829916087e+01
1.695859523355953868e+01 1.246251072764164824e+01
6.564634509192598166e+00 -2.708775199421679858e+01
-2.222241472013464048e+01 3.053389196924428717e+01
-1.375954736261032929e+00 8.780085366832739879e+00
