-1.796423968093271029e+01 -1.726103638522457473e+01
1.174609423344637626e+01 -2.893468707550624353e-01
-1.868553189797202663e+01 -9.456703010518422658e+00
1.176692249924402134e+01 1.014111447918891251e+01
4.742230478971763752e+00 3.884168949516825009e+00
1.000222050206477675e+01 9.316622410270712251e+00
-1.233166481823190885e+01 -1.278416019719288244e+01
8.670257576326102722e+00 -2.119514109904675703e+00
2.039364054681564564e+00 -1.366863653017431801e+01
9.846591609854483451e+00 5.708519754048678507e+00
8.471366271676140869e+00 1.381197855613870829e+01
1.433909021793248506e+01 1.315534898326379221e+01
-1.313988402581004777e+01 -1.108999860419187122e+01
9.919885172824960407e+00 1.291051442930710813e+01
3.846803029552808173e+00 6.779310985471626694e+00
8.553277819740079835e+00 2.203338305483982573e+00
2.046675485669767980e+00 1.969614452220168843e+01
-2.605773528582806975e+00 -1.376220947337111511e+01
6.448576902838195402e+00 -6.038853232602005017e-01
9.039688316315343641e+00 4.456600798514190664e+00
-8.496904182491389790e+00 -6.890819192061222509e+00
3.267123874668864114e-01 6.276107615201479639e+00
-6.928437042325179540e+00 -9.244834610083705329e+00
1.609812668328023122e+01 1.512258938206991488e+01
-7.854709322953276285e+00 2.731729991265748669e+00
-7.929533965031841269e+00 -1.663474268955234692e+01
7.588019789284448535e+00 5.584124637511716394e+00
-2.644836787929234934e+00 1.306250723651298706e+01
2.244779229203463178e+00 -1.381536664927193137e+01
-6.121748917683586200e+00 -1.792304034462872053e+01
1.798540507759334606e+00 1.083780685197089966e+01
6.179115814618224789e+00 6.263981384045981038e+00
1.795246678318383715e+01 6.246320069944504283e+00
-7.648940635126531440e+00 -1.481199909525965097e+01
-1.362190127871818213e+01 -2.122838345887747113e+00
-4.092472255656542934e+00 -5.428522562625116343e+00
-6.748529047281174975e+00 -7.731371118722207392e+00
1.489574033060988434e+01 1.021994560191615342e+01
-2.387862500570451019e+00 8.623768116801267425e+00
1.291663251346895969e+01 -6.154344079695928116e+00
-6.208895819237874925e+00 -1.469021710394861557e+01
1.759282324367726247e+01 -1.930436309256752025e+00
-1.286449045251429268e+01 -5.108889514706898005e+00
9.198840413139125260e+00 1.158012409869426129e+01
1.088303201800572673e+01 1.274354148175027568e+01
1.200075183825803649e+01 2.929089536676455774e-01
-1.471553712440584682e+01 -1.508477272051195683e+01
-9.868064062059076491e+00 -1.865597657392899222e+01
5.123980578846868639e+00 8.462885105469254654e+00
5.753488022307582384e+00 -4.207659433111133218e+00
-1.592551805696770906e+01 -9.978267021147196658e+00
8.350615843509419989e+00 1.761478347479317463e+01
9.962992579549529992e+00 1.658873556532619986e+01
-1.406560109577874407e+01 -5.145519900126937607e+00
1.429721263754187532e+01 1.811622385640824362e+01
6.148248989673739118e+00 1.410240010306468683e+01
8.602872876493973919e+00 1.916399256424041653e+01
9.474042373208233059e+00 1.866190710423882138e+01
-1.550228041747071650e+01 -6.399581715673192228e+00
4.757596207828325152e-01 -4.648387406991752790e+00
6.544344857747664612e+00 1.168448548074067794e+01
7.604119796977896861e+00 6.781756661789927421e+00
8.222070730832346186e+00 -4.269334808045613272e+00
6.413886345473410522e+00 2.142452535888101650e+01
1.358498895736041945e+01 -2.558141041633304358e+00
-2.129712129019911160e+01 -5.754031946525799412e+00
-1.010307431125500877e+01 -4.965047724736161072e+00
-6.795763771851350832e+00 -4.826385569043735835e+00
-7.453722878019782172e+00 -2.172106604535627383e+01
-1.156138582719831653e+01 -8.894738520935144166e+00
1.321301639683387918e+01 -1.005330427260245213e-01
2.040376703362072774e+00 8.039176881130254415e+00
-1.570835809839888775e+01 -1.079771948334985154e+01
-1.666477466062654500e+01 -8.548308941586482135e+00
-1.954416407765653929e+01 -7.199246841054984802e-01
-1.816089925301806929e+01 -1.618459406303256465e+00
1.178436270714343337e+01 1.084608307608934830e+01
1.410477520359313530e+01 1.127951982957877775e+01
-1.657242766487139463e+01 -7.197568447510803935e+00
-1.881094028826168696e+01 -7.803470102210463111e+00
8.129251935316933242e+00 9.405428535889468478e+00
1.251773647037596859e+01 1.846366323515614383e+01
-1.843555120494407262e+01 -2.877961667269408608e+00
4.792591468456493864e+00 1.068154656438868599e+01
-1.306991850191775306e+01 1.365613196016118636e+00
1.150828305940523677e+01 1.906133134623777892e+01
3.515237125198255042e-01 -1.306642645248184920e+01
1.100933522638884199e+01 1.539989697380075029e+01
4.410680294800759071e+00 1.622221284032819000e+01
7.963833802277277663e+00 1.090435380111171426e+01
-4.454329934410895753e+00 -1.117851067334714976e+01
2.908458282220248048e+00 1.533050008858680613e+01
-1.958338767861074814e+01 -4.886239596695271636e+00
-2.293486143365391428e+01 -6.599287335339402816e+00
8.380478299769714923e+00 2.824986035531350526e-01
-5.742953924061543702e+00 -9.097993858629495278e+00
1.195506952753465058e+01 1.567741468461120924e+01
8.767292207030826789e-01 1.034530816634531725e+01
-7.048773610276328969e-03 1.435746688981531705e+01
-6.156692914402507100e+00 -1.613698439864327838e+01
1.421430179745374822e+01 2.405421522728224293e+00
5.399667011446365628e+00 -1.036122833720355629e+01
1.096203881000115210e+01 7.506366738077278278e+00
1.651350771510484705e+01 5.369122996997887753e+00
5.165347019754126912e+00 1.873582276132050950e+01
-1.618308994486344332e+01 -1.340589837081552993e+01
1.665613692589457173e+01 1.581546108677703977e+01
3.315023047613625984e+00 4.246204153202454812e+00
9.644549180139032174e+00 2.202625823785503201e+01
-2.130563813320163291e+01 -1.024345841977397242e+01
-5.993627909460871095e+00 -5.081145436186869091e+00
7.609194544402148708e+00 1.168839847243218877e+00
1.344450740580083625e+01 6.963753340773108036e+00
3.049965319218879589e+00 1.160967809216950286e+01
1.216532527023808896e+01 3.482976828606011654e+00
-6.734213174215905262e+00 -1.399683081673690266e+00
-1.188292672958658613e+01 -6.861682153926365935e+00
1.411826855469428921e+01 8.413093262382959736e+00
-9.125090830379948059e+00 -6.700750092842900685e+00
3.402402981795861869e+00 8.621234255119706091e+00
-1.885802156725627343e+00 7.858869192235186318e+00
-6.883394594136131417e+00 -1.582193411257088300e+01
-2.076360887089147678e+00 4.534954312449424485e+00
-1.806905892686444659e+01 -3.565531227022004757e+00
8.485567996283595704e+00 1.203735694346416629e+01
-1.711470713212225903e+01 -5.262426429116022319e+00
1.024007456859928311e+01 2.500559015188042467e-01
1.231769248957464313e+01 -6.062789415222822775e+00
6.392464908192276418e+00 1.019063143558956241e+01
-1.005889760392840415e+01 -1.268266237409778974e+01
1.219922055891570167e+01 1.307575895963034185e+01
-1.565290649946379276e+01 -5.837294153463498780e+00
5.148211075981876661e+00 1.173382125203939452e+01
1.673696859299338158e+01 1.672353906114353750e+00
-3.838269511873576789e+00 -1.434234521342113666e+01
1.031853793605332825e+01 -5.224108579298822441e+00
1.762077188376393977e+01 9.969563666463052698e+00
-2.967773229240102673e+00 -5.122700088362833526e+00
-9.875811243275109064e+00 -8.832069992679880244e+00
-9.712306609546001113e+00 -1.079396870978958667e+01
5.419846806793292338e+00 1.729801010884486345e+00
-1.858989010520125973e+01 -1.333937587313923245e+01
-1.258443904367964983e+01 -1.822972400257253511e+01
9.425464499231400950e+00 3.156901549151194697e+00
1.183550293967863887e+01 8.168174257246203496e+00
1.901282131523985441e+01 1.286976170663490393e+01
1.540421025705785674e+01 -4.303648060604737147e+00
-1.253993100013073914e+01 -8.965577649676076177e+00
-5.806989168567127990e+00 -1.223637548127619112e+01
-8.202283329926025601e+00 -1.894821247907665906e+01
-2.070838421446452671e+01 -1.345742477721280217e+01
3.235893958893340638e+00 -7.324935709502480297e-01
-3.134947430493146281e-01 1.545434136531808988e+01
-3.358761092202664500e+00 -1.953146870355133657e+01
-6.861558807671551463e+00 -1.175510254970372870e+01
5.148413042824231844e+00 6.435485257972263895e+00
1.165861963312346639e+01 2.126707337257325747e+01
-1.372531727600575735e+01 -8.140264656210064231e+00
-7.911011315844641345e+00 -1.004351820571017662e+01
6.077433610678177445e+00 1.631385285924149642e+01
5.131806754657167069e+00 1.290873225096947685e+01
-1.246797921858660274e+01 -1.849458205828891266e+01
-6.785477629059245785e+00 -3.717329567321829398e+00
1.216778801349007511e+00 5.468909671248610493e+00
-1.694922646424076618e+01 5.246390033941440711e-02
-1.622348981775592947e+01 -3.388942248813409996e+00
4.542347128250442623e+00 -8.226475406856245121e-01
-1.820759380948308603e+01 -1.056654173513013717e+01
-1.100165350623603189e+01 -1.875502675355391391e+00
9.951524011098749511e+00 -6.370367156998242741e+00
1.397748101014187583e+01 6.235219276715421088e+00
-1.161623235593797077e+01 -2.335109224630952163e+00
-1.966527540529309093e+01 -6.850610586040629002e+00
4.487173114542676977e+00 -2.224617910383547059e+00
-4.076980998501641196e+00 -1.852260105033448667e+01
-1.058280528503424733e+01 -1.136287737096533057e+01
-7.355612924205417791e+00 -2.233567181681885927e+01
-1.286635539195806111e+01 -1.413805363347357691e+01
4.182709055495142714e+00 1.544919381251634682e+01
-3.123065849271559724e+00 -8.548771863161942264e+00
-4.109021573792244197e+00 -1.546145347645411761e+01
1.485065803512950033e+01 -4.389078007842572293e-01
1.154849121025019620e+01 3.818873146620462844e+00
1.171686164236165517e+01 -1.107675392081212351e+00
-1.558293325396509488e+01 -1.662587489535847496e+01
1.739504773281896988e+01 -1.243668201299135578e+00
8.689772850443882035e+00 -3.180930677146218688e+00
-1.141760718122043627e+01 -1.128501201688127864e+01
-9.872267711290644954e+00 -1.565572346211362742e+01
5.870889607387481668e+00 4.269736727764374962e+00
-2.333121150383830056e+00 -1.617006899776358608e+01
1.016322669933661516e+01 6.710634680698277066e+00
1.033921884641544775e+00 1.939088347673681989e+00
1.355504008423224249e+01 -3.124321402849750129e+00
-1.289509175077925995e+01 -1.983700279162853164e+01
7.932583366299478911e+00 1.395924423538633619e+01
1.937083925243267224e+00 3.037334357531542572e+00
1.543784808351223425e+01 1.795530415513622557e+01
1.019919899662189167e+01 -4.001241933764173808e+00
-2.070412916232562495e+01 -1.005747191104543248e+01
1.308147741011867105e+01 1.623542759143068892e+01
7.913266958971945542e+00 1.544178580080899721e+01
-1.445338504471807717e+01 -3.567520174714977177e+00
-1.150918164987408066e+00 1.337940679872945360e+01
