-2.206811533072055909e+01 2.964627890473010652e+01
-2.946673674281295519e+01 -1.366294071772949437e+01
-2.428723019730994181e+01 1.151015774659944313e+01
-4.409656449489997243e+01 2.916727028922861109e+01
3.843774832581481604e+01 -8.501525372082895160e+00
-3.082215806161370253e+01 -2.642448366664885917e+00
-3.886056262934115324e+01 -1.113751920973255594e+01
3.732107384212584122e+01 -2.607884415116290100e+01
3.492897747927204222e+01 -1.668982930758449257e+01
-2.323903919581461963e+01 -3.437729655954477437e+01
-2.786180977862770192e+01 2.255711670529474588e+01
-3.492474748995581280e+01 -2.209317785724487493e+01
-5.889609369705264719e+00 -2.475831865522233244e+01
-3.533821526068999930e+01 1.593495310745606730e+01
4.785780758119171452e+01 4.562640867543009016e+00
4.851008437239401871e+01 -8.450441481240833497e+00
-2.628676533930927661e+01 3.798755622340345184e+01
-3.668260116079935074e+01 2.417137477570235404e+01
-4.566762452711682840e+01 1.792658590878290781e+01
5.763310030493554592e+01 3.329100609522677168e+00
-3.259243909259340199e+01 3.270908091740421497e+01
-2.172466653222476651e+01 -8.778737801348825087e+00
-4.897553551684164574e+01 2.306893322601196950e+00
6.141982106439787259e+01 -1.128751777763625697e+01
3.083115178238428555e+01 -3.494013009055488173e+00
-1.135739420344740402e+01 -3.545858530080894866e+01
5.231214429952007094e+01 1.244161346531583412e+01
3.792378808711440996e+01 4.901442568606015904e+00
-1.265250165113453740e+01 -4.431210223425106065e+00
4.355643545607751577e+01 1.387366757678790741e+01
-1.341332143207090333e+01 6.095949651270973213e+00
3.566603067004219696e+01 1.885022413547539344e+01
4.578084770064074860e+01 -1.648536909179082599e+01
-1.526360028056267382e+01 -1.891975706247226441e+01
2.658135792247039930e+01 -1.394216403660099779e+01
-3.018276542927193518e+01 6.653450287632973748e+00
4.447458764626557581e+01 2.249396979911132277e+01
-2.206705906367560388e+01 7.862599855133346471e-01
4.267370713946109362e+01 -1.374428179773559799e+00
-4.031009848650533200e+01 9.130695981466251610e+00
-2.521909147251720285e+01 -2.488883057033653401e+01
2.764964195148154857e+01 7.950624511647392367e+00
-1.703508726532155748e+01 -2.839721405199574988e+01
5.859277548643265021e+01 -1.841624919500831936e+01
-1.759472030544496235e+01 2.000804857518690483e+01
-3.827102080169326115e+01 -7.285379378201759515e-01
