2.693105141027908758e+02 -2.268431272992438892e+02
-2.890538136816583688e+02 1.029652814234666209e+02
9.338880121837384252e+01 4.178378238807133584e+02
1.760943308627580706e+01 -4.253057098587731275e+02
-1.591637983314872713e+02 -9.864534511613135237e+01
2.037305256954800825e+02 -1.027747279625533707e+02
-4.842163434713727099e+01 2.008622352066918211e+02
-2.273526846302191018e+02 -2.861144984208925734e+02
-1.055210553994263307e+02 -3.585884769411131288e+02
1.172062230076025173e+02 -2.264974115003797124e+02
-1.710875962867017392e+02 1.466673955404094727e+02
1.335993408197460042e+00 -1.923057306816608900e+02
7.794593995492523675e+01 -9.296432716747696645e+01
2.029754053879693032e+01 -3.083765265483041844e+02
-3.082023331013869694e+01 8.509241950768230822e+01
-2.539661443483293226e+02 2.546953739126280141e+02
2.181548592957710753e+02 1.275574239311695237e+02
-1.128978629628403354e+02 3.008540136297684171e+02
2.057875319841230919e+02 3.103994548094578363e+02
2.211613911209456518e+01 2.919096721786513626e+02
-6.635104845152413588e+01 4.124133878689108315e+02
1.185827758394948859e+02 2.184690994243365196e+02
-1.064433775245324227e+02 -2.244630189429703080e+02
-4.970212228016591638e+01 -6.728144370839515886e+01
1.807945174289888257e+02 -3.464646273708060562e+02
7.452057688124556023e+01 8.690139020481463206e+01
