8.226733428311277407e+00 5.004965548948773879e+00
-1.169508047915980065e+01 1.279698043067878377e+00
7.571939183353846303e+00 -5.352804386121356117e+00
8.726666272739386443e+00 2.585177565101627550e+00
8.574445715138699242e+00 -3.563937185535525742e+00
8.095534616357412006e+00 -3.105082384689163533e+00
6.903626258589590670e+00 2.529545032879525923e+00
8.857340441774539386e+00 -4.628996971333645405e+00
7.834797008977727906e+00 2.104807997320165269e-01
8.849744839189970236e+00 1.906670640711258580e+00
-7.630870845153730819e+00 3.947838490814099127e-02
4.499352810350202070e+00 9.568792127498331190e-01
1.017968163725540975e+01 -1.109048562423421425e+00
8.418296797682943478e+00 -2.525980492324073179e+00
7.263727792130889149e+00 9.989420815321434777e-01
-8.799771225456662904e+00 5.718979816324115895e+00
-6.823616049493108626e+00 1.403502187550770719e+00
7.518915830972287218e+00 -4.199257072325509377e+00
5.486275032138273389e+00 3.315175766758869713e+00
-1.375980106439966022e+01 7.115975597029003397e-02
7.685715111234872055e+00 -7.463543625390516745e+00
6.809553571721634668e+00 -5.484840928005462857e+00
7.728257072631301128e+00 1.773379076848921043e+00
6.574566011711419300e+00 5.843152537516878020e+00
6.051589058800479037e+00 -7.071912752079197340e+00
5.147316460914428404e+00 -8.473000586721733285e+00
4.611327121329195755e+00 -7.009653964719964492e+00
-1.215609206022319633e+01 -1.495643200089583402e+00
-1.118631363820356839e+01 5.395713580823645605e-01
-8.529570232251293405e+00 1.702512697042058765e+00
-1.104095539155038708e+01 6.737332534694913111e-01
-1.306198508054659158e+01 7.057325341831910404e-02
6.835711041524636933e+00 -6.542924648839153257e+00
7.761784520278597554e+00 -6.151794860932684017e+00
-1.253377588069194104e+01 1.110804222681875952e+00
3.976065711001135927e+00 -4.786088978828337837e+00
8.858174865997009206e+00 -1.724840631541006752e+00
-1.017651012658893706e+01 6.895757866135492797e+00
4.635547668667625132e+00 -4.882106509984115661e+00
-6.549895929719375509e+00 2.528243479241757630e+00
6.600061617412095849e+00 -7.924241534364750983e+00
-1.140615194405811472e+01 -1.085943890591167582e+00
-9.914575971329343318e+00 -8.899791077806505912e-01
4.464730694065958794e+00 2.763282211233010432e+00
1.037755824625709522e+01 -5.426888992313761761e+00
8.344594716777812948e+00 -8.233376089802058928e+00
8.655875871285861223e+00 -9.707037115460000198e-02
1.068779686797121542e+01 2.148028127004026011e+00
7.925491865336177000e+00 -1.520131949060414822e+00
6.674869880847989378e+00 -4.675971672744140051e+00
-1.408684081464205562e+01 -4.026883452263018137e-01
1.008943185991852687e+01 -2.253570459957643379e+00
-1.243272367720209282e+01 5.778338037301647745e+00
-7.251192338124300640e+00 -5.698033811294653805e-01
9.566050480147364254e+00 -6.930200771957677475e+00
7.412091891350149453e+00 4.212796532952906681e+00
6.287433039896318299e+00 4.175547816478113461e+00
8.572777853060811637e+00 -6.170285081814950168e+00
-1.180093650877673994e+01 -3.296552581326722686e-01
5.967095326411107514e+00 -6.413029304342864556e+00
7.748170363087344192e+00 2.796291408965365211e+00
-1.001973054235137539e+01 1.407801530997067507e+00
-8.585758957258859070e+00 1.877029629876238337e+00
6.636763474300805044e+00 4.730020759568470679e-01
-1.255988005201874458e+01 1.985769744865388819e+00
-1.332164345376660819e+01 5.843247039217896344e+00
9.099209103483335781e+00 1.146546391885615135e+00
9.975244348519547444e+00 -3.607591797884256213e+00
5.970627487223166163e+00 1.935019943830633693e+00
-1.179432985597307315e+01 2.780898449787972737e+00
-1.098897645584515814e+01 2.763803471200927842e+00
5.059266855532489338e+00 5.070333656672956657e+00
7.591214230707918453e+00 -1.328078719530576768e+00
-6.822249753883160572e+00 2.848334553016355741e+00
-1.389970009602702561e+01 2.481189947207896651e+00
6.855905278896673671e+00 -2.143145584926551273e+00
-1.320126118028254680e+01 2.078364508694655832e+00
1.146281819670771895e+01 -3.919836587610969758e+00
-1.455466674249749914e+01 1.126287030160189939e+00
1.043509164423012692e+01 7.654956078901073990e-01
-1.080441033313930532e+01 4.950912181888779351e+00
-1.002951405044533395e+01 4.909308084250984194e+00
-1.029041395658318159e+01 1.175578524632134858e+00
-1.142142604585501964e+01 3.767185505565965098e+00
-8.550471777592290934e+00 2.723627608652463117e+00
-7.199809014768679738e+00 4.208724275506847690e+00
-1.350022226266883685e+01 3.989277772661890431e+00
6.904057034658523939e+00 -3.015029893765341029e+00
-8.031083778616032731e+00 5.757865729726815429e-01
-1.046784669657045264e+01 5.401253895840013364e+00
-9.853833588739210114e+00 2.978923756380949417e+00
6.778045432961631533e+00 3.953713172286642319e+00
6.660177743359452229e+00 3.116935471396715229e+00
-8.561407860820253291e+00 2.985559585204217825e+00
-1.093507572628145752e+01 5.843850274631191333e+00
9.099556786936405572e+00 3.326842643753153084e+00
5.500433812468267014e+00 4.801044777652788476e+00
-1.324400980800099248e+01 5.801168361173186128e+00
7.555629415485907607e+00 -5.694650326142148167e+00
9.397987141099280350e+00 -8.389578195390968718e-01
5.474878567818082686e+00 -5.892614395204843092e+00
5.960758238566022271e+00 -3.191283683457504683e+00
