-4.669652842317848354e+02 -4.616566687777024640e+02
-2.363214735353802496e+02 2.462324955115986995e+02
-5.143551701558729539e-01 -1.015714104236061743e+01
4.349453319603955492e+02 -5.409842732885790610e+02
-3.334843959563861517e+02 -8.410977301651564630e+01
1.290768772385939300e+01 -6.739322790166418145e+02
-1.134011525839732144e+02 -3.493756613101995185e+02
2.602287675756488170e+02 6.317900913476325968e+02
3.360652389419319093e+02 6.543390947591728946e+01
6.319618540310525532e+02 -1.435997810682819420e+02
1.032688858671072438e+02 3.215626184081261840e+02
2.259001967094144447e+02 -2.665251882293488279e+02
-5.664889679973598504e+02 3.648653362967612566e+02
-6.750063113753701600e+02 -4.664018415495072389e+01
5.668037854646802316e+02 3.317841300916646787e+02
-1.798998074236798743e+02 6.153123687728798359e+02
