-2.075589645475216738e+00 -2.384918590345011324e+01
-2.203512049417022567e+01 -1.122883620964313067e+01
-1.238716024397601068e+01 2.738116424139571947e+01
1.711100699360368793e+01 2.185835520011844579e+01
9.472419285189172200e+00 7.643467947006298502e+00
-4.246174079675272495e+00 4.274710598864881028e+00
3.272442642447862937e+01 -1.291190739122606068e+01
1.036387619234626456e+01 1.126427771852066329e+01
-9.205011409731358896e+00 -1.023337950198827784e+01
3.667118812435570252e+00 1.998425015427467955e+01
4.125226526364813573e+00 1.751169535672815414e+01
2.893718299631026269e+01 1.036702876820930896e+01
3.052703355320234735e+01 3.332375038353006858e+00
2.212880038752415235e+00 1.117630833593257123e+01
-5.017612618835614491e+00 3.116224840300702326e+01
-2.218706077280966937e+01 4.949696647924080928e+00
1.798436932067726346e+01 1.038939628677859872e+01
1.399062872698629256e+01 -8.999697255458643852e+00
1.205165741392854883e+01 -1.752587754840001288e+00
1.194693422416806072e+01 -3.263805347156284853e+01
2.616509283945868347e+00 6.082874040138748661e+00
1.254138440687571077e+01 6.275371779567161745e+00
1.127766232561856796e+01 2.655536311103040958e+01
1.757115055789872926e+00 1.537932057645298478e+01
-3.532983907612121754e+01 -2.335909463882176684e+00
-1.745591755386645616e+01 2.418999608927244527e+00
3.624080562511935444e+00 1.270689106290441828e+01
-4.247484230710019126e+00 6.876336529433300981e+00
5.715457174100820659e+00 5.667143560019901827e+00
-1.023542496245624456e+01 2.322956089049032968e+01
-1.089832460595892805e+01 1.019318008904769535e+01
-2.534612659876228236e+01 1.817677858754302633e+01
-1.657971676602771183e+01 -1.710105747942625243e+01
-1.090365194248639469e+01 -1.135991985714384711e+01
2.058093467468425075e+01 -1.997428272314239450e+01
-1.938882125313052285e+01 -9.620987355154205778e-01
2.701601489109414089e+01 -3.962335200362359533e+00
7.778195582208541126e+00 -1.193150714147766145e+01
-1.472216087508027904e+00 2.306604004097098581e+01
-9.271797012794296577e+00 -1.651502333647248832e+01
-6.391446926161465925e+00 -5.338902794962642417e+00
4.749166156522905524e+00 1.004839586449260480e+01
-1.675873515551643544e+00 1.913296839305220587e+01
3.040708565537909536e+01 8.775990432811592967e+00
-4.966635443550547202e-01 2.407449838535841380e+01
-2.388887019335418316e+01 -4.739438344040928897e+00
-6.157379828097416130e+00 -2.940490408265948119e+01
7.251620383516185875e+00 -2.189953480013318554e+01
-2.691043660379600055e+01 -2.193617815662127768e+01
2.556270373275720331e+01 2.611443773456632655e+01
2.117351255783157171e+01 1.508670261087557529e+00
-1.857066042546243523e+01 2.142919584152600265e+01
-2.612054272176542824e+01 7.448090287862990877e+00
1.601977927865964446e+01 5.438157880943350619e+00
1.630027033827399308e+01 -2.197920772610082096e+01
-2.710447453515551430e+01 2.340464198706060728e+01
2.454644900142102060e+01 1.093506760146663304e+01
-1.466316722496003599e+01 -2.148413500802355003e+01
-2.157702356618529649e+01 -2.554486909439835696e+00
2.579364678404312627e+01 -7.377605858749959111e+00
4.929258522948715360e+00 -1.546300882881247674e+01
-2.961953731995757622e+00 -6.911114769019916615e+00
1.176050928956571440e+01 1.589492209906589437e+01
4.554651531074181747e+00 3.208377865139892204e+00
2.007266003509131025e+01 1.171462811988402741e+01
3.570523158492974147e+01 1.227366529231188785e+01
6.806635756268076598e+00 9.057492654179329250e+00
1.657896423105837158e+01 -1.368755959894534469e+00
1.955594245442867063e+01 1.699950624792978360e+01
5.297159073124335649e+00 -1.202649182764369762e+01
-3.000490331276783706e+01 9.127303560591569109e+00
2.043842821034471768e+01 -2.468800306543138490e+01
-4.166287156274419701e+00 1.684276860800302345e+01
-3.508424614219720183e+00 -8.610027616963341401e+00
2.206461174866769426e+01 -2.701233245229878932e+01
1.938637949006606220e+01 9.189673903918644804e-01
-1.793092651889600830e+01 -7.178124586273622043e+00
-2.391355406770117042e+01 -2.657086105666909859e+01
1.280851252828953735e+00 3.229381771155926284e+00
-1.452734324663596199e+00 2.217307470179239459e+01
-4.044639522402889042e+00 -1.244267191658297556e+01
1.442966946781172943e+01 -7.313902065480333725e+00
1.440550054521844814e+01 -2.546947738054580768e+01
3.274286416474038930e+01 -2.007984750666369322e+01
2.089874150461821234e+00 -1.915017625847458760e+01
-1.172268060790318778e+01 -2.120717095980817390e+01
-1.005371105165438728e+01 1.828341025487447880e+01
-1.890780010324176175e+01 2.246928350342689740e+01
-5.915587783817746192e+00 -7.985486555408220610e+00
-5.744242962730631064e+00 9.130345272855704408e+00
-6.913946329534770285e+00 -2.923176448078433509e+01
-1.099546906291496917e+01 9.366860277443946003e+00
1.499259007805928334e+01 1.784238418541015392e+01
1.916116158544968329e+01 -7.483271891974147216e+00
1.783258158091466328e+01 1.178423979318594483e+01
-1.525374831289914290e+01 1.994927856628404106e+00
1.568414681585067250e+01 3.432058978376893066e+01
1.824649082741390771e+01 2.953397380713043585e+00
2.073754252646992313e+01 -5.050914629247500010e+00
-1.285710456741035657e+01 -8.322068423424999750e+00
-1.596533735186231873e+01 5.890897905827698899e+00
-2.144136976340561063e+01 -8.069642999184607035e+00
-1.730139631850691728e+01 2.983231654262355192e+01
8.660590440393979961e+00 3.360447510672265992e+01
-1.814344393318902249e+01 2.022133646836610410e+01
1.450280221429934846e+00 -2.765873706243920438e+01
-2.942344448881670615e+01 -1.452129813435163008e+01
1.690766584358282643e+01 2.464296261397729637e+01
9.967249483122722964e+00 -2.135220329400591766e+01
2.457503137161260298e+01 1.742248775462587318e+01
9.468532751794249691e+00 -2.598599906509206470e+00
8.293127540338947057e+00 1.133186142372289673e+01
-3.947308030475896068e+00 1.280228012947367411e+01
-2.805474281142539184e+01 1.392654632063245579e+00
1.104566178474151350e+01 1.122603010068422336e+00
-1.289742964323763674e+00 9.457820982570501300e+00
-6.089980890254943269e+00 -9.376770366185970929e+00
1.294148247318008060e+01 -9.487174593279040780e-01
2.790410754028930285e+01 -2.291968081958966152e+01
-1.589667290157408530e+01 1.716549985909972875e+01
3.536267555014105390e+00 -4.194029688279642620e+00
2.022855368235815376e+01 -2.830143523041916609e+01
-3.239106399506982203e+00 4.245164238330831452e+00
-5.031137100657297800e+00 -3.290753130717596520e+01
-1.247684951186522184e+01 1.898331879270132916e+01
9.612715935885027818e+00 -9.036675836699710196e-01
2.392683882963306985e+01 1.522753776000268067e+00
3.412009494810680366e+01 3.819262936616926396e+00
-1.385529920504807055e+00 -2.654347219928627410e+01
-8.716779179768137098e+00 -4.914810816546966166e+00
-3.103242256237754404e+00 -1.664728919514036676e+01
9.032087800189630755e+00 -3.314013337694730410e+01
-1.271134881963996222e+01 4.109829132923586315e+00
-3.570207335526772852e+01 -7.313580961681986459e+00
1.589129294846375329e+00 -2.031884791903486587e+00
-4.537061402908197039e+00 1.412246339461029621e+01
-1.071260905534732544e+01 -1.074184457700470574e+01
-2.479898803475674995e+01 6.976695137173836159e+00
-2.961060338315011009e+01 -6.057546530085263115e+00
-2.482858995066908747e+01 -4.670434391925029627e-01
-1.580873531652131980e+01 -6.222666560230662114e+00
-1.231619718503086780e+01 -9.625773489802137428e-01
-1.683734588128979226e+01 -1.351025941418828857e+01
3.071031814306490659e+01 -1.340922395270118805e+01
1.600266598032894283e+00 2.857081254176504004e+01
2.130746672276322418e+00 7.671133256184030635e+00
8.847070279107665414e+00 2.186649241864822457e+01
-3.575414200274114762e+01 3.348727115218086969e-01
7.598504859857225568e+00 1.884655124623673927e+01
1.326649157435594439e+01 -2.036321351181461381e+01
1.043460650736343887e+01 3.970680289769547677e+00
1.426382685439563680e+01 -3.257607429087996387e+00
1.408465798413821624e+01 -2.945532235301079993e+00
-3.028070101284024673e+01 1.859194304085760763e+01
9.700508554647205628e+00 1.011162469361480909e+01
-2.056892110068620738e+01 1.167882797635462921e+01
2.570074623897267330e+01 -6.056038569016561013e+00
-2.904095015309152572e+01 -1.610049696717187118e+01
-2.832653160401677184e+01 1.414621669001424387e+01
1.365574860219702558e+01 -9.588825884491505747e+00
1.023588518610093256e+00 1.288651681769802515e+01
4.958863772040843720e+00 4.495756715893699962e+00
-2.734166990454526669e+01 4.737233891245898221e+00
-4.891349196373711905e+00 -1.283854567026434745e+00
-9.777715406980824753e+00 2.362937544143138524e+01
-1.436120091186600689e+01 1.069856556979061146e+01
-3.398110308371765864e+00 -1.667790241856387690e+00
-1.870736147347371414e+01 -2.294054561456801533e+00
8.675668426915203568e+00 -2.847067572599974383e+01
2.684573256754780957e+01 1.498601104091286906e+01
-5.593855005517511358e+00 4.862057328800205802e+00
2.764461565670487175e+01 8.082482006393499674e+00
8.370073997337222238e+00 2.976667175194608461e+01
-8.611208833098244142e+00 -2.648299621621567113e+01
2.059914696873162043e+01 4.257344521914998126e+00
1.468597501111760373e+01 1.791073494162085389e+00
2.950536090166892933e+01 -1.625398137124654196e+00
2.933837791896914737e+00 -6.112348066265274937e+00
-1.848536388797014141e+01 6.310875429845265394e+00
-2.993908945075222050e+01 -1.214633572540652651e+01
1.818018842239424515e+01 -1.327843834621128316e+01
1.221455841298582001e+01 1.719757625071597218e+01
-6.079782346779258440e+00 -2.944167307282350224e-02
-2.495182109145307692e+01 -1.305505017366042253e+01
2.353531911475067323e-02 -1.822494664564239031e+01
-2.584142662325023565e+01 8.700550837469412713e+00
-1.123050690569298737e+01 -1.556049568684223416e+01
5.647472203088890197e+00 2.974258172869131656e+01
-2.556495191553203483e+01 1.726214016786178007e+01
-2.625294053743796496e+01 -9.809908062172880250e+00
1.719636735032721475e+01 -4.765979533105810795e+00
6.583546835273227371e-01 1.680446748315766348e+00
3.318164061655812930e-02 -5.940978026320926197e+00
-1.493181894426572320e+01 -1.733077812706173049e+01
-1.763659221331989713e+01 -2.253343923931407922e+00
-2.033814065627463918e+01 -2.265210523042797064e+01
-1.371995237721410987e+01 2.253023252939837562e+01
-9.492238613912999057e+00 -7.501423469639013852e+00
-1.738178539836100711e+01 -5.978626880150853751e+00
7.059588181062275147e+00 -1.089893728149239749e+01
9.959146257869008423e+00 2.869678774769865726e+01
1.229234414122677954e+01 1.035242031303336852e+01
1.985154578806588077e+01 1.031402336049594837e+01
4.360137539946888019e+00 1.557478597627831363e+01
2.341270622509219379e+01 -1.527862901032025933e+00
-2.109428218691990153e+01 -1.551625648034485927e+01
-1.139570878328419523e+00 1.630556008594164652e+01
-1.345463958932130843e+01 1.240425735028808596e+01
-2.185279791738309640e+01 -9.530979072417373743e+00
2.072813131367940187e+01 2.764645836959060077e+01
-3.466582767983142688e+00 1.436143417231762864e+00
-1.324832735662486272e+01 7.208472329239556942e+00
-5.227898467998249643e+00 8.253383090800310740e+00
3.182708308950432397e+01 1.430815032998686753e+01
-9.466861919414654380e+00 -1.441401414839724815e+01
1.337616470533897761e+01 1.341671946729097975e+01
1.497236599068581775e+01 -1.417957296249468513e+01
2.039579262905857249e+01 8.865081281315507766e+00
1.118543642654684866e+01 -2.482480288421919212e+01
3.264785493445004505e+01 1.827893928188157702e+01
-1.269875687531932940e+01 -1.541027301418298201e+01
-8.320786209619736695e+00 -2.709135535971631725e+01
-2.284143259403899151e+01 -9.571911704829599188e+00
-2.006686262756177008e+00 1.150750924332035829e+01
1.217562217008976688e+01 1.888622235140551098e+01
1.580902263247479844e+01 2.264321818858482871e+01
3.789717812120740348e+01 -5.906513789891618238e+00
1.119575291541406159e+01 -5.796893183721451237e+00
-1.062109673088502904e+00 1.846871490530821003e+00
-8.206538983820856004e+00 2.929428526668543142e+01
-2.445768209791535952e+01 -1.755126660142389028e+01
-3.043357825114971771e+00 1.248241369129413947e+01
5.581624012006960456e+00 2.426629326162974110e+01
-1.493569237595506216e+01 -6.757665067301154238e+00
2.001202433611668496e+01 3.006974343884226641e+01
1.561735533434599432e+01 2.794288859851687334e+01
8.562233274292050389e-01 -2.674908537132570707e+00
-3.394119070097721647e+01 -1.407367922897228851e+01
-2.769177928295328428e+01 -2.200567805815671463e+01
8.360742375251899006e+00 -6.369280351248381322e+00
-2.276463091550578000e+01 4.033755018471888221e+00
1.280362495340822981e+01 2.315222514808139920e+01
-7.748396241554835306e+00 -2.013016094214986396e+01
1.792428697070012689e+01 -1.051652882496886576e+01
-2.784040587388327825e+00 7.408640856938508712e+00
-1.470991496530778697e+01 4.563298559964714673e-01
-1.276348555275936292e+01 7.169230759839981815e+00
1.467531700026695862e+00 -1.822531461233068484e+01
-2.764196638406347262e+01 -2.471723789361778056e+00
-3.562190471635511102e+01 6.997877259198234667e-02
8.807681200166479485e+00 2.857486415567079163e+01
1.215432304598105873e+01 8.060981298626400005e+00
-8.936596047720325231e+00 7.119381270542492146e+00
2.106461114653812139e+00 9.632558807114514066e-01
1.340829789011307760e+01 -2.425906079686403416e+01
-7.792078357477387307e+00 -3.021481244529842769e+01
8.961181436500405439e+00 -1.304670126525689966e+01
-2.970128510603391092e+01 1.047353656720874104e+00
-1.662256498018611595e+01 1.680307994405825767e+01
-2.118451371385381421e+01 7.568131654883156756e+00
-4.100902545598471782e+00 2.863517165449426116e+01
7.123521608112906911e+00 1.832729373832997410e+01
-1.833011188097414035e+01 -4.476425383489806897e+00
-7.936182641983765329e+00 1.234358257664979064e+01
5.825770343762643577e+00 -2.167795463614684692e+01
-1.943639369710816212e+01 -1.338910496820786733e+01
-2.625392178796078113e+01 2.180346052247861621e+01
-3.020606444886544750e+01 -1.376767550937952755e+01
-5.485500894318354526e+00 2.797694895342645083e+01
3.146672172750883067e+00 -1.715036070157338344e+01
1.626343400856822541e+01 8.115475498195916515e+00
-2.516530070198360391e+01 -2.702094374987252245e-01
7.672979083592010419e+00 4.314852884253873810e+00
-1.053381482905205679e+01 -1.573376733454790433e+01
-3.227770393358889489e+00 -1.771988840511509622e+01
-6.304723754498581245e-01 -1.479904363499503539e+01
-8.134989167904025820e+00 3.322362066416777893e+00
2.674618388207348829e+01 -3.684404101213494709e+00
-2.393058847568616443e+01 -2.749533238333948759e+01
-8.468800412152463153e+00 -2.211761100522730006e-01
-2.040955211233228539e+01 -9.886741945036998658e+00
-1.669271243871662236e+01 -2.713669323881454432e+01
-1.348571549402329595e+01 -3.173738543277347901e+01
3.225790611268553221e+01 3.325549655632199730e+00
2.718971221955796480e+01 4.332989864062578356e+00
-2.501987338304997976e+01 1.441877000244849771e+00
3.464728205852379972e+01 -6.300008101731376264e+00
-1.273977638961750536e+01 1.310500717620424282e+01
-1.475178714796596502e+01 -3.317464245470428352e+01
-1.376103261651765486e+01 1.693634527597281192e+01
5.140469384007031017e+00 -1.504725332916361857e+01
1.382942234940350801e+01 -2.127692886629221902e-01
1.533839730621514796e+01 -1.517921299716556049e+01
5.550010359832747042e+00 -2.045740538600986369e+01
-6.257504946166675408e-01 -2.453840558595290489e-01
1.099744747332600703e+01 -3.984211199606093601e+00
-2.713932603532708399e+01 6.723843591632621575e+00
8.385486284104120003e+00 2.077201498270064661e+01
-1.121345478030127829e+01 5.297197192076072980e-01
5.649261289415717258e+00 -1.094257515104503931e+01
1.117027505382254482e+01 -7.588818764568333819e+00
-1.755427003866655511e+01 3.360666619095213026e+00
2.530986107153090003e+01 -9.074509041308997936e+00
1.456287500192251505e+00 -5.093893080384074956e+00
-5.890448235059406734e+00 2.163167694223838211e+01
-6.444433824844248093e+00 5.425519737805131193e+00
6.155586899599717832e+00 -2.405867531391569614e+01
-1.214082227356249000e+01 -1.270208639734646994e+01
-1.958366546771986094e+01 1.640635352812515535e+01
-6.450231875838337015e-01 -1.226841834046091684e+01
-1.206249074429060286e+01 2.640827243766845633e+00
-3.565058194350489629e+01 1.441290187607562778e+01
-1.856032018306676967e+00 -2.957387400476464379e+01
-3.713834060074912458e+01 4.793963132151076501e+00
7.575780767162900275e+00 -2.528915056464200006e+00
-2.013153790761923645e+01 -5.713206022910251036e+00
-9.156998325739264644e+00 4.557023363747104483e+00
7.078887039397620207e+00 -4.140177436431470959e+00
5.027462166218625850e-01 2.503018821973974894e+01
-2.860436782115158039e+01 7.314123689284302898e+00
-7.849714962562933884e+00 -7.732490535564837231e+00
3.990683459127584154e+00 -8.479937337623168148e+00
-6.142101688052337138e+00 -1.779204074190884910e+01
1.710430129649713393e+01 6.794750502049563323e+00
2.093903907645680817e+01 -2.198989991364750196e+01
2.119966466670845051e+01 -5.385783648696995662e+00
2.514061482912907319e+00 -2.950512065606699963e+01
2.165456158733798731e+01 2.436274305924677197e+00
2.955133651635856396e+00 -1.124871916215635537e+01
2.514334999631504086e+00 3.125957958789016899e+01
6.796995979201017946e+00 -8.022656453966861889e+00
-6.386976991671899029e+00 1.918027256126986302e+01
-1.080620896232836747e+00 -2.830605810477774043e+01
1.751815668977854656e+01 1.330492742393895789e+01
-3.038393893080546349e+01 -6.467558017282079241e+00
-4.055042340477960749e+00 1.454742574642323261e+00
-1.828822973774432015e+01 1.261289905423260693e+00
2.155792040478349136e+01 -1.319103242891957350e+01
-8.270933815510048692e-01 -2.761775120644853843e+01
8.353108267251297292e+00 -1.083990595670041479e+01
-1.172719926321230588e+01 -1.760390840267752566e+01
2.878114169912299758e+01 9.032435110991013261e+00
-1.443203400862278230e+01 -2.598373364561291865e+01
1.988657639627281171e+01 -1.616646911750863680e+01
-1.244162143914902252e+01 -6.661032145500985102e+00
-1.212129611269711482e+01 -8.949861591210325415e-03
5.724686603103089411e+00 1.643148080240928977e+01
-2.646513278893561916e-01 1.027536824548219263e+00
2.558566685015448883e+01 1.984372582817811903e+01
2.204844136712259584e+01 1.084817531452615036e+01
2.899476638261481831e+00 1.326216801498423337e+01
-2.155966484614609513e+01 1.202206254725179058e+01
3.146420319356938933e+01 -1.323687115262053737e+01
-1.375610534278044739e+01 -7.401475542427146670e-02
1.623106020574837416e+01 -1.831147151001091800e+01
3.864353001939369392e+01 5.746508596308006034e+00
-1.621400080236339036e+01 -2.203940214448461887e+00
-1.539733511080393136e+01 -1.272014025149074712e+01
1.839570953033025447e+01 -8.812597024281620506e+00
6.089438955120262342e+00 1.290481939150003576e+01
1.014819332601380353e+01 -1.686083314633679464e+01
-8.368600777375982958e+00 8.124078082694403236e+00
-1.406365301662394884e+01 -9.777120454486103895e+00
-2.741831514582239038e+01 2.442342639369201862e+01
-1.271423602122525365e+00 6.726180106051657503e+00
1.102110610249883038e+01 -1.811649675970631534e+01
-6.340664702421369370e+00 -3.731243804093093974e+00
-4.067479040146046998e+00 -4.006149889774222039e+00
4.727918905898174096e+00 -6.181976790563637358e+00
3.577722022041383099e+01 -4.329198467290089170e+00
1.185293531129278399e+01 -1.596094058323988030e+01
-1.783631156642367932e+00 -1.078291305513650933e+01
9.454103326500000293e+00 9.052038031332081403e+00
-1.231018550569225489e+01 -1.971817879090107972e+00
-6.632524504317038883e+00 -1.253326620506985911e+01
-2.170210432268597334e+00 -2.298897430000667086e+01
-1.776162734071424865e+01 9.570938390922945516e+00
1.360367892104907739e+01 6.986185243052276395e-01
1.359012482802734034e+01 2.283096079634250941e+01
1.085937277300800652e+01 2.999221440177780096e+01
-2.396305785981230230e+01 -7.487731767499015589e+00
7.414469487517794555e+00 2.884529989181584853e+01
3.310501269487232445e+00 -1.533520363536512721e-01
8.467969026141815903e+00 2.718282016796684175e+01
8.023527826522085959e+00 2.117158886512476190e+00
-2.133866812030629845e+01 7.162400367519432542e+00
-2.052655415987849619e+00 -9.609723185193146833e+00
2.132055920596248200e+01 -2.699392293101338680e+01
2.259040589032664670e+01 4.446046170817012921e+00
1.411218581140595951e+01 -1.205616024832814936e+01
9.241362001097167322e+00 -1.051906893627552009e+01
2.260190394468707353e+01 1.468428757604171686e+01
-1.959712423254002900e+01 -1.950680671387797105e+01
2.361979677522631771e-01 4.200768443225062931e+00
-1.955307334611467329e+00 1.502930740954127486e+01
-1.753671328270369756e+01 1.008552343200138246e+01
4.811526551647992811e+00 -1.778480293419128166e+00
-1.239216594671042593e+01 -3.365794146848362089e+00
3.291543696966927057e-01 -9.712442308559076309e+00
1.095504420689617220e+01 -3.179241014218373707e+01
-4.797017200860667074e+00 -2.399970938177266788e+01
-9.300820989871738220e+00 -5.013314535581712583e+00
1.221716055914218479e+01 1.366696519602491300e+01
-2.350254829171493753e+01 1.914710340267199129e+01
2.461501085471140371e+01 -1.556359053712242968e+01
1.980935812640305471e+01 -1.608481037918215062e+00
2.147341198600894074e+01 2.241612236308459316e+01
-5.863418180402051760e+00 3.374977688275914378e+00
1.753165475135101303e+01 -1.248700257899226074e+01
8.328322663651178459e+00 -4.461681628558913815e+00
-6.213535902197956595e+00 2.726094817372434775e+01
2.469438011927078946e+01 -1.108829703948182477e+01
8.872986613984638282e+00 6.379133999789234011e+00
2.187589997562045241e+01 -2.066887151188318228e+01
2.515280361956822475e+00 1.418705604864508985e+01
-5.796431132259444396e+00 2.086236703673908366e+01
1.260814120512761205e+00 2.757459580853558379e+01
-3.052485739218916549e+01 7.313923351966046260e-01
1.469412254184623556e+01 1.148356834282986405e+01
3.084183728364921162e+00 1.802936284749450380e+01
3.083112015590240951e+00 -2.680696493060861130e+01
-2.584408418235462079e+01 -3.004602180102209363e+00
-2.625456439159956634e-01 -9.072102609722268340e+00
3.862136687865441509e+00 -1.545621086839970237e+00
-8.604569626398614446e+00 2.545784201801133406e+00
8.978439618197008087e+00 2.777575212695221119e+00
-1.523707552536700938e+01 1.310260873684467953e+01
2.512027847370385913e+01 -1.002510579049051920e+01
3.115113765634481613e+00 -1.430103756468385612e+01
-1.503803380707124659e-01 -7.344428774850237041e+00
9.617284296975645574e+00 -1.608553747926232091e+01
2.668277964087880250e+01 5.483369169823264500e+00
-2.867643234876917191e+00 -2.156030349386040967e+01
2.059727919262600437e+01 1.530268804460743226e+01
-2.081948263419182510e+01 4.203922209734772264e-01
7.866955751742279013e+00 -8.075414008557087797e+00
3.400798124282432866e+01 -7.548918911760686079e+00
1.166601975070858366e+01 2.319740091024092976e+01
3.046195977015779022e+01 -1.278740639573850091e+00
2.234967367090030876e+01 -5.658393498734047178e+00
1.525854695883614198e+01 8.822462336641880398e+00
1.437323809262067797e+01 1.381948937937347743e+01
-2.954526439588498476e+00 -6.005739649362087818e+00
-1.162297272151485844e-01 8.954125645754526630e+00
-1.706942578445961445e+01 4.831580916216896782e+00
2.428439922333627976e+01 1.784325564251962248e+01
7.036912774185736907e+00 -5.322732075321159328e-01
-1.256635654960141402e+01 -8.281829224418368440e+00
-7.922678543783055360e+00 1.129512212601463439e+01
-2.428658424579705599e+00 -2.310761628612941099e+00
-2.060389677465897051e+01 -1.476188586655811719e+01
-2.602970245409034078e+01 -3.687115094756743705e+00
2.041973229722537653e+01 -1.006326705211394668e+01
1.524069505596246366e+01 -6.841007083085048457e+00
2.173084128795384817e+00 -7.467458642086367782e+00
2.178171927184042289e+01 4.264266864762964460e-01
-1.105205055571164507e+01 7.613784804518349603e+00
1.858340558492088945e+01 6.176027508230174767e+00
-3.235294442382180335e+01 4.998118823904913022e+00
-1.038349345634274101e+01 3.275352816536150868e+01
1.082938947148796238e+01 -3.139882235726810933e+01
-1.638151370827509368e+01 1.342477304622109280e+01
-1.723831697931007056e+01 2.739797506286930329e+01
2.161216474760055206e+01 8.194529936296941486e+00
-5.037702595433389163e+00 -1.534284570788718582e+01
-2.006209799286917317e+01 -2.077612802276445692e+01
-9.854984325829155623e+00 1.524179147553577351e+01
8.519257862009112614e+00 1.449172189999504745e+01
-3.515913528043628844e+01 1.434514016057626939e+01
6.903326168460014678e+00 -1.486310012934769453e+01
-9.341268393179491980e+00 -1.816586511067927390e+01
1.075063317469588320e+01 -1.095906764384190168e+01
-6.200120768220490852e+00 -6.706682383676567660e+00
-7.782229367696971600e+00 -2.163236189164487300e+01
1.320744289272387739e+01 3.758945165632374685e+00
-1.702249032753067937e+01 -9.864840175550360968e+00
-3.518838456676522242e+01 -1.412416644338852834e+01
5.230731748832044836e+00 2.311992464853149798e+01
-2.070298846170008034e+01 -2.208920224803028276e+01
-2.382536242824872730e+01 1.481654160218191230e+01
-3.134950252216098576e+00 2.439097638967834314e+01
5.458031085293157503e+00 -2.206566090013340897e+01
-9.083088583469576704e+00 -2.794446057040298470e+00
1.949729345244981538e+00 2.423362198079189156e+01
1.688997378129175786e+01 1.840435343420671188e+01
1.773622451420901136e+00 8.020794125878687453e+00
-6.974440754968655121e+00 1.136425987063727838e+01
-2.629757982329695487e+00 -1.163893921521930608e+01
-5.025752949719347606e-01 -1.352128216561003171e+01
-1.265940234880494408e+01 -2.109555774477179213e+01
5.892008337205811408e+00 9.404483215954535513e-01
3.176756419094351802e+00 -2.244452507376280437e+01
6.003450777220167289e+00 6.782529510960062069e+00
1.048383053393386177e+01 -4.183699560384297023e+00
-6.792628208057049477e+00 1.560378519359466587e+01
-2.336249524969854363e+01 2.563647600184802045e+01
-2.637466202118457392e+00 1.402614355668547574e+01
-1.731623598731983904e+01 2.871018792820533250e+01
2.690008971366853530e+01 -1.797929500428240246e+01
-1.498108849434730772e+01 -2.623424612357322161e+01
3.719032510877672948e+00 -3.464754924504944711e+01
-6.561549849162662262e+00 -1.575790845020470776e+01
7.956437226025424359e+00 -1.865441238453615824e+01
-1.186633671896874631e+01 1.760884657163954614e+01
2.587807629530979625e+01 1.628301473218527562e+01
2.901637304387007177e+01 -7.410954297623137954e+00
3.559919678322328451e+01 -5.339663874358191009e+00
-9.667494796643800736e-01 3.498711082179394083e+01
-5.942262318068832094e+00 -1.236626529672030728e+01
1.561751768841401500e+01 -4.322437488437987918e-01
