3.468832594716825497e+02 -1.695120648042313576e+02
4.411820787948028624e+02 1.431370221057620711e+02
-1.966447526687607308e+02 -3.958140978640906269e+02
-1.221563022008604520e+02 3.821701783595733559e+02
1.573645445634267048e+02 -4.419183558306089026e+02
-3.933553001240836693e+02 -1.386352831055116326e+02
-1.555016617587651524e+02 6.472169273945469570e+01
2.011185892114283433e+02 4.064511113125770976e+02
1.318838809281021156e+02 1.030882182390904660e+02
-4.237768784144250276e+02 2.135490019663700423e+02
1.300254219745252193e+01 -1.672374231183851521e+02
