3.468832598753409115e+02 -1.695120652939391164e+02
4.411820794571834199e+02 1.431370219785406448e+02
-1.966447532104540414e+02 -3.958140981339587938e+02
-1.221563020420155397e+02 3.821701788587388364e+02
1.573645444558220277e+02 -4.419183566040883875e+02
-3.933553009298647112e+02 -1.386352830183668345e+02
-1.555016619963055859e+02 6.472169276535146309e+01
2.011185898246125134e+02 4.064511117982366954e+02
1.318838811173171450e+02 1.030882183693118037e+02
-4.237768787961859971e+02 2.135490026315647754e+02
1.300254224454993945e+01 -1.672374233513912145e+02
