-3.012551010730437895e+01 2.136094990543704597e+01
1.460033135752891198e+01 -4.117217505869753325e+01
7.325214103460107928e+00 -3.190726976881585486e+01
1.800329222036684129e+01 -3.565348672319814938e+01
-3.621454633912151877e+01 3.408395956909148339e+01
3.890642225953472888e+01 8.049252102907972883e+00
2.192971151619806136e+01 -1.550540713792659808e+01
-2.323645179934217708e+01 2.090764869229853673e+01
-2.142942987072885686e+01 1.653196972996369496e+01
1.864122787719586327e+01 -2.865769482419199932e+01
-4.236184157814084728e+01 3.805692933449818849e+00
4.256313002963494085e+01 -7.599773969192176182e+00
-2.667649613408777043e+01 1.860763899556427958e+01
2.679480143665757552e+01 -1.306684883122722596e+01
-5.109560212980453286e+01 5.803856236842489302e+00
-2.865162291380216786e+01 1.158638736374303413e+01
1.892174103988498857e+01 -4.094458141617113967e+01
2.080547130806949951e+01 -2.735105674053108160e+01
-2.515030412921454328e+01 1.888713546428439827e+01
3.501505284913809390e+01 -5.601704179972537112e+00
2.743184320707658586e+01 1.991435032058876065e+00
-1.854437489281752605e+01 1.269075718988950285e+01
-3.804465409364945572e+01 5.077166965114423114e+00
-2.489518387795588339e+01 1.311656366788299977e+01
2.847953327490436592e+01 -1.370138734774248190e+00
1.795737130268969040e+01 -3.257362431803377945e+01
1.069694148367735487e+01 -3.713969437543619989e+01
2.485925745714617818e+01 -6.068440151910804659e+00
-5.025228150057441923e+01 6.392289822049574077e+00
2.652323557526977993e+01 -2.471354752472215210e+01
4.635628137850839892e+01 -4.757540175493685020e+00
-3.557200366767245470e+01 3.261251195194507346e+01
-4.536824974745037053e+01 7.507545349014905334e+00
2.808304180480188705e+01 -1.954436496152506209e+01
2.355921064158460609e+01 -2.631588639004370123e+01
1.120358518840179229e+01 -4.423425070844281493e+01
2.460909240291324807e+01 -1.879056724062673567e+01
-4.585214475612384177e+01 2.363436055289202642e+01
-2.554356418218078062e+01 1.311828740591651510e+01
2.961544406910949334e+01 -3.012278189334088641e+00
1.258291272583080200e+01 -2.899747715817654026e+01
-3.088459182606324660e+01 1.720702082159429480e+01
1.164677787514961693e+01 -3.903720036035772978e+01
3.816651548250615633e+01 1.016746012242008845e+01
4.546838616216360407e+01 -3.394502048140403350e+00
1.934613010663274579e+01 -1.983772751768549725e+01
-3.437234244216128332e+01 4.265000283645095536e+00
3.457636702670359341e+01 -1.347747940509880493e+01
1.446591992202466592e+01 -6.706674122521145698e+00
-4.601871191572944753e+01 4.293543211160456785e+00
2.947915843259107760e+01 -1.545303391015435146e+01
-1.983280582543606130e+01 8.431258502567766655e+00
-2.670172338570935366e+01 1.300294388620517161e+01
-5.081014440590728753e+01 1.120264457283022530e+01
1.310646673848122035e+01 -4.143520074501638817e+01
-4.426858175264662520e+01 2.436387611122445840e+00
2.245665608267870184e+01 -1.217826996870359402e+01
-5.002638209214541831e+01 2.081883095135927775e+01
3.726001654394219997e+01 -1.397952178079119712e+01
2.500934164743798149e+01 -2.063507533224453994e+01
2.928417452254825193e+01 -2.018926048337101165e+01
2.820335270989625798e+01 -1.220225374980829613e+01
-3.719008877460139928e+01 1.649034111606056641e+01
-3.940103568320517979e+01 1.621084489270412021e+01
-3.311445303322196310e+01 2.125520553570023097e+01
3.730015414675935403e+01 -9.659539544142248246e+00
1.526425925608172918e+01 -2.297644107023022997e+01
3.407502563385884287e+01 -1.078942131005123928e+00
-2.641572888976837064e+01 8.727139614139405310e+00
-3.006799632428207758e+01 1.971050608806729798e+01
3.248602992588994454e+01 1.303879111263622104e+00
3.232003559186752284e+01 5.446546063713429975e-01
4.093621956081728541e+01 -3.299219368022052179e-01
2.800771940750021116e+01 9.528372082235824214e-01
1.198050988268410144e+01 -3.529980735929652269e+01
-3.679303464151665537e+01 1.308604003336640531e+01
1.971889692373073899e+01 -2.496941993104363178e+01
2.022360355372271812e+01 -3.170161366065214636e+01
1.812559970908163010e+01 -3.718931356990140102e+01
4.687905384567885392e+01 5.799859389867529025e+00
1.643416181545079624e+01 -3.130546277985828496e+01
-2.731984004222686124e+01 2.700720236029264143e+01
1.333679912867399509e+01 -3.921377551932181404e+01
2.576342991356099432e+01 -3.409142992549353579e+01
2.971562080508915216e+01 1.093482643928555431e+00
-3.646278690601767636e+01 2.039229223367611610e+01
-4.638998638074488667e+01 8.791353891017806177e+00
-4.504664065045258781e+01 1.744244507237945285e+01
-4.650376474747665867e+01 6.301603588734301375e+00
3.541456573236828831e+01 3.151347095262336140e+00
4.222928914293509450e+01 2.580112225704981999e+00
2.312800074244770343e+01 -2.393813922857577481e+01
-2.394398451814084083e+01 1.390210390907279070e+01
-3.956664874181707603e+01 3.044546794216825347e+01
1.633418062446288488e+01 -2.826230347238933049e+01
-4.083720735288089543e+01 5.613544072575241017e+00
-4.211580060356814670e+01 1.497396083920784271e+01
-4.449336820339041054e+01 1.146426777541055708e+00
3.270001491926901593e+01 -1.544105301354864679e+01
2.046977392618500957e+01 -3.579611596978770649e+01
-3.497142961953333185e+01 2.982417205625197454e+01
4.094429988642149709e+01 6.321631802465075722e+00
-4.763800471296552530e+01 2.318578596144110904e+01
4.246855522586700715e+01 1.382239318935976158e+01
3.844619646705736926e+01 -4.350918301347878270e+00
3.842412403234541785e+01 4.472626899891144703e+00
4.335368528874712268e+01 9.468430906340095099e-01
3.045891259782630556e+01 -1.138563553467522027e+01
-3.101578336621069099e+01 3.039629159778846912e+01
-4.582148896470192057e+01 1.412811726105219101e+01
-4.587389713471920061e+01 2.660823545386183486e+00
-2.071390874705607388e+01 3.575924528115577061e+01
4.324521570082888644e+01 1.489726531301841739e+01
4.252513456970160632e+01 1.273265039896333306e+01
3.195088804851604181e+01 -8.058177858730163123e+00
-1.987290930591374405e+01 1.517211053867087145e+01
1.550977240891720399e+01 -1.825730633985361706e+01
4.016078471242077086e+01 4.693272390675792494e+00
1.721775342858463276e+01 -1.570687585632765781e+01
1.423775127559750153e+01 -2.419862231540505348e+01
3.169790907647479372e+01 8.598070440268120507e+00
-3.326097919588482910e+01 2.830772395833494670e+01
-2.545558522191331718e+01 3.517675557092208471e+00
4.035144140517932954e+01 3.327003144410962676e+00
-4.770728664898543769e+01 2.369557910201090412e+00
-2.455044033211649790e+01 3.036710198473927491e+01
3.040644194916379917e+01 -2.306605021727128246e+01
1.476408638473981050e+01 -3.622946250985560823e+01
-2.406690264595420459e+01 2.975304425385865770e+01
4.082299903941958519e+01 8.432188683056979883e+00
2.112408114771083234e+01 -3.375839267515080877e+01
-3.201895615440625420e+01 2.512947735490679690e+01
2.895096714518320624e+01 -1.811711841343898399e+01
-2.107572828098535567e+01 1.583392359982941144e+01
-2.926849044942725087e+01 1.132161402300063990e+01
-2.308497906877274630e+01 1.041819299063969417e+01
-2.831569926835965489e+01 3.745748197173774940e+00
-2.809337808891443444e+01 2.783653183672318576e+01
3.876583347565685500e+01 -4.592764935622062894e-01
1.369968289852335630e+01 -3.218642446026417048e+01
-2.996058501848506950e+01 2.539831694171396492e+01
3.625501746823294269e+01 -2.027338145600342312e+00
3.934445388064639104e+01 -2.907795455943827712e+00
-2.713192195507385662e+01 8.614554499563324086e+00
-3.331729162971174674e+01 2.965461560084393966e+01
1.640745689019768250e+01 -2.595222230785238082e+01
3.719638945999852808e+01 -2.953646470362645715e+00
-2.096882849785682978e+01 2.609978125886602385e+01
-2.820103351575166784e+01 2.881510371784976954e+01
1.041644079808916779e+01 -3.958999997061573595e+01
-3.552314722104329547e+01 3.185966072249385306e+01
-2.597049631357870680e+01 3.366217757715254777e+01
3.714228451806459219e+01 4.809427483106058610e+00
3.573449914609674494e+01 -1.194368387045287250e+01
-2.104847525769828920e+01 1.318349596901011722e+01
4.751966214992745563e+01 1.927861221139574033e+00
1.690032219768010791e+01 -3.472428783841992583e+01
-3.429793606882895318e+01 3.265487391724584398e+01
4.014262876731977769e+01 1.173578157510298370e+00
-3.629647799082177073e+01 2.825192813242652434e+01
-4.959720353700624429e+01 1.345128654559525572e+01
4.153122149581027855e+01 -2.241538956780194436e+00
4.400633532585934660e+01 9.623205998087151158e+00
-2.183176088345587473e+01 3.157756502912199537e+01
3.972597768867299806e+01 -5.288434010244979611e+00
2.054436072281904302e+01 -2.303178797819969859e+01
-1.973949382357081461e+01 2.401733866429540498e+01
-3.207708137353930766e+01 2.831767696207764118e+01
-2.895638850981002932e+01 2.445509855937398314e+01
-2.407013928757756815e+01 2.752430558921658132e+01
1.189835749213567517e+01 -4.195255905667049490e+01
4.321862977312710541e+01 -1.639368491908364645e+00
-4.631535710434519615e+01 1.633344856658274225e+00
-2.071745559367272804e+01 3.323332331175495113e+01
3.742710218098292785e+01 6.072753362580373349e+00
-1.910339615989423478e+01 3.314129078956096208e+01
3.793711059752445180e+01 3.086656856072960586e+00
4.848131403131371542e+01 7.867444459956264569e-02
2.481325554856349314e+01 -3.040540578168697294e+01
-2.917332836808937202e+01 2.632748832130926431e+01
4.445618546502644364e+01 4.984186477112726443e+00
-1.949161786946872255e+01 3.118331555971376190e+01
-3.062546226294610108e+01 2.367667813495526730e+01
4.068311913741072061e+01 4.993914773542765140e+00
-2.371974333465404428e+01 7.319978778739764991e+00
-2.161969983215578495e+01 2.858793991774710008e+01
3.715605944343724332e+01 1.464866288092027347e+00
4.245302753121901418e+01 3.495263317077945242e+00
-2.646663433070163407e+01 3.123840517678171125e+01
9.025986646268135516e+00 -3.761556888314391500e+01
-2.163177249015462422e+01 2.964590216385301602e+01
2.094223482111894441e+01 -3.901803134094910774e+01
-4.902638155295927191e+01 3.653915188764934374e+00
3.527559918624744739e+01 6.969569284562373568e+00
-2.021589662113396457e+01 3.225452598424110562e+01
-2.393278987816441727e+01 7.194709281377537735e+00
1.167002311274169379e+01 -3.286456457935017994e+01
4.387638319652033658e+01 7.172280251052185029e+00
2.585059852369551336e+01 -7.169372776829313842e+00
-2.686057998934312607e+01 3.302017727705266736e+01
3.757685011124399921e+01 6.937450517906708747e+00
-2.776683184033436191e+01 5.989275931043062329e+00
-4.890043986707872392e+01 7.960836449900464018e+00
-2.778611937003713450e+01 3.211550555082752822e+01
3.248588601780649299e+01 7.592098509448823584e+00
-4.101309229694427216e+01 1.021460917213214614e+01
3.380536200059703589e+01 -2.040622352558568053e+01
-3.425476037474371793e+01 3.870930337721950387e+00
3.639473615580993737e+01 9.742029317425991763e+00
2.164433608024721067e+01 -3.136749826306244060e+01
2.539225450608133272e+01 -2.392011396768463882e+01
3.281114139656954620e+01 -9.800956442993502549e+00
4.416611335223910118e+01 1.192453744877777133e+01
-2.685516478197982693e+01 5.121082493047771855e+00
-4.429518731727623759e+01 1.141678453475680755e+01
3.837008045214093954e+01 -1.871638301846525820e+01
3.481859171102328077e+01 -8.984654572512518200e+00
2.407937804184528829e+01 -3.033357456326316992e+01
3.846512108563949539e+01 6.321967398728022047e+00
-4.042806274313915793e+01 2.772330406064356012e+01
-3.644807282433152551e+01 3.190191120161550842e+01
4.456146617726639647e+01 5.651828503541381110e+00
2.570330336018249895e+01 -2.095618928251290569e+01
-3.002975791656768578e+01 4.126406790728641916e+00
-2.375502078396334582e+01 2.703560810442322548e+01
1.917689223926609543e+01 -1.073725381560662662e+01
-3.576435460337973637e+01 6.903909975461983706e+00
4.435494580030444212e+01 -1.114712091446894648e+00
-2.139186441685418671e+01 9.051432777283121567e+00
2.010019108684858580e+01 -1.181480339659362500e+01
-1.944187363133957902e+01 2.117012592992851339e+01
1.577384114455202635e+01 -3.328161136741152859e+01
-2.086819744742972560e+01 2.393193955885041291e+01
3.148149167612054100e+01 -4.681769566939263938e-01
2.845963810385645232e+01 -2.157373290386242815e+01
3.931782151078102316e+01 -1.320700544463676851e-01
1.902628462607564330e+01 -2.057333554875717141e+01
1.640175418038644040e+01 -2.318387825376361278e+01
1.720051432959433058e+01 -2.327995351690698556e+01
1.792579886511082776e+01 -1.388132045579540375e+01
1.840145558024506300e+01 -2.197363665593218229e+01
1.740943455681057728e+01 -2.975782041729242433e+00
-2.107389795072742089e+01 1.140405442528275159e+01
2.209736192582084158e+01 -9.906743979715416870e+00
1.735819286256847960e+01 -3.233320258475440578e+00
1.845168395606386724e+01 -5.675514930421973858e+00
-4.120742768470811512e+01 1.143589786379691908e+01
2.894966878352919792e+01 -1.030895553458117497e+01
2.342853583837552733e+01 -9.750662371773906045e+00
-2.259268642719296594e+01 3.222540377908929798e+01
-2.022603144576288514e+01 2.119082994069142600e+01
1.220373523746717837e+01 -3.120935904158045204e+01
-2.126625465423645522e+01 2.479580914568598615e+01
-4.770834601384004969e+01 1.789629097720139583e+01
2.458445855099079225e+01 -4.323463301521252689e+00
-4.023281504890752558e+01 1.959341156027682729e+01
-3.906055452612426393e+01 1.117298908154581483e+01
2.416396181476747174e+01 -6.201730606280182911e+00
-2.269681823864173609e+01 2.426933589280383785e+01
-3.621645554492084074e+01 1.489574649643595983e+01
1.646029454091250699e+01 -6.361577187490778051e+00
-1.865352396842700955e+01 1.838889598110782586e+01
-4.092817802961488383e+01 9.229978837140318859e+00
-2.077571717591047928e+01 1.926731033756813360e+01
1.529165938294288019e+01 -3.281808309661465728e+01
-3.248231044171300397e+01 2.980891039571595513e+01
3.422109775956314337e+01 7.347096328222720851e-01
-2.050675186650697057e+01 3.510804739090622206e+01
3.607203099550902436e+01 -4.971384933060843281e+00
-2.855526469290445846e+01 3.285110081856877429e+01
2.900189871193084201e+01 -2.013457789295837408e+00
1.546809678864866733e+01 -4.054696201215595863e+01
9.714321618724838459e+00 -4.037267940049675730e+01
-2.747425762748115474e+01 3.262437599650836351e+00
2.685273133459915940e+01 -1.481948958046688425e+01
3.019259053398329584e+01 5.827277379657893164e+00
-3.305346107234715447e+01 3.069538899788295794e+01
-2.555878521679701265e+01 2.475327952104401064e+01
3.487332662637841452e+01 7.793651285741235668e+00
-4.729616917037225932e+01 2.128545102211233342e+01
-3.598765350138626928e+01 2.474798194713974908e+01
3.021985572917692053e+01 -9.258109799640147131e+00
3.665971416569646379e+01 8.647019656056976755e-01
-3.311397827901218704e+01 2.424047245724258204e+01
1.832751442105727691e+01 -4.943190392936241295e+00
-3.100623181339115320e+01 2.730376860493716507e+01
3.450687761029038825e+01 5.723460367035102081e+00
4.464013032913257462e+01 3.407106749749365004e+00
1.121071860342807724e+01 -2.824949341644255796e+01
-4.682647191517430230e+01 1.162377053316233066e+01
-3.966495899515331303e+01 4.888352444571181898e+00
4.645996479210270280e+01 8.987468594993627491e+00
1.229807721195037651e+01 -3.710335388578803872e+01
1.626631979742031575e+01 -3.716847577076939757e+01
-2.522426950309351312e+01 5.399002832276574182e+00
3.259539622672331660e+01 3.380948755449556309e+00
-4.861320789151372423e+01 1.027226638173731921e+01
-4.195336847787473999e+01 6.677016272162535238e+00
3.363362794352325125e+01 5.752348479711711704e+00
-2.355939294375115267e+01 4.818151109969635471e+00
4.276877284601377482e+01 5.752955537163294331e+00
-3.033398403336451565e+01 2.222938433997465779e+01
-3.212386214644712368e+01 9.391123068705839572e+00
3.408284386123397525e+01 -2.157971448197456255e+01
-4.104186718469440365e+01 2.776866403573815134e+01
-3.511787777635979069e+01 9.761824623893378572e+00
3.081712828794489667e+01 -3.558352989986310888e+00
2.257715012034718427e+01 -3.233967408084902218e+01
-3.837170601226321764e+01 1.137608949611861320e+01
3.163745575321258841e+01 -1.084924845473675958e+01
1.386079620676563984e+01 -2.737379947636858546e+01
3.550786748774090995e+01 -1.560667613068233095e+01
-4.230197137511003547e+01 1.533876025702158330e+01
3.938255430657387279e+01 -1.121149284617795949e+01
9.716981999318313967e+00 -4.304428714173384662e+01
-3.437670250613455636e+01 2.237871974012975329e+01
2.938917065601519241e+01 -5.681806345305992600e+00
2.963958272801060900e+01 -4.734177117310611749e+00
-3.288370883899392538e+01 1.633259996534966341e+00
1.632636111526428024e+01 -3.953541242848485382e+01
3.319934443458625140e+01 -1.638816323394114960e+01
2.650504608597883660e+01 -1.780486553622025525e+01
8.482926995638667478e+00 -2.844247643551914706e+01
-4.058037647164542250e+01 2.496178461855002340e+01
2.962758748473491721e+01 -1.710562818037539046e+01
-3.447342737049946493e+01 1.398477183293428183e+01
1.476453099643333999e+01 -3.453947304888857417e+01
1.271068306727415198e+01 -2.643030016272692606e+01
2.822221995543223017e+01 -9.145099605822155198e+00
-4.326925963158018362e+01 1.101658296412719729e+01
-4.377271166864260010e+01 7.863456217832972328e+00
-4.256006202117520587e+01 9.179603529864404976e+00
-3.694794174212471205e+01 4.543788035713829387e+00
-4.950383604596116527e+01 1.170370949342070865e+01
-4.264120980936692717e+01 2.529013215850773832e+01
9.553491231948415319e+00 -3.317154590827549754e+01
3.005253744874715593e+01 -1.030218816231244894e+01
-2.496074280297017367e+01 1.127038172394398607e+01
-4.516958748410739588e+01 2.303514485778785925e+01
-4.710899511597516209e+01 1.100288432816881290e+01
3.177659424847921699e+01 -1.372542200010885161e+01
3.677859551164834784e+01 7.816872888789740514e+00
1.514667353281382489e+01 -2.962934528022432090e+01
-4.095153493486351692e+01 2.642786566053184671e+01
1.945316008024741450e+01 -3.433448228769468358e+01
-4.685966695179718045e+01 2.048068934746776293e+01
3.050001481671251469e+01 -8.072264860097229544e+00
-3.515042230126798017e+01 1.434650944915003912e+01
1.353387282152256255e+01 -3.522995392112239443e+01
1.865767701698110770e+01 -1.352905869012897533e+01
-3.405886139582161576e+01 1.615428494456284270e+01
1.903625288889633893e+01 -6.146767071999803100e+00
4.743692592145030318e+01 6.388847371211444859e+00
-3.800997238155452607e+01 1.015146846472414843e+01
-5.120984980214322491e+01 7.098997275551374386e+00
-3.113070125714862968e+01 1.488049819258379536e+01
-3.219911846243795850e+01 1.697059503527821178e+01
-2.069426298493284833e+01 7.480277373534082841e+00
-2.906532680270517233e+01 1.504528160571025808e+01
2.545045854088551351e+01 -1.467013730169753893e+00
4.320750208734237674e+01 -2.753610058863535937e+00
-5.044044609947418678e+01 2.109661785467142536e+01
-4.057707264013604487e+01 2.689111199145792330e+00
-3.678102409344858614e+01 2.319195381210227325e+01
-4.273615816587474114e+01 1.784831072669830476e+01
2.519981139730582598e+01 -2.267498184779185166e+01
2.332053943038453525e+01 -2.891865399764092004e+01
2.215963913856199952e+01 -2.513927759928139949e+01
-3.009772043095848204e+01 3.278231621390882111e+01
-3.888426212878486865e+01 2.002987671705802697e+01
-3.022191408828296488e+01 1.488377072991492867e+01
3.096458873329401484e+01 -2.085749336849394098e+01
2.193965785215561581e+01 -1.118030378378098355e+01
-4.586349751880861447e+01 1.969781096616445026e+01
-4.043245396043015205e+01 1.939297498702376998e+01
1.288688907206868883e+01 -3.235890332463620211e+01
2.515853298660039172e+01 -3.115665274617619218e+01
2.465867694482370354e+01 -2.547877909250060746e+00
1.064929214691619030e+01 -4.313394731167376506e+01
3.353375696616578949e+01 -3.048098443934359469e+00
3.309382641318518381e+01 -5.334228582863715928e+00
-4.478308211183456677e+01 1.852203493490147679e+01
-3.884687401742108648e+01 1.529090869750306947e+00
-2.158773319981046512e+01 1.133726384198556225e+01
-4.305995516190225914e+01 2.000925326045124919e+01
-2.495972830840370094e+01 1.940507172134362079e+01
-3.110607952194551018e+01 2.076332603095923091e+01
3.296209993484180956e+01 -1.317115263665223779e+01
-3.930965196168110509e+01 2.336527977062800332e+01
3.826700173108511649e+01 -1.473284096777397956e+01
1.466562771720092861e+01 -3.737361894667249373e+01
-4.552338936011007320e+01 1.507213582362036242e+01
-2.678105635623437308e+01 1.561413225137957816e+01
2.586312996579542300e+01 -1.546430733092181597e+01
4.267415744212036088e+01 -7.270984066673758406e+00
-3.311662555002583019e+01 7.077373063656794194e+00
-2.645443477177249392e+01 2.153320229952099041e+01
3.442398341526658356e+01 -1.946529544460760164e+01
3.654232385115056303e+01 -1.045675688875607356e+01
1.322312872484076252e+01 -2.142321242469262543e+01
2.780474275012340613e+01 -2.415938385011246226e+01
-2.338717312963492390e+01 1.964920400290735358e+01
-3.941489007112561183e+01 1.485324179839915892e+01
2.112547255787888645e+01 -2.867999299656600698e+01
3.367214026720159836e+01 -1.287563417957657919e+01
-3.412610099122055374e+01 2.719656562985681703e+01
3.021432396642212481e+01 -1.262095038046452800e+01
2.113448817619662989e+01 -2.636429720325919490e+01
-3.537442863065535903e+01 1.829858441340888220e+01
-1.987232722665755347e+01 1.029040944889405829e+01
-4.430437533363849667e+01 5.006198865888714877e+00
1.822315405267293187e+01 -2.670260886684902957e+01
1.593089827204384612e+01 -4.233078370530294166e+01
-2.510714277025521213e+01 1.491509674123583196e+01
1.842723210965789704e+01 -3.371241660091834547e+01
1.840938057720670784e+01 -2.387053875472376774e+01
-3.449832656602954728e+01 1.003293156557971777e+01
-4.346318917059202391e+01 5.510425443544107793e+00
1.783416158647213479e+01 -2.715206296936989716e+01
-4.392476028002149491e+01 4.443566981718564790e+00
9.434015971812463874e+00 -3.071371808998485875e+01
-3.364661377890163152e+01 1.274262105256256739e+01
-4.278481709474258565e+01 6.649326216064590511e+00
3.104733027561964676e+01 -1.885895108080704929e+01
8.862010102634634734e+00 -3.540838802754227999e+01
1.484184246720667666e+01 -2.661031304779318063e+01
1.153012631779701458e+01 -3.788158906614332722e+01
-3.888781758037041669e+01 9.030420029514946378e+00
2.492533161978580125e+01 -3.584584741864830448e+01
-3.137123687330830535e+01 1.104214651805148506e+01
4.235320174123698678e+01 4.893425821097572292e-01
1.463113331428407626e+01 -3.125003798139406541e+01
-5.043045505016346652e+01 1.940350279872512473e+01
-4.323407150661658704e+01 2.778023137229057582e+01
4.292440978286978037e+01 9.506622186027456678e+00
3.134531221331382866e+01 -2.661216394529544615e+01
1.892000218190753102e+01 -3.091006085359454403e+01
9.661972362276893378e+00 -3.112456437047363167e+01
-4.184718707597206588e+01 2.845072228904701461e+01
2.853248732080369265e+01 -1.481710678372399137e+01
4.289158134717749959e+01 1.259217385645580123e+01
-4.829073764684372350e+01 4.066375837588421582e+00
-3.185003501842554741e+01 3.449461518370767976e+01
-3.987987865559897926e+01 2.371948466202445260e+01
3.117995919917322922e+01 -2.834444767463419268e+01
-3.255872315252348415e+01 2.612435780187364642e+01
4.104057675905554703e+01 1.219743121273592124e+01
4.460630323437275280e+01 1.327804291285868743e+01
2.941178551308751921e+01 6.726084756245968244e+00
3.468240796389849834e+01 -6.700292515400033677e-01
-2.284970038480566856e+01 8.707648643582064807e+00
4.874500901639736128e+01 -5.778632054310852695e-01
-2.651308009857658021e+01 2.795070690594481277e+01
1.410698985667258221e+01 -3.041047188774359356e+01
2.594238363456654994e+01 -2.914423525510934709e+01
4.274588364553708431e+01 -5.204765159753787174e+00
-3.872334891631909670e+01 2.596428752318017530e+01
3.535288884569564516e+01 1.035626926571577933e+01
4.524949947568280351e+01 2.166532680965243873e+00
