-2.818234709024103068e+01 2.434200662542740545e+01
6.310884002140303650e+00 -4.914248052731085892e+01
8.279669679838356444e+00 -4.181533826563859435e+01
1.287829361602415545e+01 -4.119867972301024395e+01
-3.263151591405856067e+01 3.190587109733379023e+01
4.735727971071385412e+01 -2.241074903192995293e+00
1.406059255904476046e+01 -2.068856248425676370e+01
-1.804924225874705712e+01 1.804153068608070498e+01
-1.983025657182172807e+01 1.884295451033759505e+01
2.453766824656647927e+01 -3.149530436802377409e+01
-4.848520233713620087e+01 1.163558309096133137e+01
3.873708234304888975e+01 -3.423632886921152085e+00
-3.290584952140547870e+01 2.494465374502661703e+01
3.663032440582819760e+01 -1.317971024288269177e+01
-5.863748818523203710e+01 1.700899086949395311e+01
-2.712675652863751452e+01 8.822743656056115213e+00
2.443422249054846063e+00 -3.934607058813479341e+01
6.498793080734900585e+00 -3.415934771013000670e+01
-2.466148773667324434e+01 1.318253173845758042e+01
3.532565165411129726e+01 -1.067593948894098865e+01
2.758608752002233899e+01 -7.279001875150934886e+00
-2.236365385605986944e+01 1.724661052020987739e+01
-5.005846257291078416e+01 1.260423117125440484e+01
-2.282453443698208773e+01 1.583281064134713034e+01
4.248691985534203042e+01 -1.238125547547315541e+01
1.080422167274888423e+01 -3.838801130067549394e+01
4.867132402369357180e+00 -4.514012169062737456e+01
3.425139375072602377e+01 -5.309339015187713784e+00
-5.713884215028172520e+01 1.514426660001516822e+01
1.909958108777552255e+01 -3.074738440499460879e+01
3.595693270328393965e+01 1.924253654574195060e+00
-3.067267649025160381e+01 3.172514053910843046e+01
-5.111412993206258903e+01 2.105306408198726587e+01
3.052694836741637374e+01 -2.668793704218484564e+01
2.037459281487032570e+01 -2.717013574449274671e+01
6.127847510811682774e+00 -5.301285181211908792e+01
1.729298143562591150e+01 -2.504000273502605367e+01
-3.462356799493559834e+01 4.059594333243294528e+01
-2.330991215490680446e+01 1.563463356664605364e+01
2.669415872514564114e+01 -9.864811216208220657e+00
7.418529306837955417e+00 -4.085425670798157682e+01
-2.767076300404332656e+01 2.072557470028525017e+01
3.964349299267370341e+00 -4.302456370489489501e+01
4.783939200604184094e+01 -3.563132300404098007e+00
3.820227856048103376e+01 6.066245327881561344e+00
2.064321000675801088e+01 -1.713106126343298641e+01
-2.388684392546189272e+01 8.522218179955105555e+00
2.398871226295959858e+01 -2.634280603917832408e+01
2.218073362191777420e+01 -5.207940565896350904e+00
-5.461715534137344719e+01 1.964627352769041124e+01
2.747415365817495214e+01 -1.884829398773903009e+01
-1.617852689756098528e+01 8.734461493380097252e+00
-3.066629872281143321e+01 1.190769493009499946e+01
-5.968066504568116670e+01 1.693454817524726153e+01
5.310251773496128536e+00 -5.019934922594688942e+01
-5.572518089639979166e+01 1.749719938650669349e+01
2.262256044191684623e+01 -1.580274143921846530e+01
-4.356204506555667422e+01 4.225660336056890998e+01
2.988806703222397587e+01 -1.578115488548575840e+01
3.114515952994507586e+01 -2.821416074249443540e+01
2.845261632195908419e+01 -2.417371983670394542e+01
3.001895851337290111e+01 -1.908098801501856201e+01
-3.703928548792804776e+01 2.181756025136983368e+01
-3.354144172287707448e+01 1.548329561306556634e+01
-3.521430753726220075e+01 1.996594043190425793e+01
3.262628137247934745e+01 -1.186170794830341890e+01
1.549020688250007538e+01 -3.330941828674902183e+01
3.600292548671400539e+01 -3.770254258976218686e+00
-2.212643400287753437e+01 1.386442301630868101e+01
-3.005222583019970983e+01 2.076390077127914324e+01
2.830162782622689122e+01 -6.348328888021495864e+00
3.714948203578591546e+01 -2.252090595532602713e+00
3.539093222987845166e+01 7.187453460939017269e+00
2.795297742762200954e+01 -5.086014092709469026e+00
5.212908257720991756e+00 -4.321632174378725466e+01
-3.152332139591394267e+01 2.062292461543430022e+01
5.960387843083650772e+00 -3.409865113467142095e+01
1.280046792964045110e+01 -3.860407580152930507e+01
1.910847453314400868e+00 -4.624378117841994396e+01
3.908938403742444478e+01 1.963771606987716467e+00
9.508090363573423076e+00 -3.634047773136875037e+01
-3.222225989294264537e+01 2.910210195623653462e+01
4.038941569733615289e+00 -4.942720425194307410e+01
2.224353925020804823e+01 -3.447989650919709703e+01
2.398107180185139597e+01 -1.295219314072237005e+01
-3.756219028358723477e+01 3.003525436268355620e+01
-5.121570712854915541e+01 1.970407743700176084e+01
-4.895423025918601923e+01 2.229040610973042291e+01
-5.241291687685873768e+01 1.510818736100858395e+01
3.738093304148875973e+01 2.811288609101240787e+00
3.872077041804276831e+01 3.707741682105027525e+00
1.983184626766810865e+01 -2.628239864935058634e+01
-2.449206307290137730e+01 1.693780048537373162e+01
-3.365390848328227236e+01 3.658335590224152156e+01
2.061119256884828843e+01 -3.575423424192091204e+01
-4.786044334297386627e+01 1.296994606751581181e+01
-4.392350759029736196e+01 2.886020290251920173e+01
-5.612873193358082347e+01 1.419569479330580464e+01
3.749575220119107399e+01 -1.799919278672497924e+01
6.390907593931625108e-01 -4.618702060015920807e+01
-2.731350499224587480e+01 3.078970086780561033e+01
4.551096369274731046e+01 4.315648054701606839e-01
-3.328124954008343650e+01 4.123683518082990673e+01
4.979648258982903997e+01 8.392458119870299882e+00
2.978231267353827150e+01 -8.522530621100977699e-01
4.648820799950713933e+01 8.318809273851923702e-02
4.303219284315561310e+01 7.503942895415169900e+00
3.417661275938515786e+01 -1.503220078075743338e+01
-2.482044972355616608e+01 3.498728398445020105e+01
-4.761593662134959004e+01 1.535698286986847805e+01
-5.355285344660233449e+01 1.595622433178163568e+01
-1.369965629484109293e+01 2.901257052082121390e+01
5.045710157010848462e+01 9.779036051055166823e+00
4.899630738702710886e+01 1.058089714640318313e+01
3.319491948557086403e+01 -1.548705894340858258e+01
-2.020727344318748919e+01 1.638120195454514416e+01
1.416722453569211737e+01 -2.217552101603030579e+01
4.146175374100847222e+01 5.601579357597511688e+00
1.467615506407357806e+01 -3.006028893228068100e+01
1.443707759109689448e+01 -3.316155189556496197e+01
4.387235766418115901e+01 -8.474892459300676251e+00
-2.544511655857519372e+01 3.384074073668370630e+01
-2.778260062523913376e+01 5.720491081831548641e+00
4.583866537740125580e+01 5.446533199772439993e+00
-5.364997120291322119e+01 1.316234218736791206e+01
-1.874269411381605011e+01 3.158885723345440155e+01
2.862102905057375679e+01 -2.595750055345014218e+01
1.162760306141365874e+01 -4.186488444236334772e+01
-2.188782394030447520e+01 3.185305690104748066e+01
4.264070380302526786e+01 1.230354572311280670e+01
5.772874853536027473e+00 -3.910154967479665089e+01
-2.843333038231704535e+01 2.529336982268115364e+01
3.238190928741732222e+01 -2.159824314727202932e+01
-1.984990246603634390e+01 1.738397763030403453e+01
-2.542118251660068751e+01 1.105258933257653631e+01
-1.842917296639863523e+01 1.299900460354415088e+01
-2.929525397380612617e+01 5.320180337449584407e+00
-2.595747461517551358e+01 2.678535272917075005e+01
3.133435915451619636e+01 1.420410327552198648e+00
1.631473411743982993e+01 -3.528204576023139083e+01
-2.605170574530475136e+01 2.614357461737860788e+01
3.127632097327972716e+01 2.120048560915148261e+00
3.481383380638830971e+01 -4.908807208751398754e+00
-3.163588771336028671e+01 1.629743577826798884e+01
-2.861170415646867227e+01 2.723596661983642520e+01
1.144157228705231688e+01 -3.312636866968842497e+01
4.387412009620778264e+01 9.254868005188050972e+00
-1.650384095036389454e+01 2.605560092881179202e+01
-3.089286510723364287e+01 3.651807548982416307e+01
5.013080438192590194e+00 -4.717122462271589001e+01
-2.913813233439902461e+01 3.136363896223322456e+01
-2.095261886525577211e+01 3.282323604559594088e+01
4.540219970618849032e+01 3.259644795405659323e+00
3.199289145605291296e+01 -7.045493463098681630e+00
-1.815639164216451462e+01 1.488366030030605991e+01
3.797819382990606130e+01 4.913835216814103291e+00
1.241061492251796494e+01 -4.491196316736675698e+01
-2.975834578544378672e+01 3.155916226177400219e+01
3.659199779661224738e+01 6.856904976732195678e+00
-2.908188736206363245e+01 2.941306721065901542e+01
-4.394507656540590546e+01 2.410306775332070117e+01
3.200544096760175705e+01 -5.532507222273072678e+00
4.733124623423248067e+01 1.174283885240377145e+01
-1.651008240864630849e+01 3.157557182184892497e+01
3.252703336951488922e+01 -7.589693583860717574e+00
2.570357829069109101e+01 -3.116569116892722491e+01
-2.168380429388000508e+01 2.643921611106531344e+01
-2.352956665356905930e+01 3.253961054473849401e+01
-2.799026039119048193e+01 2.355825306248501150e+01
-1.787830996155803476e+01 2.753237330276882133e+01
6.901244215719376740e+00 -5.158855206474859756e+01
4.093570524867252658e+01 1.706908454981172385e+00
-5.469869416786384875e+01 1.348146236685076360e+01
-1.548836238624477524e+01 3.349629338391866185e+01
3.924670260803771527e+01 3.352675160658807663e+00
-1.487516336418425666e+01 3.256815390600890225e+01
4.697909717849511679e+01 3.028360416333290672e+00
4.092371949390087593e+01 3.577133089009261191e+00
1.864130547450702124e+01 -2.348355914217433238e+01
-2.226222836303825048e+01 2.630263382401476591e+01
4.120152280238133358e+01 -1.578266090540538125e+00
-1.466635090877715619e+01 2.815086118073434562e+01
-2.431965154317177991e+01 2.947431664250240146e+01
4.305230967000473896e+01 8.281612232529839801e+00
-1.979390715487573615e+01 8.872337503204962061e+00
-1.797369774974332657e+01 2.818448121042759880e+01
3.279922172097779054e+01 5.599966327935280042e+00
3.874822148819752243e+01 9.315693490105278585e+00
-1.953756656805659020e+01 3.288626304399229383e+01
6.750189705357739989e+00 -4.522797473788606482e+01
-1.631115163652760103e+01 2.754614780833384913e+01
1.227620762648764341e+01 -2.774777837165685312e+01
-5.182116947250396066e+01 1.202679140604296926e+01
4.253719780305177522e+01 6.684058461934193618e-01
-1.602068302322987137e+01 3.113659815079753201e+01
-2.027360201237670978e+01 8.529664876549059471e+00
7.005222161973779116e+00 -3.696975710563251738e+01
4.048011351385145673e+01 1.001595271170862134e+01
2.687188558863045884e+01 -2.218060780332499249e+01
-1.937766630171621784e+01 3.583494671874289850e+01
4.363643212988513653e+01 -2.811290924680267977e+00
-3.352338956408149073e+01 1.117133677263179337e+01
-5.677231283781723192e+01 1.758011719441583054e+01
-2.013551419844495882e+01 3.537485526757746612e+01
4.453885278007732040e+01 -1.206540599580044493e+01
-4.520790215002831758e+01 1.873310135766223539e+01
4.044255771546680478e+01 -1.727632246164844787e+01
-5.034826345107190804e+01 9.874505908269393117e+00
3.995009466341322479e+01 -3.139343133274059006e-01
8.546097271192865108e+00 -3.193110516002145971e+01
1.845964422324029641e+01 -3.347502898389775794e+01
3.527099955910900064e+01 -1.737772240780630995e+01
4.851800060906264633e+01 1.125164125765094525e+01
-2.839658230479892254e+01 6.493678209668884094e+00
-4.434611540187530210e+01 2.200928522383194874e+01
4.533056164177026659e+01 -1.387368488292733915e+01
3.971850533617728729e+01 -1.369031949800404746e+01
1.610463076918309255e+01 -2.619981248144315700e+01
4.514589268692495949e+01 -4.213120534901741432e-01
-3.506758902898469188e+01 3.449355734036257815e+01
-3.035406964132681296e+01 3.352507662293720614e+01
4.292050521178362033e+01 2.782815367366164416e+00
3.263705795543388888e+01 -2.718505581443023189e+01
-3.588088097824513767e+01 8.038473200439170796e+00
-1.501336453795904013e+01 2.366939063375986763e+01
2.677642683173341709e+01 -3.262899545686294545e+01
-3.742840677718491804e+01 1.043318905543957165e+01
4.195935221410442040e+01 1.174124571336509426e+01
-1.651039704780162864e+01 9.801926271970124560e+00
2.319382970406688216e+01 -2.432374642933245923e+01
-2.161404561172044581e+01 2.326257712250265897e+01
1.104617481049641015e+01 -4.287871010900506974e+01
-1.870126807153548398e+01 2.235855625100304778e+01
2.849179627047096730e+01 -1.472229478984903039e+01
2.594911184354397093e+01 -2.772759331989807663e+01
3.058254268577474022e+01 3.075299268970571251e-02
2.121904870377026953e+01 -2.803114658041541674e+01
1.283511261175721963e+01 -3.463246821493813599e+01
1.951894133103218820e+01 -3.391030076465722942e+01
1.999826317632030026e+01 -1.475158875575119666e+01
2.056651900033266145e+01 -3.011125789856550128e+01
2.050475886863420527e+01 -1.091532397040039015e+01
-1.761709606448363630e+01 1.418706915044560901e+01
2.158775320060475877e+01 -9.766197798571280231e+00
1.908706162401002260e+01 -1.050406091329956837e+01
1.739698566896628407e+01 -9.812864629069251166e+00
-4.184311094612426274e+01 1.670478725882548687e+01
2.871570140006523530e+01 -1.089062388023301331e+01
1.868339077128534598e+01 -7.646987739652670868e+00
-2.531849734806078089e+01 3.779586430855897561e+01
-1.957671564756871874e+01 2.205521586021253810e+01
1.112796344097073664e+01 -3.609548059192540137e+01
-1.920590212915888273e+01 2.405781235526828610e+01
-3.914589922793277310e+01 3.576310715123801742e+01
2.321064286529146869e+01 -6.906822062731225564e+00
-3.846297166511040899e+01 2.987495548662178635e+01
-3.988990827612586543e+01 1.604160573037795956e+01
1.901466235289619178e+01 -7.993288187431952352e+00
-3.646255600575830158e+01 2.867704992739403025e+01
-3.626199604510737373e+01 1.718327989395790212e+01
1.959802470550911835e+01 -1.306108717407111364e+01
-1.939588123478424464e+01 2.063941773638548938e+01
-4.351340675750770970e+01 1.515098206752798760e+01
-1.827859962966421037e+01 2.082506030730214519e+01
1.038352628373150566e+01 -3.059895988646933063e+01
-2.419032389879674838e+01 3.407518485909375983e+01
5.043369949512675277e+01 2.577021128182273912e+00
-1.292240910853264602e+01 2.956766797252671708e+01
3.391090215723921375e+01 4.095981431280076634e+00
-2.205508410330632429e+01 3.394396408269811616e+01
2.809839972495488780e+01 -1.040665764056910270e+01
1.355748402996080770e+01 -3.687627013144960131e+01
5.916988341131644624e+00 -4.751221631800790846e+01
-2.966862539972327895e+01 4.699155809771062842e+00
2.989737650424649118e+01 -2.582568283977861157e+01
4.300652509449971461e+01 -1.101106019765202859e+01
-2.653768710912364526e+01 3.226495698644446009e+01
-2.252832628814600113e+01 3.677263799591487725e+01
4.314719837084327736e+01 -3.559060370417600261e+00
-2.779771691707092884e+01 3.868709163858794398e+01
-3.535345259438070542e+01 2.618290022772328030e+01
3.294495880624393891e+01 -1.707626953882375886e+01
3.328880263515986826e+01 3.065699527626053911e+00
-2.619480048224036395e+01 3.912372815303663032e+01
1.628507616657674717e+01 -1.060145546177492015e+01
-2.458446293024688956e+01 3.186943837651071831e+01
4.330709207631598900e+01 -9.957025044036852179e+00
4.551235254304572209e+01 4.516664803947742612e+00
1.709303827150735700e+01 -3.889706762885677449e+01
-4.767120928622964726e+01 1.655225508777716215e+01
-4.748552904479049630e+01 1.301779223694851595e+01
4.910413903519208390e+01 1.284315534806890824e+01
7.380664391511304601e+00 -4.631588182712696522e+01
5.722088985217054002e+00 -4.110421419495784079e+01
-2.760825676378636828e+01 7.420945951625522063e+00
4.826990087680756147e+01 3.130986627336341144e+00
-5.210549579758539807e+01 2.209822298146603003e+01
-5.103687836883062090e+01 1.476775820345502410e+01
4.809992277555331697e+01 -9.540594236772672598e-01
-2.106253755814952910e+01 1.068996279894444079e+01
4.418815224997450031e+01 5.288448106068458721e+00
-2.918767239426015081e+01 2.208625066313652852e+01
-2.636322607900189041e+01 1.109171870124347947e+01
2.669275474548834737e+01 -2.643805670811908470e+01
-3.391174459301578992e+01 3.417763038525639274e+01
-4.301583968866322749e+01 1.230635577931277602e+01
4.171270657938119797e+01 -1.372731630740377362e+01
1.578948216022553730e+01 -2.768708355861245352e+01
-4.149717614457176751e+01 1.561397043201029966e+01
3.511322840088893571e+01 -1.592494405466465324e+01
8.922813373035287654e+00 -3.490677784212301304e+01
2.847944712497978159e+01 -2.312923279431925394e+01
-4.359242849070805192e+01 2.968115770974773682e+01
3.311539045439329243e+01 -1.334514034630636914e+01
6.078678188923614556e+00 -5.147126441895863280e+01
-3.106669974938144563e+01 3.963345051883728587e+01
4.232506992746422725e+01 -1.593445035606042026e+01
4.183216642994442935e+01 -1.526844998971253453e+01
-4.009496766626926245e+01 2.526835656564600541e+01
3.449327687268580522e+00 -4.417709747364034456e+01
3.866460708566405202e+01 -1.880120850257102560e+01
3.193629645126641847e+01 -2.254777632110330643e+01
1.417184344146492236e+01 -3.438036060725085008e+01
-3.980869551095204883e+01 2.401194575348579718e+01
3.985797523551190835e+01 -1.583030670804167528e+01
-3.585133625130526980e+01 2.119884424998949157e+01
1.124365881566730785e+01 -4.651135615228632503e+01
1.905509124692471801e+01 -3.858315813649299031e+01
3.285322357463026322e+01 -1.936644985994085744e+01
-4.464929233245339191e+01 1.704833537777690466e+01
-5.030295953065306236e+01 2.008348974249964058e+01
-4.644806919792856803e+01 2.002222657243182624e+01
-3.815890351643435707e+01 1.032177949050899812e+01
-4.535664559891365855e+01 2.162391353620425960e+01
-4.359754682213334576e+01 2.252340944547627544e+01
7.850017308983584741e+00 -4.476634398917374114e+01
3.149739013704660451e+01 -1.512989964426955858e+01
-3.139820250924858769e+01 1.033799079346324490e+01
-3.487088812048652642e+01 4.015292950421677176e+01
-4.859814196378579254e+01 1.686385357664725149e+01
3.232508455046930607e+01 -1.676997156521417054e+01
4.306772937717733640e+01 -9.320215472966811854e-01
1.838154516384700798e+01 -3.415468974714880090e+01
-3.521503229835108328e+01 3.614731576056405515e+01
1.318925613777482830e+01 -3.920635564062414602e+01
-4.027770979229912029e+01 3.245925585984060291e+01
3.483567007308443664e+01 -1.116237654980391270e+01
-3.592684034733823495e+01 1.942197499685242335e+01
1.088644677841852548e+01 -4.493975817533294048e+01
1.985657912422905014e+01 -1.548055447087018699e+01
-3.926144081997596658e+01 2.060077544845108477e+01
1.727159810368853954e+01 -8.772854704873770615e+00
3.951089865404972556e+01 7.758351001345135778e+00
-4.317481305318914764e+01 1.423702891452618324e+01
-5.804962271097220849e+01 1.952327396211896016e+01
-2.756970246850931261e+01 1.600487223045163887e+01
-3.433561647326791189e+01 2.105462453070551376e+01
-1.570365963323229685e+01 1.061451293146124542e+01
-2.717684948484145835e+01 1.712129189394300255e+01
2.902934233946264442e+01 3.734117015199047707e-01
3.566899500689727631e+01 4.397650923084160723e+00
-4.478596504301032155e+01 4.195516014285057338e+01
-5.083638419804432829e+01 1.622279175851393163e+01
-3.019963797902771674e+01 1.747366196308696118e+01
-4.399017202803062077e+01 3.247007808557970066e+01
2.221343115333368701e+01 -3.109626216039639601e+01
1.146673641863976201e+01 -4.022018103006947598e+01
1.989562488869864509e+01 -2.873988294073211236e+01
-2.655348573285416691e+01 3.722738780078524456e+01
-3.834657980630731089e+01 2.872818174375727551e+01
-2.641936675014544988e+01 1.648636668495769797e+01
3.880200886214973366e+01 -2.105888561983909923e+01
2.220226269973918320e+01 -1.407004852034814846e+01
-4.243886106666531077e+01 3.055289576775498617e+01
-4.014300733030226809e+01 2.956709578847259579e+01
7.855880490151282203e+00 -3.951330476635407507e+01
1.893759459597437100e+01 -2.297688759120084612e+01
2.244586820666864213e+01 -9.520401451506288026e+00
7.988986799679886452e+00 -5.152307027482343216e+01
3.653368513026724429e+01 -4.191595164000577967e+00
4.120907241835166701e+01 -1.166058067306739687e+01
-4.418242515709452078e+01 3.046387232255877109e+01
-3.283233256655302768e+01 1.572903484284339193e+01
-1.676145818835525958e+01 1.141172735582822995e+01
-4.005738390372258806e+01 3.048568543336634562e+01
-2.468514278584076393e+01 1.150550659037005730e+01
-2.759774353479790321e+01 2.244510870475127007e+01
3.085319926475998642e+01 -1.813879749973698452e+01
-4.009168966075937846e+01 2.339508243648641184e+01
3.398081878388824606e+01 -1.886131770264660901e+01
1.453428602513253054e+01 -4.321877319737051693e+01
-4.195929836895970055e+01 2.202953948026008746e+01
-2.778276816850733510e+01 1.386227296595009584e+01
3.189032048279756992e+01 -2.612763326644740403e+01
3.873790986001412051e+01 -6.742426075842411493e+00
-3.492469990165240290e+01 8.700715833033262570e+00
-3.233285271279946471e+01 2.691413702267224295e+01
3.665280834878059579e+01 -2.051099285321836518e+01
3.225773417403716081e+01 -1.001330357447966435e+01
1.318054286993645619e+01 -2.645363548063535220e+01
2.179011953574150695e+01 -2.998273767652846544e+01
-2.266736443288190728e+01 1.141106763298189719e+01
-4.871630072355397090e+01 1.958168792189223950e+01
2.371763330580900231e+01 -2.840236686601615190e+01
2.854936747852797296e+01 -1.891440885314034759e+01
-2.620564004952485249e+01 2.974320873482241012e+01
3.808048157936583777e+01 -1.990937640570451705e+01
8.174633369868693933e+00 -3.342179409781171984e+01
-3.888471432352550039e+01 1.618022444773475144e+01
-1.663997256400691427e+01 1.350648559747138933e+01
-5.349790575720386698e+01 1.787314218574656266e+01
2.452087517747277090e+01 -3.036949137746762162e+01
1.389074724868429556e+01 -4.549064449129261334e+01
-3.155324428566868278e+01 1.084782273592650093e+01
9.868368014209515593e+00 -3.299544547713372111e+01
2.536731411733373420e+01 -2.914749665490079522e+01
-2.905865004599908019e+01 1.382047058141203166e+01
-5.280518675082396385e+01 1.915435693600316114e+01
1.388827689100769547e+01 -4.125640917136854569e+01
-5.384189985293747327e+01 1.875320063630624645e+01
1.153683702808121936e+01 -3.501063853848046392e+01
-3.734814055132567745e+01 1.901880433604497611e+01
-5.042192361809453161e+01 1.831460284265265770e+01
3.618627173614071779e+01 -1.952395485353955351e+01
8.552280705478031209e+00 -4.343815402927471325e+01
1.949488433161561929e+01 -3.801047257940634694e+01
5.218499815794736207e+00 -4.437584847232412955e+01
-4.225767234499413405e+01 1.503960461565142204e+01
1.605748606141878199e+01 -4.177305472435414657e+01
-3.435157609811099633e+01 9.290066414406496165e+00
3.833368713705748831e+01 3.131185597244995900e-01
1.736289762351356103e+01 -3.212987651040559456e+01
-4.501802901324802519e+01 4.189651827571661613e+01
-3.812385066508489473e+01 3.632707037470569844e+01
4.623716459107784971e+01 9.487199457207250219e+00
2.494078855982360565e+01 -1.985000102735064331e+01
1.352798590526459854e+01 -3.031794628224442789e+01
8.678713768697896569e+00 -3.802755197559589107e+01
-3.463849664323799260e+01 3.665416284869456121e+01
2.837077627381752976e+01 -1.776049712346623721e+01
4.808023273346482540e+01 9.759677521485924601e+00
-5.636477922077493474e+01 1.355338687479705051e+01
-2.756980259535387745e+01 3.698764321696740609e+01
-3.605470095788340501e+01 3.330655536056745802e+01
2.476439825790809124e+01 -3.721565020710183092e+01
-2.708539999494537653e+01 2.905578372716763980e+01
4.691777530871619462e+01 6.735447986972533663e+00
5.041391569786394200e+01 1.105203983556368819e+01
4.772299564013559348e+01 -6.148254823256641188e+00
4.851508502486288421e+01 4.014744891931461446e+00
-1.848528159118585279e+01 9.313161826963384016e+00
4.001794736389715723e+01 4.886635379163640103e+00
-2.145946650018754909e+01 2.983233218067129400e+01
1.668308361495312653e+01 -3.621850381897024107e+01
2.588151794300615194e+01 -2.264223009827186672e+01
3.578243451463229974e+01 -6.530934400568750853e+00
-3.599684015328458031e+01 3.743030805550915829e+01
3.938778610728902407e+01 -1.558728021190297353e-01
3.759829598183343080e+01 7.123334604227341771e+00
