-1.470161039170903621e+02 1.965778074410912950e+02
1.415425847766389040e+02 -8.877522830818431032e+01
7.263375114065942739e+01 -2.869585719402305699e+02
1.583775898699363616e+01 1.857137433432443174e+02
-1.612398624801243727e+02 1.054742037070996474e+02
8.581819756957995082e+01 1.483175524739559137e+02
-1.723030025827027600e+01 -1.070042593404433404e+02
8.065859154158196986e+01 6.774486836473256801e+01
1.067544101264318925e+02 2.309008870435349934e+02
1.686617265228736358e+02 1.515196400410642639e+02
-3.878711277963641635e+01 -2.944740508571035775e+01
9.646410419080686083e+00 9.875005307115839059e+01
-6.714009080122916373e+01 1.597751222324628770e+02
2.441943775435894892e+01 2.745972275543501837e+02
-1.858020247923485897e+02 -1.638127431337517805e+02
5.727427620494908211e+01 -3.975989745580638868e+01
7.785446539866113902e+00 -1.824582638495222398e+02
1.089070686701618058e+02 -2.021944858892445609e+02
-7.862987499996926033e+01 -1.623848359422056831e+02
-1.870067427275750660e+01 -2.664555673723202744e+02
7.609021889249075343e+01 -1.260070270237766294e+02
-1.083808563814089183e+02 -2.427243264715485225e+02
-6.822389267113192091e+01 2.562451158040648806e+02
-8.352013953072628283e+01 6.934009500129666037e+01
1.710526904409940983e+02 3.807690752061363071e+01
-1.524116367019677512e+02 -8.505061178592487181e+01
