-9.709444283573400725e+00 1.874239977776685748e+02
-7.021335629181494653e+01 -1.734603122621792295e+02
1.367654860246001931e+02 -1.247258225270761898e+02
2.892298404894770769e+01 1.144656492335709714e+02
1.748380328113365181e+02 5.809387670435247486e+01
9.115570003932603527e+01 6.119434245167875019e+01
8.114067369431383625e+00 3.807665889159727612e+01
1.096532374759770505e+02 1.508470604031889764e+02
-1.655016889617084246e+02 -1.708274023860514035e+01
-8.279428442825631862e+01 -6.122657667843369467e+01
-6.301762468076341328e+00 -3.299841300930282983e+01
-1.701022560833412456e+01 -1.104785917593656563e+02
-7.681437765812513874e+01 1.682558111063072204e+01
-1.488337201906409177e+02 7.062896545717143226e+01
7.491481815707125236e+01 -1.302078371785410837e+01
-1.490999300336371505e+02 -1.124018922113958467e+02
4.241888757495805606e+01 -1.778873844078426600e+02
-1.068323487278754413e+02 1.553026132839660249e+02
1.573993822659518571e+02 -3.355407323650369733e+01
6.114349775045664614e+01 -8.765371431018928661e+01
-5.221495486601457969e+01 9.163155904492310810e+01
