-4.673471021887997381e+02 -4.638645779553115744e+02
-2.381274045687235912e+02 2.477802745084271692e+02
3.450745256149198026e-01 -9.693579728945781682e+00
4.363430188733992736e+02 -5.435023679532663436e+02
-3.334134633819006694e+02 -8.394529697002408852e+01
1.289146514309274494e+01 -6.760041109030112239e+02
-1.126590701933611598e+02 -3.499477893667892090e+02
2.596241733895975585e+02 6.344020189062099462e+02
3.381140309582522150e+02 6.706416452752031887e+01
6.345322440747246446e+02 -1.440815586383960181e+02
1.027559591632840039e+02 3.230333833327812272e+02
2.281044173890116156e+02 -2.666716427411467407e+02
-5.712798314728606783e+02 3.634259495888450147e+02
-6.764411290714973575e+02 -5.028642513165550554e+01
5.692166530927495387e+02 3.345820435550967318e+02
-1.826590357325834191e+02 6.177095149696655199e+02
