-1.035037858253642540e+01 3.828175383137643467e-02
1.393873741814057787e+01 3.471294010554152987e+00
1.449629276153651780e+00 -5.164057736969587253e+00
3.339444442362995424e+00 -2.501279991760351429e+00
-3.744008857800676937e-01 4.957331522110933086e+00
1.890160841928992141e+00 -7.284677415937171885e-01
1.149418086467082034e+01 -2.039890759576392654e+00
2.738196625928745576e+00 -3.725079541654583437e+00
-8.157364701989322509e-01 -1.746025497002839932e+00
-3.639530343875249763e+00 -7.942064456510675718e+00
-2.589667121139151540e+00 7.107721758048572092e+00
9.938044846859973802e+00 -1.176935267416725139e+01
9.917146435538796823e+00 5.992348731857287447e+00
-9.324430293444379458e+00 8.333763424066837899e+00
5.771221188005776881e+00 3.904482258765861413e+00
7.282860395968310918e+00 -7.584839553073732255e-01
5.538949881026122846e+00 -6.488366870607655379e+00
-1.013741505115940988e+01 -4.574379728420618463e+00
2.198146047481315701e+00 -1.236624426970765001e+01
1.324040320154851536e+01 6.372228655318839863e+00
-2.142527537604807630e+00 -2.290646280670555868e+00
-3.974705412924854908e+00 1.971083939766631321e+00
-4.347382239154288897e+00 1.568228351604862425e+01
1.587942582022126281e+01 -1.063909284440059944e+00
7.337895650331610620e-01 5.323994415517587342e+00
-1.546378078447059501e+01 -6.546130103964212132e+00
-1.773098598629943901e+00 -9.272912712357027631e-01
5.250746003459448197e+00 1.072235247181557227e+01
-1.540561492984842928e+01 1.575434626094441626e+00
-3.530522573047870427e+00 -6.504985187299091587e-01
9.200697100036821396e+00 1.147102800927838473e+01
4.451198773436350287e+00 -1.494113092614108851e+01
-1.261572023658521680e+01 4.058778880532125655e+00
-5.887544711350515492e+00 -3.387866489938752501e+00
-8.929032741102059134e+00 8.517086317627502012e+00
-1.005717215978556212e+01 3.943939258389664637e+00
-7.023356113125749367e-01 -2.459343620113842555e+00
-1.010484436797744578e+01 -1.028412906087445933e+01
-7.352033372731143324e+00 -4.253566033885828546e+00
-1.211554426683119745e+00 -7.852445766235685909e+00
2.362435942898427843e+00 1.154672891019326642e+01
9.509969260017904213e-01 -1.096383694609425774e+01
-1.223870205657125343e+00 9.734060491113151414e+00
2.535011870512590804e+00 -1.202606441386549818e+00
-7.658841703087551522e+00 -4.244913267675619051e-01
1.586452228339132908e+01 -2.088974615144881586e+00
1.273336376376320622e+01 3.583250530687628999e+00
-2.471122752428596137e+00 -1.575377915750408597e+01
-9.704746041868892448e+00 1.585913461700063865e+00
5.263931408652526400e+00 1.025680005003591511e+01
1.005298752495670378e+01 -3.121101669308989468e+00
-4.052672924211883299e+00 2.421581867663940457e+00
-4.224230789453814694e+00 6.920635944045295140e+00
7.913758831442320174e-01 2.247140163852746397e+00
9.719639200328153095e+00 -7.855668341419554501e+00
8.235873655335105070e+00 8.588680530497653010e+00
1.089636624410404764e+00 8.979512004636861278e+00
1.055589768661132632e+00 6.362293147287532147e-01
6.455023827000532677e+00 -1.053965102581202551e+01
1.398006330594101421e+01 4.018847123314834846e-01
-5.973612758280681945e+00 -3.593767983508157737e+00
-2.216290692705027432e+00 5.124736558834375622e+00
3.656548555264910183e-01 1.144237301590233358e+01
3.537660717747087347e+00 1.974638716726032917e-01
-1.306572370824893525e+01 7.626081714642754861e+00
1.002481731599560177e+01 1.357336350215514686e+00
4.022302872821500230e+00 -5.542853044677381602e-01
-3.446440619748308176e+00 5.511853920096132953e+00
2.785764625116203597e+00 1.317131236869270028e+00
5.532085924757673467e+00 6.764735954985629185e+00
1.264452967980260745e+00 -8.515138195693083389e+00
9.023417115610847361e+00 -1.391363658053414720e-01
1.260762016806478591e+01 -6.628599468964992525e+00
1.576491520420998382e+00 -4.138671749226850771e+00
-5.232380280117282512e-01 2.186995368147750529e+00
-1.865398873933557189e+00 1.509090062617775452e+00
1.634693194332494937e+00 4.109233564730906174e+00
-8.612598181554163901e+00 -1.993942673095931983e+00
9.817982320488233938e+00 -1.606380445517805011e+00
1.145394592368777431e+01 5.939995002021287718e-01
-5.743029544963038191e+00 -6.354802254590875554e-01
5.229924402377510440e+00 4.099474070493845934e-01
-6.627504054567526781e-01 -7.344171705774540371e+00
5.033863908664307552e+00 -1.727169523726066913e+00
-6.144407485647795042e+00 1.227748958989968830e+00
-1.786248198661953168e+00 3.756420406433802484e+00
-4.367141632236578808e+00 1.338907766673336930e+01
7.717809467524223699e+00 1.470650608438919260e+00
3.013219202202213065e+00 -1.031582242850309150e+01
-9.199115822517103247e-01 1.525204126241683511e+01
-3.742720504119718683e+00 9.424821034386509311e+00
4.289459612247259024e+00 -4.426020308640763012e+00
1.633293602403076861e+00 -3.558262912691052104e+00
-1.241867391466898063e+00 6.536400280498686044e+00
3.367946535399117813e+00 -6.756609845694989680e+00
1.714254088711920199e+00 5.004082063785176615e+00
-4.375799783211510530e+00 1.042443562664429724e+00
-2.523845883638055732e+00 3.757239703191550539e+00
4.750306328043836165e-03 4.012885576508419483e+00
5.742418708648198589e+00 3.317104486187583690e-01
-1.021111535179730190e+01 5.723766757901543656e+00
3.394115020633511115e+00 9.107434589976056705e-01
-6.752084221232599326e+00 -7.937645624998631355e+00
5.295506608784006808e+00 -1.205008052373781346e+01
-6.945739965501604551e+00 -2.399583175398829926e+00
1.268223645051163473e+01 1.031480551343777918e+01
1.181465941692219079e+00 -1.214797862834425857e+01
4.197166639782152764e+00 5.424652284022456250e+00
-1.138988786035300960e+00 -2.229884494184668942e+00
-5.560352641898623993e+00 7.933076993795767251e+00
-1.246603229958947701e+01 -5.053798876850712496e+00
4.958815826555327710e+00 3.683490866712999523e+00
1.060605044076749337e+01 -8.478015329649348786e+00
-4.866173562025518429e+00 -7.251038810490674891e+00
-3.271923721099323945e+00 -4.625140261421061716e+00
-1.294508343583526688e+01 7.539675264329049220e+00
3.197734275199822118e+00 9.006351156716489115e+00
-1.213857311495458058e+00 -5.628679850715784028e+00
-8.081882682009823071e+00 9.168486097057204631e+00
-6.010818018371756999e+00 -4.490836899167291563e+00
-5.102702739437074086e+00 5.518387085939294501e+00
2.013179485600185004e+00 -5.939982666084324237e+00
1.067950881349949421e+00 2.292429913321070156e+00
8.144699054979772868e+00 5.405102632439183097e+00
1.621982808894532369e+01 8.302646209917734055e+00
3.525851916433040412e+00 1.491778379131251064e+01
1.271722026050162846e+01 -3.759510275432849991e+00
6.614776520744876542e+00 1.386393683701007262e+01
-2.202232965475010573e+00 -4.196989741248287054e+00
-1.903757034882022525e+00 5.389633347721007439e+00
3.183236169540081262e-01 -9.370648606944415038e-01
1.095519953606100927e+01 -1.150859106412808153e+01
8.515445708209723463e+00 -9.250730879115254268e+00
-7.486776822754628746e+00 -3.679992482245500462e-01
1.458056329710580412e+00 7.827034649571338321e+00
3.197726808732244130e+00 6.828190139378108370e+00
-7.298174042577940668e+00 -1.540882033593413425e+01
8.841854701688983909e+00 -1.858691481614453078e+00
1.238366946529000501e+01 -8.184387041325917878e+00
-2.264993826357021067e+00 1.196891765915377626e+01
6.881810918917103059e+00 1.387000262716553145e+01
-1.158441638577584953e+01 1.095484252607984565e+01
-1.364872473843364276e+01 2.993834056319540249e+00
-3.414995631662621545e+00 8.731903265397415126e+00
2.834053145475509794e+00 -4.862377832705945480e+00
-8.971282540075231182e+00 1.286318634688257490e+01
-1.591398342232302632e+01 4.803287047679543953e+00
-4.229301676071083094e+00 -5.390548093088912474e+00
-6.510502909406889138e+00 -4.397481632901903414e-01
-5.179423010232030222e+00 1.109017517120737750e+01
-1.039824339889376148e+01 -1.048625744447284447e+01
7.362254224952088144e+00 -5.692185754728803282e+00
-8.044193838452239120e+00 -6.095735384048245109e+00
-3.049036644298859677e+00 5.282380182600748597e+00
-8.938791723239833953e-01 1.534905001649875267e+01
7.483010797497511302e-01 -3.548767238140069225e+00
-4.372043906040573802e+00 3.830425744042945446e+00
1.163135993847358840e+01 4.783919964260000768e+00
-1.325682661134122142e+01 -9.087969473540590926e+00
-3.586163058480899668e+00 -1.295231156892785229e+01
1.096814223856196691e+01 8.007153169535024873e+00
1.650580660378751929e+01 -7.309383733284217088e-01
-3.465764508825617263e+00 -2.210667459910084176e+00
9.233545698769709986e+00 3.436113770029177950e+00
-3.026443629653096767e+00 -6.380345266969308149e+00
-8.953782674870206293e+00 4.175374082636947648e+00
1.032450988056598717e+01 -2.402175482530234107e-01
-1.301322564386163982e+01 -1.764268929978027423e+00
2.158001508231989773e-01 4.371994766707332225e-01
1.139827267454653459e+00 -1.643872015978886836e+01
-3.188941433598043163e-01 3.648928592017036898e+00
4.755271706704330276e-02 -6.966658559644280047e+00
5.345829915296735457e+00 9.549826824571329809e+00
-1.343466752619983673e+01 1.262085039848055146e-01
-1.624723516968360926e+01 2.111752596863098130e+00
-5.522462152939093372e+00 -1.672040394670019081e+00
6.834006562721619993e+00 -1.768925359514145423e+00
-8.672863861309705769e+00 -1.266708715676002583e+01
-9.917556551485409599e+00 -3.580204274926677144e+00
9.298491549049224147e+00 -7.432329608746889527e+00
-2.132990521450683907e+00 -2.692004885447412676e-01
2.098965415751612884e+00 -7.983760235248287263e-01
2.471964983248213343e+00 3.499776356697605451e+00
-1.463171823647685521e+01 -3.657978299251662069e+00
3.441899905487359468e-01 -5.251164579933371712e+00
-1.511174055287941442e+01 1.096688551532070122e+00
9.755241158963166015e+00 -5.703471049331575671e+00
-1.573709726150678456e+01 -2.786548726514257446e-01
-1.139634663884181087e+01 -7.148755027327742262e+00
9.046627164303878033e+00 1.115679610984675918e+01
-2.279700764860403073e+00 -9.483402907743442967e+00
-8.373854365396512733e+00 3.992676728394350505e+00
-6.427955819886592703e-01 8.985228939204439880e-02
-5.104824308501887842e+00 1.081165029223906870e+01
-7.843711698291246925e+00 9.835420997367272378e+00
1.318247774565356956e+01 3.449442286166454430e+00
7.009053266671948279e+00 -5.476660940500686081e+00
4.979103064078726604e+00 2.575456840888588506e+00
-8.210109098395308891e+00 5.451348850977804972e+00
-5.502323533541611411e+00 -5.960459927879129260e+00
1.175277595361326988e+01 -7.726027534666399355e+00
6.918933482645996946e+00 2.347177095310285733e+00
4.229817381360180484e+00 -2.222518819030091297e+00
-8.128545752616522790e+00 8.450473968321576823e-01
-8.647271933620582773e-01 8.129593960266781494e+00
5.269262113257511260e+00 7.754580781637895548e+00
2.288155764406269999e+00 -7.672340109173936717e+00
4.293477628905871590e+00 -8.874227901495810755e+00
4.585343147090751970e+00 4.775256484436946280e+00
-3.475121084684248185e+00 -9.385691521826998951e+00
-1.112340480534470011e+01 -3.141960193069103013e+00
9.414494725351019166e-01 6.851887940365957164e+00
6.479204281457380254e+00 5.970290939325405333e+00
-1.757479364719519310e+01 3.155570897642187012e-01
-7.369472606306137763e+00 3.931864133492179114e+00
9.336010164467072769e+00 -1.151690624062502222e+00
1.420547919651934166e+00 1.275435741178844040e+01
8.244957395162515468e+00 -3.230384631169451293e+00
4.946900845342646846e+00 -6.064714173129419628e+00
-6.494187429580344784e+00 3.351464820837686265e+00
-1.435759676671230523e+01 6.328253694174017507e-01
4.437172135594460443e-01 -1.311461076289601912e+01
6.044128287324565640e+00 -3.389758600785056419e+00
-5.809780657343019961e+00 -1.048318425982975199e+01
6.565420827202732568e+00 -8.395141905147221806e+00
-3.583208227389115930e+00 -2.338756367816082093e+00
-9.856196228975468543e+00 -3.389655795578387476e+00
7.806484045518302217e+00 -1.424007288500743407e+01
-8.851202530009263825e+00 -6.900661713157370869e+00
7.645961375279984651e+00 -7.439811606613761619e+00
4.019771833983782905e+00 1.380678497084627665e+01
-6.688415465599224952e+00 5.021619261967613213e+00
-2.482524404682457497e+00 -1.570434841836479478e+01
4.953297765800119379e+00 1.894669780266212689e+00
1.704603074576397148e+01 3.516319375406945724e+00
-9.073297225711437264e+00 -5.198812648207814524e-01
-4.509759430745005071e-01 -1.057362556276957477e+01
2.047396789522609506e+00 1.656392633042137774e+01
7.217210441922379260e+00 -5.234430469368003269e-01
8.777699594244287695e+00 3.814314948097227376e+00
9.849380841945704290e+00 -5.227949953085017754e+00
-3.953594494843727158e+00 -1.089390311692998203e+01
-5.656941713997753141e+00 -1.039408612306976742e+01
6.924246154454908542e+00 6.581265604304048722e+00
-1.050396292745764271e+01 1.008796825267847863e+00
-5.997398868357084467e-01 -4.052336286403475540e+00
-8.868900783975732338e+00 -9.046371219733368108e+00
1.212583096745663003e+00 -2.387390289822748812e+00
1.418624816857886550e+01 3.136309295342089021e-01
-2.880135675771748449e+00 1.820383104418937359e+00
-4.421207637922080380e+00 -5.736770322903936403e+00
1.530591366220273031e+00 -6.521240078836882503e+00
1.573748052489653659e+00 1.176300239156238625e+01
2.079604078910648024e+00 -3.142320689828929758e+00
-8.453718531148510351e+00 2.880220746568243673e+00
