-2.572400948839434420e+01 -8.948957617582015800e+00
2.215974923262292862e+01 -7.542142423841559307e+00
-2.772852123857906292e+01 -8.990466697621398495e+00
1.164444186854036012e+01 1.925678234028244162e+01
2.366744762154604942e+01 -2.245751698597682644e+00
2.012368615427576657e+01 1.785240953598595226e+01
-2.692868822481974433e+01 -1.281219894696874739e+01
1.741225914883810333e+01 7.168226472996548360e+00
-1.705552712021502870e+01 -2.029944756413938478e+01
2.196120505691937197e+01 -4.696868345619139795e+00
1.914237608706219618e+01 1.181287156690729923e+01
2.385385600295816388e+01 1.304140973918551083e+01
-2.059771893054558234e+01 -5.803441371942198224e+00
1.495620839257741608e+01 1.202509528353011348e+01
2.078317838949661933e+01 1.429868355163876714e+01
2.640497145575520221e+01 -3.674573448398226194e+00
1.763810937764117881e+01 1.641661612286038974e+01
-1.881163037425460871e+01 -1.741418055924125241e+01
2.119951548501891381e+01 1.016145302503197678e+00
1.971436277572860263e+01 -1.304115244142105112e+00
-1.991232740790005096e+01 -6.264643340995660559e+00
2.407800073336291646e+01 1.158915300585458219e+01
-2.123628016622140180e+01 -1.074110663329903481e+01
1.821629717448082530e+01 1.823580975845479557e+01
2.777588039515239515e+01 1.262155652746964307e+01
-1.975005783838416207e+01 -2.108224518272979253e+01
2.165569200068591726e+01 6.902671793372037179e+00
-1.511915295822929650e+01 -6.564305818752880661e+00
-1.643826609061823874e+01 -2.020730058116842542e+01
-1.889803859574343292e+01 -2.019495635911728826e+01
2.451278405522442583e+01 6.168990378691985299e+00
1.966980668192125137e+01 8.051468754153697560e+00
2.198415774554547042e+01 2.480827856231923256e+00
-2.311421644778591755e+01 -1.453081526218449326e+01
-2.150752028382281011e+01 -1.220265643071081207e+01
-1.868712369094792081e+01 -1.006354938323643822e+01
-2.249147717290700399e+01 -1.004557736438920834e+01
2.237845529132591338e+01 1.536071262729238107e+01
2.362251202106433112e+01 1.393100988859428213e+01
2.370188942516070085e+01 -9.406907231678394155e+00
-2.517240362542537113e+01 -1.129435002502471264e+01
2.104755144509148579e+01 -4.563732425835882012e+00
-2.846201922643073345e+01 -1.085667895796026627e+01
1.854621270022749613e+01 2.101640633189115448e+01
1.916495199086362078e+01 2.000358444379018152e+01
2.082489360577122639e+01 -1.916558684326906681e+00
-3.356724172217582947e+01 -1.011358830102281559e+01
-2.225650907275674584e+01 -1.805489065237812341e+01
1.910766319230747712e+01 4.554472025164508331e+00
2.093317284285409130e+01 -9.472434765101043652e+00
-3.229040610403094291e+01 -7.483340843737800618e+00
1.442934057421822125e+01 1.997972681824797192e+01
1.281389255613593470e+01 2.022102749149044598e+01
-2.780296779974652566e+01 -1.248918514631454757e+00
1.136707822497413467e+01 2.721223009120076597e+01
1.144608947522907272e+01 2.551585154356438423e+01
1.382130940580110767e+01 1.901699905947843305e+01
1.174541715192987468e+01 1.849773453397610368e+01
-3.206728858524389381e+01 -5.556570219057767268e+00
-2.545960868192185700e+01 -1.747478045871044827e+01
1.333237937115857186e+01 2.244770913177278260e+01
2.254642824121102151e+01 1.923815446778923466e+00
2.313088312999372320e+01 -7.702314727445422449e+00
1.321616271560115585e+01 2.423092545477111415e+01
2.461209365775556890e+01 -6.890745919057795987e+00
-2.637227332413158365e+01 -8.088160153932443919e+00
-2.136107833699075798e+01 -8.053001005454904160e+00
-1.709906615343732383e+01 -6.263376762138604725e+00
-2.525040728263857304e+01 -1.770422902965734480e+01
-2.773380750359949687e+01 -7.810168020713050829e+00
2.592019050156304871e+01 -4.951703642752043777e+00
2.005365729985513212e+01 1.532839117925579409e+01
-2.940427171747980140e+01 -8.470529669965349839e+00
-3.413053823610222537e+01 -9.039219001959560629e+00
-2.986801545141730330e+01 -6.848609449170107055e+00
-3.007375590129947796e+01 -3.873920690294157421e+00
1.337242505118502223e+01 2.152305233465610002e+01
1.768538982291816808e+01 1.861671531276885361e+01
-2.967616354381095078e+01 -6.656080854289984750e+00
-3.119142432531963038e+01 -8.563339929128428452e+00
1.815363497840590057e+01 1.494908853133876647e+01
1.028890309479103848e+01 2.468986589458183545e+01
-2.942936238995530474e+01 -2.015645406197772882e+00
1.859949424859415146e+01 1.463926604261526343e+01
-2.703661982833422783e+01 -4.026479447310462589e+00
1.804052521311589530e+01 1.983342399673720280e+01
-1.883299376658955993e+01 -2.189799463808043711e+01
1.228087512601984166e+01 2.207766712732265546e+01
1.741137768216440662e+01 1.919122548997865607e+01
1.426094165366926703e+01 2.318140025141365967e+01
-1.641865594050642940e+01 -9.395663417411874718e+00
1.600066678403752718e+01 2.054307262229908915e+01
-2.915884277867401053e+01 -3.846606472174830760e+00
-2.781236859779356863e+01 -1.774318811139840246e+00
1.921505865831867865e+01 -5.154254149089998904e+00
-1.661302904292663385e+01 -9.518450020839447134e+00
1.575920695383110903e+01 2.352378924510654912e+01
2.285442910103610004e+01 5.285599629384850395e+00
1.373611981630362600e+01 1.266512516676717759e+01
-2.202604883612394460e+01 -1.908871172646122005e+01
2.364509566066330137e+01 3.770377218582765089e+00
-2.099831112828903557e+01 -2.278547108229335905e+01
1.461402564258387926e+01 1.025179678797029403e+01
2.081468471131180920e+01 -3.041363959628850200e+00
1.475457820865928049e+01 1.887989715708575389e+01
-3.034392650128230429e+01 -9.299594533777010952e+00
1.593647910554914304e+01 2.212295770775034143e+01
2.023976497562365751e+01 5.704200651807908029e-01
2.622874501655209301e+01 4.808314308787387859e+00
-2.003977172096105974e+01 -1.352775398839244581e+01
-1.471899635362859193e+01 -7.505270656716046318e+00
2.472438580290788934e+01 5.239304522802658681e+00
2.096455800851902751e+01 8.623923548535236350e+00
2.405066041834518842e+01 1.703055428981808461e+01
2.705962355536472685e+01 1.511528485490761575e+01
-1.759615982104049436e+01 -5.979862172279120536e+00
-3.106252395407739186e+01 -1.752029227523886945e+01
2.623258552237100361e+01 1.456248664702572704e+01
-2.853649133427670037e+01 -1.428048239019326893e+01
2.599790668636642010e+01 1.658527640514865809e+01
2.705265474609409182e+01 1.347086018594925427e+01
-2.224446630195010854e+01 -2.077467735949505467e+01
-1.878573681615894486e+01 -4.288734243109207256e+00
-3.147919041932894757e+01 -5.082669080219493374e+00
2.162024452915155948e+01 2.022549199997347102e+01
-3.075781642656906101e+01 -4.165470760050215659e+00
2.136457868058908005e+01 -6.305573180457205495e+00
2.504920352306526254e+01 -9.563055465418027978e+00
1.470821673343021985e+01 1.639855892034454499e+01
-2.532597334913168297e+01 -6.148663959930688705e+00
2.299892844233397327e+01 1.820163463705886286e+01
-3.340275886062715216e+01 -4.365237872600618907e+00
1.421340449941618544e+01 2.170892228816589054e+01
2.497946080566051563e+01 -3.874228568787922100e+00
-2.147082507593583856e+01 -1.655143183055027123e+01
2.425201001405842405e+01 -7.756283465797211285e+00
1.060261125814951555e+01 2.021094769814981262e+01
-1.510173475455066772e+01 -1.018253741483764685e+01
-2.425566610638069065e+01 -8.657462814195541867e+00
-2.174902185361171902e+01 -8.221632246307455816e+00
2.362438080421820530e+01 2.731768215023535173e+00
-3.213611148616650581e+01 -1.049883719344791544e+01
-2.390825007062356278e+01 -2.103856645984352269e+01
2.078254800800263524e+01 3.395203407641730564e+00
2.414653304559013236e+01 8.682598552994415186e+00
2.427813213901391620e+01 9.373525921731644672e+00
2.515016906989535173e+01 -5.269284215661473425e+00
-3.012469277641853793e+01 -1.187564593129010682e+01
-2.369206442750122221e+01 -1.342616813584876745e+01
-1.981891900078506907e+01 -1.424576339481999199e+01
-3.144687565357212478e+01 -1.145536406538614926e+01
2.567290293884207486e+01 -8.684415766015479932e+00
1.896199279879138189e+01 6.883203542295515120e+00
-1.806440856193207622e+01 -8.742627895710683106e+00
-3.405591387258593272e+01 -1.156237978691760659e+01
1.943170094631905798e+01 5.817804211766221201e+00
1.406683055943025096e+01 1.625923095506058758e+01
-3.265594312393631071e+01 -1.097726192785934529e+01
-3.016853019048439322e+01 -1.689270634084952150e+01
1.847562965366235588e+01 1.171373663973680657e+01
1.563347516405974424e+01 2.451349893903882204e+01
-2.311511851381232319e+01 -2.003484782472983383e+01
-1.423203526828659982e+01 -7.216073635794281849e+00
2.472117688219515941e+01 1.652643355177177042e+01
-3.184571618003150917e+01 -1.393686119874298690e+01
-3.226089192336541345e+01 -3.826091553860220262e+00
2.166103270230361133e+01 4.315693563969566604e+00
-3.036417671912437299e+01 -1.592340659411566328e+01
-2.904380928413274532e+01 -1.509243635643959003e+01
2.471940952998455288e+01 -1.113038048474548525e+01
2.126946551600683932e+01 1.578532198777433138e+01
-2.894094394586931784e+01 -1.546920223561483532e+01
-2.451375005707847521e+01 -9.248121944904605485e+00
2.079744635410662923e+01 -7.642938833655106734e+00
-2.238870832313942216e+01 -1.563964392741242726e+01
-2.251033763156431533e+01 -5.892578698286684791e+00
-1.897409471231038225e+01 -1.299820011400557540e+01
-2.606851692887174821e+01 -1.168179298060701576e+01
1.814960567339689490e+01 1.309578368168615192e+01
-2.004817972267863979e+01 -7.739351769617667465e+00
-2.014605968922453982e+01 -1.850302363905378655e+01
2.318162444084561002e+01 -1.873426906266309810e+00
2.078028904674249233e+01 7.310285585698030886e+00
2.186062470811157610e+01 -3.949770126476459087e+00
-2.477870435255867676e+01 -1.433124935882931261e+01
1.944370046146269004e+01 -7.595391402347001275e+00
2.228903681974195550e+01 -5.812287369114703672e+00
-2.275462385720272351e+01 -6.236015666291575776e+00
-1.998982571535213992e+01 -1.944275027673571543e+01
2.397796736470059997e+01 -3.707857138495035620e+00
-1.980483635521078511e+01 -1.773520209622514798e+01
2.045801480624000845e+01 4.675903374212256658e+00
2.349767937995012090e+01 -5.190673901508173316e+00
2.421087830277084763e+01 -9.951810565288049304e+00
-2.316548381328711770e+01 -2.130481797430759983e+01
1.947815030736702724e+01 1.863699567746469654e+01
2.155229069263858932e+01 7.508964542392469355e+00
1.106053430573148511e+01 2.497875491642287571e+01
1.817613252747089447e+01 -1.828566449779445158e+00
-3.101114127535721465e+01 -7.366771616061659422e+00
1.116026323998584679e+01 2.663572763045714709e+01
2.087938586310662359e+01 1.901910303486180354e+01
-2.874632967076470891e+01 -4.765939540287876142e+00
1.958341824597178160e+01 1.378467403473802655e+01
