-2.865485340977935280e+01 8.719135408186625469e+00
-5.470555790649435757e+00 6.085552266020926737e+01
3.145192554721602107e+01 -1.444948927288745644e+01
-2.691782078260199285e+01 2.934987136366359195e+01
4.870849401939126011e+01 -6.753424025324893876e+01
1.410291647791977354e+01 2.054313366124449303e+01
-2.755107464681457685e+01 6.527016087638676822e+01
-2.271814686238118774e+00 8.086152276624082091e+00
4.230622517553028672e+01 -4.141403935810876646e+01
2.632605339085575125e+01 3.709049001721378858e+01
5.397770282516160201e+00 3.921286628671251862e+01
1.621142873084567526e+01 5.586040134631321763e+01
5.268286546630330491e+01 -2.081880308579073358e+01
-6.571535961668241832e+00 2.657241313263494220e+01
-1.958961770300296479e+01 4.618891562125848793e+01
-4.892205272402854632e+01 6.374615104366438345e+01
2.211839678512167850e+01 -8.150114225976120963e+01
4.483384097796800916e+01 -1.664329863473163584e+00
6.277609720059329845e+01 -4.464637227868315250e+01
2.729065607291143536e+01 -3.577574724013373242e+01
-4.425242694492273898e+01 2.460361729892037630e+01
1.398291746790601486e+01 -5.368528401290132734e+01
-6.327217438798273008e+01 2.194578917964313902e+01
3.147774439595907481e+01 -5.888413191274969449e+01
1.022405260239500002e+01 -2.711769613571353688e+01
-2.928530681215851583e+00 -5.512160052769934993e+01
-5.860154441334399422e+01 4.183371577493922899e+01
-4.814552918293522055e+01 2.653419406810524794e+00
-3.401108361544044811e+01 -1.423027044738586611e+01
5.414394785953246192e+00 -8.073153685537626245e+01
-3.814516444876176138e+01 4.504292814948770740e+01
