3.468832599593314967e+02 -1.695120651214676002e+02
4.411820794330871536e+02 1.431370222180729570e+02
-1.966447530245239932e+02 -3.958140983251164471e+02
-1.221563022722918959e+02 3.821701788751936419e+02
1.573645446963795393e+02 -4.419183565231302282e+02
-3.933553007998094699e+02 -1.386352832271384727e+02
-1.555016620041481303e+02 6.472169277578890956e+01
2.011185896049297241e+02 4.064511118908773142e+02
1.318838811048482285e+02 1.030882184022196952e+02
-4.237768789552076782e+02 2.135490023924829188e+02
1.300254225740489034e+01 -1.672374233577826317e+02
