-6.265916057501769387e+00 -1.320663774993906259e+01
2.338642705289062373e-01 1.188789933831754730e+01
-9.394136130820115227e+00 -1.697061166230438189e+01
1.224346383910600444e+01 1.798946800629233067e+01
-5.511322945968073483e+00 1.143310790080138339e+01
1.059972587860457693e+01 1.184421455069505491e+01
-8.394071570675885496e+00 -1.384273884190129600e+01
3.696584575002106465e-01 2.801507076241277261e+00
-9.728396239638213316e+00 -2.196580785565771876e+01
2.924352656680356821e-01 1.342054558514114326e+01
1.800041975990599141e+01 6.321642244508386632e+00
7.689985169833002843e+00 1.404091701986615348e+01
-1.075583808136508779e-01 -4.585288741592633777e+00
1.627429546290882101e+01 9.086669460084022987e+00
1.394511566948382253e+01 -7.846067027611532962e-01
2.217319842303286936e+00 1.391651103350225682e+01
3.009236358601372174e+00 4.969748187278101526e+00
-1.656116579338846506e+01 -1.737442388630072898e+01
-3.209381452592221518e+00 1.101843531015476962e+01
7.453016681026639390e+00 -1.641830611703985143e+00
6.980329614001982153e-01 -4.970197650995843652e+00
1.108921929834125564e+01 1.400775612388872204e+01
-4.918802296647283079e+00 -1.069609173823799964e+01
5.688213174788628201e+00 1.705782671907812187e+01
3.010741783692333584e+00 1.950757902141579692e+01
-1.470026270116686540e+01 -1.975788153264106839e+01
4.750012074922480565e+00 1.083458916525167126e+01
5.561323943059695019e+00 -3.172794055594000184e+00
-1.844727016321623836e+01 -1.897632460570989821e+01
-1.525974373333199985e+01 -1.940003586566019322e+01
6.521760338415696800e+00 1.406328404937066701e+01
5.069592428783198379e+00 4.189404702921547319e+00
-6.175908293927437676e+00 6.600515309617700055e+00
-7.168322007978218835e+00 -1.231628797003433284e+01
7.371786641429407538e-01 -1.798726884596615605e+01
1.743668167788167356e+00 -8.715782580713506533e+00
-5.732887827592252350e+00 -8.946441680952286646e+00
1.172801321782153039e+01 8.741899783024457804e+00
5.294003726761360440e+00 7.142618494125209772e+00
-9.510304440690555694e-01 1.011937218338329991e+01
-2.555945797947625664e+00 -1.766523376766126319e+01
2.907825051073203770e+00 1.467931055281143848e+01
-1.461058458618101241e+01 -1.013302267846975546e+01
1.622264697356020235e+01 6.769470834471956522e+00
9.448328277648665008e+00 4.993750493774341770e+00
4.046943988720018148e-01 1.290481278195503556e+01
-1.067164328988904387e+01 -1.211564875140042652e+01
-8.644264120421052411e+00 -2.033284300011322543e+01
1.148727315784976710e+01 1.102884117513795381e+01
-2.750284936507439326e+00 1.527921544183785585e+01
-1.364522356116995638e+01 -1.077873296779873513e+01
9.396305454707453819e+00 3.241851242492150398e+00
1.576312342197793015e+01 1.289722064580790928e+01
3.264515712356999444e+00 4.580599937555276946e-01
1.983339232377231554e+01 9.881356920990834070e+00
9.042197397477004017e+00 1.031186239072423838e+01
1.736416796897465886e+01 9.065873051065201693e+00
1.299975071086323375e+01 1.351665973364506890e+01
-1.118188724112894405e+01 -7.742063320981776187e+00
-7.382394809105504718e-01 -8.079716619146914525e+00
1.798275956663937691e+01 1.474355975411465991e+01
-5.628153654910255987e+00 1.757815345909089544e+01
-9.278227698505583376e+00 1.644236315281217742e+01
6.816962204839206230e+00 1.593067546792701883e+01
-7.875932631355401448e+00 1.089553377877707163e+01
-8.477344219213700072e+00 -6.498727420859747639e+00
-4.020420057390289514e+00 -9.790504536536825952e+00
3.031683614206514221e+00 -7.946370840330505558e+00
-9.707300509512424291e-01 -8.457428982941172180e+00
-9.362547251608496879e+00 -1.263082551290329469e+01
-7.501135233735309327e-02 1.521866271540771010e+01
4.900641824912368882e+00 3.612729685290855031e+00
-2.492078864728026311e+00 -1.135472550579228646e+01
-1.047440205904301891e+01 -1.498085384301134404e+01
-1.656439369472209933e+01 -9.684998449374621288e+00
-1.540387132058048181e+01 -7.715323644298254457e+00
7.709364193276052823e+00 5.442823120551729232e+00
1.414922445701088094e+01 1.618014579040145762e+01
-1.232859149026153567e+01 -1.011034078829239213e+01
-8.623569595461724191e+00 -1.024284569232012387e+01
6.277586664715258280e+00 9.684583638414267170e+00
6.760596107396779963e+00 1.958754110709612917e+00
7.280870844880191761e+00 -9.792048476043897054e+00
4.181403398054127862e+00 7.183961340321840083e+00
3.150404588362901048e+00 -1.417093410896866068e+01
1.112027907527443027e+01 1.310493148549007003e+01
-1.205297421321655271e+01 -2.154280751236195002e+01
7.275637630469052652e+00 4.850189308499523122e+00
1.653115396402577986e+01 1.437626632587140563e+01
1.596895806888743152e+01 1.230533514139516349e+01
-3.187774883687080951e+00 -4.754782517209243942e+00
9.215546887045420021e+00 3.946300969961447080e+00
1.795083829181297386e+00 -1.390046614561273586e+01
4.600266372525588565e+00 -1.430025582263474071e+01
-2.223845506761763069e+00 1.755168159537214123e+01
4.011822119324089941e-01 -1.172577443346178327e+01
7.062901688716475057e+00 2.771572579907582323e+00
3.853592715432835547e+00 9.074559667019185483e+00
1.371916773956279023e+01 4.216775294162729004e+00
-1.086739474833441044e+01 -1.862826127789068309e+01
3.717323921382631902e+00 1.254905280639780685e+01
-4.885751989093099823e+00 -2.431978735077513498e-01
8.382294750390611782e+00 1.125786717255474478e+01
5.436241774268668614e-01 1.611928169088040619e+01
8.044907805549483371e+00 6.945478264194967721e+00
-8.351341483118529752e+00 -1.587426287258717394e+01
1.124153101091697948e+01 8.974923866064381528e-01
1.139914211482165429e+00 9.276174734366971819e+00
-5.179379154762767001e+00 1.908174690638190185e+01
-6.307123051247875090e+00 -1.711180495956402936e+01
-4.344031313923515825e+00 -2.846637370642667975e+00
1.030269910992711324e+01 -2.607948675796413873e+00
2.238693006784522765e+00 6.422129357314165787e+00
6.093817936613261210e+00 7.674745242538623557e+00
-7.145560609133467800e-01 5.921026090432634170e+00
-5.877869601753524798e+00 -6.260948154510137975e+00
-1.786812450270947394e+01 -1.372504806587549808e+01
7.236462553206617798e+00 2.082845332113658543e+01
-7.843527442115089343e+00 -1.979162491052978723e+01
2.860529117086473949e+00 3.606738823496608681e+00
-6.583837871879190395e-02 4.821096206567719200e+00
-1.464633781072304508e+01 -2.107580356132373112e+01
-9.405094379982715580e+00 4.947970917564449289e-01
-1.329077543116383531e+01 -6.825977337575902304e+00
1.126861637605322386e+01 5.991367417781923166e+00
-1.566800867704229816e+01 -9.648880029719563822e+00
-2.614141960715353541e+00 7.773035034961869982e+00
-5.517465894187509434e+00 1.357549391109251147e+01
6.616535171924725844e+00 -1.665555068960374641e+00
-1.345545317867740032e+01 -5.064857752360399701e+00
1.306595436645226016e+01 8.822372168408124438e+00
-1.027519618953038183e+01 -1.025411611103089093e+01
1.335726314277741622e+01 6.513528565527622050e+00
1.794579501483851702e+00 1.748240246297671519e+01
-7.160319073242694010e+00 -3.320439232615949976e+00
-1.705269229553808774e+00 1.333252202016875820e+01
1.481401221979584548e+01 2.428858835385483417e+00
-1.030823428282092058e+00 -2.320835363308987098e+00
-7.398213102200744906e+00 -8.473442359914070465e+00
-2.874723529014048040e+00 -7.447112721185755291e+00
1.282510325849161248e+00 7.695520042743671851e+00
-1.323515187167890694e+01 -1.376412926751828358e+01
-1.513620893240045540e+01 -1.241893819105813712e+01
2.365869847069484777e+00 1.022073775872565093e+01
1.578786371290861545e+01 9.805517539376962688e+00
1.104763001067359163e+01 1.482192951789345514e+01
-7.402586327513725806e+00 9.618598014592846468e+00
5.340971257755728896e-01 -1.332380965372439796e+01
-4.872300775460274735e+00 -1.479659881170983127e+01
-5.081610005964317445e+00 -1.760222987104151571e+01
-9.528238952928395733e+00 -1.490089076738867924e+01
1.883515808734870589e+01 1.449455868123999958e+00
9.584925081501278754e+00 1.623934715422761244e+01
-3.998906828570354843e+00 -4.091591527391199357e+00
-1.283378752986605065e+01 -1.449610145604355083e+01
9.431164095708634676e+00 1.769554727783630454e+01
9.027419326186899795e+00 1.427038461824488014e+00
-1.188017793656739052e+01 -1.223605618606823064e+01
-1.694192124644561304e+01 -1.592943900077329289e+01
1.107581875808075011e+01 3.058831906915558285e+00
1.370363580788078295e+01 1.060033897218591115e+01
-1.275518785200901206e+01 -1.749370948780007851e+01
3.513398099021813881e+00 -6.100374361781370602e+00
3.292894180973288343e+00 1.916356721903363258e+00
-3.662101112230436772e+00 -2.114674827545046298e+01
-1.359068479370738025e+01 -7.498801656223278655e+00
2.415200405345644619e+00 1.122933222024819244e+01
-4.768496806834630952e+00 -2.179692555655635289e+01
-4.639688803632371794e+00 -2.300753809549151185e+01
-7.427310744386115715e+00 1.444954428705448812e+01
1.129986216264435939e+01 4.945515628126843310e+00
-6.970996989298687829e+00 -2.397075187737972968e+01
-6.264308946955939206e+00 -8.288031359944570298e+00
-3.694007142625503448e+00 1.441172991767723666e+01
-6.570644597327832237e+00 -1.568976997800921325e+01
-1.210079197169219789e+01 -2.402775612039712350e+00
-2.317621484146454858e+00 -6.837371550454949265e+00
-1.398796480977068235e+01 -1.509691636139374005e+01
6.528200154168509073e+00 1.098653821369062200e+01
-2.016384258137696062e+00 -2.854844121572640780e+00
-1.650396049098804996e+00 -1.834663523870450419e+01
-3.771738051615349363e+00 9.843610427529609908e+00
1.008681634789825843e+01 8.777083764459407078e+00
-2.487831334519380100e+00 1.598006736343614165e+01
-6.384417543582571852e+00 -2.026080426445307836e+01
-2.349006308634359330e-01 2.012249399637877190e+01
-3.306583861343415975e+00 4.663480608246550752e+00
-4.794771564955876642e+00 -1.177843443368081822e+01
-7.739091442570854795e+00 -1.693557264410526386e+01
-5.525520624923840884e+00 1.663852665000235120e+01
-7.273101025098882566e-01 -1.896451238924049321e+01
5.538140768574322692e+00 1.377407612187799835e+01
-4.242924823460935357e+00 1.144341742684039254e+01
-9.382686379543857313e+00 1.617150617634439413e+01
-1.345854394993235736e+01 -1.707436815856695844e+01
7.676505849420437677e+00 7.966882071115799491e+00
-1.838809850639546273e+00 8.053604148191009671e+00
1.350797662900762930e+01 9.095005673046255623e+00
-6.217080667369108138e-01 1.704128185224256242e+00
-2.220081350564760303e+00 -1.541068560091981787e+01
1.602766468873985417e+01 5.028498565700090239e+00
1.425076897429968703e+01 5.740829311874204421e+00
-1.232301656008834279e+01 -8.300448412164406875e+00
1.042622636612490616e+01 7.276780375470609741e+00
