-2.528234708263502029e+01 3.643860367806116329e+00
2.327398592085174300e+01 9.103670340656602633e+00
-3.021371435970425168e+01 6.547389562058179457e+00
1.847266994268237639e+01 -2.093873886160523057e+01
2.258450280168804980e+01 6.527716057772168234e+00
1.937352739232932919e+01 -2.346265066002681010e+01
-2.908021813245384735e+01 7.222213817995642771e+00
2.156292552043131039e+01 -6.909548394648258096e+00
-2.511060426581295957e+01 2.253723935192529026e+01
2.020072290998466968e+01 1.520853935020247860e+01
2.101113469274391932e+01 4.216542574612931915e+00
2.194598500952729481e+01 -1.089257192479742287e+01
2.762596817875257571e+01 -1.328176356676568126e+01
-2.096814341526325265e+01 4.322537382664887851e+00
-2.707043627308205558e+01 2.086326860096958669e+01
2.607523482908984391e+01 -1.658487076567476848e+01
2.017517662505918707e+01 5.558360857189869719e+00
2.082168290003232514e+01 -1.254827213834974309e+01
2.141677215450231131e+01 6.737417146725691808e+00
1.754454382199502405e+01 -1.154438984168644211e+01
-3.096492394269586867e+01 2.101686420323598625e+01
2.053369298176180280e+01 8.630026761214798503e-01
2.275270214053219320e+01 1.577147055414154941e+01
2.293624390965229409e+01 -1.793554644254040875e+00
-3.818468554117823288e+01 6.381611253521450422e+00
-2.093250576469862523e+01 3.206560482838351600e+00
2.374732381225637212e+01 -1.152398977356249787e+01
-2.077550458697385238e+01 9.107530413421502047e+00
2.000763065338707136e+01 -1.797074027938610996e+01
1.273805351165594324e+01 -1.361148918995540580e-01
-2.812469982447807482e+01 1.741167085845242113e+01
2.583464305537897943e+01 -4.998960937806679716e+00
-1.426998755612157055e+01 2.232113086431848359e+00
-1.460431266743708889e+01 8.660501878591380986e+00
-2.363209398560000807e+01 2.089354769509925447e+01
-2.931384287679405531e+01 1.868370658047874144e+01
2.495635777805361499e+01 -4.414104084924899696e-01
2.228679361223794331e+01 -5.508341924737304218e+00
2.041847761124936866e+01 -8.480723048503687744e-01
-2.559150899611574559e+01 1.191163301637604022e+01
-3.433910424991891119e+01 1.836574380657917160e+01
-1.918176136017525124e+01 6.968048341503758181e+00
-1.996866297967462600e+01 8.400853840179564713e+00
2.459389819705124935e+01 -1.667628316510716857e+01
2.710805490124938544e+01 -1.434879162428260990e+01
2.410354760031171750e+01 1.278544565324332893e+01
-2.662015773390166373e+01 5.970165777163370713e+00
1.902941897472451771e+01 3.809122529147462632e+00
1.890392186095016314e+01 9.603557749574674673e+00
-3.323348426875922712e+01 7.956571795281996096e+00
-3.101002878108137395e+01 1.909912248205492347e+01
-2.864343918231156039e+01 2.160536552543489819e+01
2.435676865479566899e+01 -2.139806335305416241e+01
2.236160494843380775e+01 -1.890480591790023723e+01
2.257614579695301060e+01 2.336201912252811486e+00
-3.502532146334333873e+01 5.691199469019289303e+00
1.844907913083568474e+01 6.586601135166670673e+00
-2.543897912392239391e+01 1.956636194574369014e+01
-3.266301195040411187e+01 1.517380878991724380e+01
1.721831346462820989e+01 -4.618727736780558146e+00
2.112057404410635542e+01 1.049480547060251823e+01
-3.399876335386796455e+01 3.706096568146044934e+00
2.228423786512352223e+01 -2.341383191295382815e+01
1.795084410674373032e+01 -2.389035140554181424e+01
-2.490846267866423958e+01 -2.089049407434052430e+00
2.038433063366428755e+01 -2.948343656245255673e+01
1.872989387373972647e+01 -2.809099416604061972e+01
1.968081465973247290e+01 -8.651805328933580341e+00
1.657917755254177195e+01 -2.109411806753929142e+01
2.633924004862883805e+01 8.626628994523777294e+00
1.758289256668030021e+01 8.139189344736866616e+00
1.975557251227273881e+01 -1.990938564882228690e+01
-3.289748363914436169e+01 -1.030512302722067730e+00
-1.779910735195802474e+01 1.100362170916676874e+01
2.482633264666600681e+01 -2.707921045833251483e+01
1.803191426636551498e+01 6.627078293668750009e-01
2.111512679170004247e+01 9.532946315744435850e+00
-2.847185795166478783e+01 -1.883579348963027034e+00
1.911377309862892560e+01 -2.205794015982177214e+01
1.699694538645050201e+01 1.005191176218946403e+01
-2.647370542209732136e+01 2.717183497558239846e+00
-2.259855100080152113e+01 1.499047755997561016e+00
-2.261904941242320888e+01 6.934698760977825671e+00
-1.711312628064907315e+01 2.114317505002211828e+00
-1.715661802332076391e+01 1.211480618043382229e+01
-2.690029421330580561e+01 3.904913186657991364e+00
1.726824105184697800e+01 -1.911741086524790845e+01
2.038003328740534670e+01 7.617082420721083658e+00
2.057484252986098738e+01 -1.545365448226951166e+01
-3.065756204034073917e+01 4.882153760651068097e+00
-3.307796273953629651e+01 6.093650777959545906e+00
-3.142799248621684072e+01 2.916778041812570166e+00
-3.088005753983666679e+01 -2.224731094719932134e+00
2.069089154902865957e+01 -2.126038233494020346e+01
2.207037037811626590e+01 -2.001888223198217176e+01
2.612876423550100924e+01 1.236589484698567709e+01
-3.192692068262954308e+01 2.495484452453405222e+00
-3.136698021173118534e+01 6.440059401937478611e+00
1.849824183037741676e+01 -1.475168508767567843e+01
1.930921022197991022e+01 -2.646102791711154367e+01
-2.653251633220308037e+01 -2.577184811996088953e+00
1.739387042394809413e+01 -1.407881328734519677e+01
-2.637000323425509052e+01 -5.138001124733262426e-01
2.281195294252366068e+01 -2.095532222670215816e+01
-2.827904491170455259e+01 1.946059738199438982e+01
2.201533449531578768e+01 -2.424651001843688647e+01
1.916014365467691505e+01 -1.576503439037839627e+01
1.997396033133637516e+01 -2.437897574019350344e+01
-1.719669866695864258e+01 5.914794171963539959e+00
2.220328141640044350e+01 -2.201423941028770770e+01
-3.104205743914699056e+01 -2.872412151648443768e+00
-2.611881290628630481e+01 -1.285542232002220731e+00
2.763443538544460409e+01 5.811427631929810822e+00
-1.732406122165980022e+01 5.700472457861656572e+00
2.257668865307710604e+01 -2.555050345910822784e+01
2.225653768386675679e+01 -4.319500520242990582e+00
2.853702714184836964e+01 -1.749085681532621095e+01
-2.494934705286232202e+01 1.939633215335611283e+01
1.841886095141563118e+01 -3.175846639566186180e+00
-1.801289624855411375e+01 1.414348382830486095e+01
2.170538326173932120e+01 -2.156955877038675951e+01
2.077676214847147307e+01 -2.664795227058885274e+01
-2.521168442920741271e+01 1.688703355534126160e+01
1.556560186307346250e+01 -6.438509117300421636e+00
2.583205300977253316e+01 4.958428358250515977e+00
2.581241379656266943e+01 -2.190361341904177550e+01
-3.047432362627514024e+01 3.218164395401249323e+00
2.405244553283965203e+01 -2.476418924251358078e+01
2.229968891174890899e+01 6.924112018666467305e-02
-1.804392743745771099e+01 1.342451310531683717e+01
3.098380938296524434e+01 -1.014702926013956841e+01
-2.109265821908054406e+01 1.409316869123976090e+01
-1.471673008024659524e+01 4.180915691150672409e+00
2.884531965810611354e+01 -3.929296221369743325e+00
2.253671203391939670e+01 -9.113057945010575978e+00
1.622667580280435118e+01 -1.772160004568600655e+01
2.452854068570358947e+01 7.068719045824103375e-01
1.432256271378257217e+01 -1.564260273752373287e+01
-1.745518530666602786e+01 1.845099705966479098e+00
-2.886555052869398708e+01 1.400843616975125450e+01
2.744831148104326601e+01 -9.364175030361147734e+00
-3.719255906229638242e+01 1.113111665837184638e+01
2.411056785289381921e+01 -1.332883556524257429e+01
-3.420907372722898288e+01 1.150175925778994923e+01
1.557498473276456075e+01 -1.631205853235035619e+01
-3.318851928398795081e+01 9.776705063264884643e+00
2.486841194404957989e+01 -1.041800051349535039e+01
-2.805198452333763370e+01 1.604134373647108802e+01
-2.127917742896369546e+01 1.937746268218740298e+00
-3.217728426715090961e+01 -7.211972517743997502e-01
2.693204479316052513e+01 -2.459252880709916411e+01
-3.075692296682153781e+01 -1.108483842380272311e+00
2.469201416159760498e+01 9.667959529950682196e+00
2.305997220169674122e+01 1.093862332666350135e+01
-2.944552869458225075e+01 5.328436222032993941e-01
2.683423424367906662e+01 -1.958584133026289464e+01
-2.755557429141973458e+01 8.234465255360397862e+00
2.010898728810546388e+01 -5.989999773900860802e+00
1.903560313992375086e+01 -1.811352329186441779e+01
-3.509243255491794855e+01 7.846301430111485287e-02
2.606310661217362323e+01 -1.607912958504073231e+01
2.368056197020562337e+01 -2.304941190523347316e+01
2.498647856300511094e+01 2.667594156327920185e+00
-2.456355244430958606e+01 1.688095689455949611e+01
2.312846606194269228e+01 1.159948937284401005e+01
-2.652103895849480253e+01 2.146084130672965529e+01
1.532645336820484516e+01 -2.317030419268197505e+01
-1.910926921659424949e+01 4.801548163063213082e+00
-2.561491577527982599e+01 4.313336078102440574e+00
-2.248717098764406686e+01 7.124867152840840490e+00
1.944348283824519541e+01 -1.515622138359478344e+00
-2.835271185492246815e+01 2.912309589202255466e+00
2.408878701547526191e+01 4.838714852608353212e+00
-2.800344053785430987e+01 1.464421540812911893e+01
1.792032999238549706e+01 -9.243403701498621672e+00
1.948806631131158085e+01 8.725600022088714880e+00
2.298083324862654564e+01 -3.238285879946525281e+00
-3.263234543825937095e+01 1.437673533673466508e+01
1.835869464336206391e+01 -7.137668099519970610e+00
2.787747572173138622e+01 -1.009900031372258233e+01
2.797093290637932483e+01 -1.106715495660566617e+01
2.301169036908549970e+01 1.302709519141042627e+01
1.806760534100849469e+01 7.488705465736241962e+00
-3.047417209065736898e+01 9.643515349071725140e+00
-2.664651853057650044e+01 9.999429354108448464e+00
2.337530555201337634e+01 -5.287497390414617193e+00
-3.157635358848563456e+01 1.956707957546680632e+01
-2.091589573189428819e+01 1.575850309170583685e+01
-3.529468865329997840e+01 8.081563524674416854e+00
1.968537522388609773e+01 1.204494621629374329e+01
2.028914080211758986e+01 -5.098754911825700731e+00
-1.527279280107422110e+01 6.985395667925591745e+00
-3.790777045395583400e+01 6.116672432980797325e+00
1.849002112674636678e+01 -5.465495695154072742e+00
1.977944426233453612e+01 -1.023996182773418440e+01
-3.521110583141175709e+01 7.168006795009428167e+00
-3.603404394774153019e+01 1.362167516258618427e+01
2.424580352426802676e+01 -7.192475734992393122e+00
2.064780873168927400e+01 -2.295743957599858831e+01
-2.647461882658501153e+01 1.547171377163292760e+01
-2.430510355439769654e+01 1.040217299447640009e+01
-1.481674266091656733e+01 2.912211558475106710e+00
2.301215906417368373e+01 -1.366212655685672495e+01
-3.756060829860599881e+01 1.348757608143520059e+01
-3.188740933202301875e+01 1.238617354260340164e+01
2.460202523500494820e+01 6.235783071331073124e+00
-3.321561302921659831e+01 2.724186251767645173e-01
-2.650572524057834656e+01 9.068918132130800558e+00
2.550382531252195406e+01 -2.580458060057469805e+00
-3.444213213124622541e+01 1.492783198321945370e+01
-3.444005156176924487e+01 1.265600057664360278e+01
2.456490591664421430e+01 -1.244090639287776057e+01
2.211956922009966320e+01 1.456442880560100939e+01
2.209264070925004120e+01 -1.666229584237622419e+01
-3.563679910441163656e+01 1.304329963177071861e+01
-2.289476916608558810e+01 5.297975551725421006e+00
-2.571796346329197647e+01 5.268945271779305273e+00
-2.958707895042938674e+01 1.164675652515038529e+01
2.587375102453921372e+01 5.844940260154182887e+00
-2.377206257939846878e+01 1.567132436740995161e+01
-2.455760448693994746e+01 7.917498724897421347e+00
-2.006017786307658213e+01 1.362846081345350946e+01
-2.794005216189316698e+01 5.064220716910924125e+00
1.908870456098121338e+01 -1.237104031715483110e+01
-2.211249817315370692e+01 4.630602684229035759e+00
-3.193115833872356646e+01 1.656097602311948691e+01
2.558510893038532785e+01 1.610239882646174348e+00
2.487624045220768565e+01 -3.810399337173147494e+00
2.222558818665009639e+01 4.762701691459066744e+00
-2.476110263090037833e+01 1.250133693024358550e+01
2.237789380599929245e+01 5.858205885729586448e+00
2.643878038554419874e+01 1.162053151944902041e+01
-1.509552481044606154e+01 7.771202304256825677e+00
2.313803783798130453e+01 7.815174022405702914e+00
2.684459235934030019e+01 7.288789359242443533e-01
-2.430999123899442793e+01 8.095085336221018224e+00
-2.997991362508667734e+01 1.776488676983462867e+01
2.563217543469354709e+01 7.674537812776904389e+00
-3.200419658354024222e+01 1.784017767068927895e+01
1.833612399331802223e+01 -4.452894263898582672e+00
1.820959044398206572e+01 4.832577911940640014e+00
2.170976006360161392e+01 1.330379160482143064e+01
-2.799772498912620122e+01 1.514416466846870790e+01
2.115849045484289448e+01 -1.973624780427572745e+01
2.131206521167827717e+01 -3.336645766820049541e+00
2.490683387820089933e+01 -4.686465874128737497e+00
2.173758186306386975e+01 -2.739219483723752191e+01
-3.390235901150660425e+01 1.217740815155043510e+00
1.873663334866660080e+01 1.567016926808233812e+01
-3.210138624357551862e+01 4.294063616443014375e+00
1.947758853523533062e+01 -2.754008221080244212e+01
2.183882604513414449e+01 -2.870191739136056697e+01
2.425485238454420767e+01 -1.932900829232710294e+01
-3.121518336041734187e+01 1.492719326424430060e+00
2.089069509581252149e+01 -1.385479980762066532e+01
