-2.063698357045431919e+01 -1.349678280516863893e+01
2.146584906335962017e+01 -1.621175916626490521e-01
-2.137369693665336357e+01 -1.565224903973386361e+01
1.427284724050860554e+01 2.426097939258218261e+01
2.199656873955508729e+01 5.562825634818574727e+00
6.366063939586942944e+00 2.124921071707237274e+01
-2.889025380409320576e+01 -1.846536145072087365e+01
1.253665460590142544e+01 6.775404141551527815e+00
-1.225102839214054917e+01 -2.503492101777934309e+01
2.183376039583492201e+01 1.757256129043829773e+00
1.351187226507675021e+01 1.731455876829410201e+01
1.047884041670965871e+01 1.275851898005437945e+01
-1.219374164957254614e+01 -1.084286138223344587e+01
1.800741962891166636e+01 1.506117364192835595e+01
9.914325771118695840e+00 1.571753785047541108e+01
2.415005897654638645e+01 2.690519159229280088e+00
1.070490504572426183e+01 1.908228034427720488e+01
-1.725049597731572604e+01 -2.510463353921912244e+01
1.960020970522757722e+01 6.502301722616340207e+00
1.785214242661030681e+01 3.861562527850865401e+00
-1.237083532523864449e+01 -9.814344803750017832e+00
1.196862253398430731e+01 1.241176018841430917e+01
-1.755069160240056902e+01 -1.259301910495760168e+01
9.208904430815270103e+00 2.053301704085778923e+01
5.900312099766780172e+00 1.117204152513619775e+01
-1.369108650307692265e+01 -2.339068854354743010e+01
1.578608785673991832e+01 9.826951549093081439e+00
-9.861806451025014297e+00 -5.691954931334467283e+00
-1.135424876668575855e+01 -2.511514884577758622e+01
-1.361429161831794943e+01 -2.456833933312960738e+01
1.648359366036955365e+01 5.597270732589707976e+00
1.471565069432973871e+01 1.181957728408084662e+01
1.906311841375489990e+01 9.272219580266797934e+00
-1.899924003613283929e+01 -2.097666127705397088e+01
-1.943172307565892964e+01 -2.314358197557358210e+01
-1.420396289310940396e+01 -1.009551271514594717e+01
-1.729705863982556835e+01 -1.335137350466785122e+01
1.042090789818771768e+01 1.377483645565775738e+01
9.069507250295702150e+00 1.255621987795507088e+01
2.284716129286770325e+01 -3.989699329832737007e+00
-1.730244356864541189e+01 -1.515729108732387154e+01
2.249071528518836871e+01 2.534838358678974668e+00
-2.528389260159565666e+01 -1.640150084545153675e+01
1.076351201162384719e+01 2.027550836623505859e+01
1.108861010989384965e+01 2.121355487461698530e+01
2.065830794078985377e+01 3.715284204827030479e+00
-2.316268884356071212e+01 -1.782053281007206635e+01
-1.681453087754778863e+01 -2.082274673084910432e+01
1.863379522701505309e+01 1.255670463714436202e+01
1.816773145641871423e+01 -5.007347966886784851e-01
-2.343987864572940438e+01 -1.404759059342259597e+01
1.045727341782571429e+01 2.333288791729230738e+01
1.194545460775387724e+01 2.441695544998610856e+01
-2.869723354161279616e+01 -9.067176925601888371e+00
8.229578665666357651e+00 3.051828970110946315e+01
8.097813518296090862e+00 2.886313577563242916e+01
1.281967851198876929e+01 2.165023458941876555e+01
1.467961741486650595e+01 2.174204064664847635e+01
-2.432044703219693460e+01 -1.280628946149668401e+01
-1.072421805288312946e+01 -1.407353550526563168e+01
7.968287132567204445e+00 2.451979797036367970e+01
2.041776125640592809e+01 7.911945921882252541e+00
2.178991477694747303e+01 -1.158384243779645884e+00
1.064288714172922745e+01 2.698238355348370732e+01
2.013117477725171867e+01 -1.449954453467995119e+00
-2.093357349598182893e+01 -1.303610831561770667e+01
-1.268312309179734854e+01 -1.357073109285178347e+01
-1.353748341037714553e+01 -7.759908374086560201e+00
-1.018090327331991318e+01 -1.445186833670979887e+01
-2.482050213907208658e+01 -1.517219754029244783e+01
2.482892040648812326e+01 2.227329502419254648e-01
1.100750633571468917e+01 1.660260132059384119e+01
-2.294878016570133283e+01 -1.249912786257459629e+01
-2.450181117061389813e+01 -1.784357526485299772e+01
-2.569184305915460342e+01 -1.467076188348183408e+01
-2.705837683194039656e+01 -1.152267946294091416e+01
8.401524441318333203e+00 2.369498258226367327e+01
9.908320298876802212e+00 2.079731125911461120e+01
-2.621751428831004560e+01 -1.470767928040355521e+01
-2.251290659614959111e+01 -1.422297763796673031e+01
1.398978051411429036e+01 1.521747616145052184e+01
8.573334925381356442e+00 2.817878203839610762e+01
-2.872344994563705001e+01 -1.074565675202652493e+01
1.261576730413470138e+01 1.523793628342312090e+01
-2.680313079289335576e+01 -1.025002208868664866e+01
7.329729689779240331e+00 2.292671656500907318e+01
-1.430479013262781152e+01 -2.571476715577787786e+01
8.464108759570702745e+00 2.579219681929876629e+01
7.856226587034040421e+00 2.210875171760024216e+01
1.184002766677206431e+01 2.519401438582415409e+01
-9.647380294731428663e+00 -1.025395640944324427e+01
9.172597025451233677e+00 2.209215863858507234e+01
-2.786169102014118693e+01 -1.237698499134460484e+01
-2.791815204888758473e+01 -9.742880217828076894e+00
2.020054375721521112e+01 -3.728695095667367898e+00
-9.533808885127427857e+00 -1.054683043587323610e+01
1.047787219484180987e+01 2.487192277453903344e+01
1.776781621291107882e+01 7.872727492430376728e+00
1.807702912850603028e+01 1.626258190867649489e+01
-1.526879927092354094e+01 -2.096965908618126306e+01
2.081545977771039091e+01 1.220345591787422812e+01
-1.707824739906312672e+01 -9.250219156536463316e+00
1.895016145429688592e+01 1.699916836750971427e+01
1.907172132145916166e+01 2.970218099601214412e+00
1.151210883379059169e+01 2.297562758885546330e+01
-2.683021407515318302e+01 -1.655259723343971601e+01
6.069590743332792471e+00 2.433374250626143365e+01
1.909313342912214040e+01 5.280255499179273393e+00
2.303851313081466046e+01 1.459723692408879003e+01
-1.535866792317211349e+01 -1.198023911603825553e+01
-1.068213759912863026e+01 -5.943813554743741179e+00
2.232003699855206946e+01 1.031529338242784988e+01
1.407229417122783488e+01 1.074170070838058066e+01
7.117004711684628226e+00 1.539853265209988287e+01
8.919462668071444611e+00 9.559086866330579468e+00
-1.265489755559035956e+01 -7.792632107359012572e+00
-2.238506963144249440e+01 -2.422289252531331627e+01
7.011104729576860706e+00 1.199954296974749823e+01
-2.437432000114469943e+01 -2.268637534810800105e+01
1.228591297306829233e+01 1.030362079582552859e+01
8.356619322629152080e+00 1.022814187302099853e+01
-1.387375596364503139e+01 -2.095871907427983416e+01
-1.177681603319693160e+01 -8.628277635640833054e+00
-2.499017777788218808e+01 -1.185150525262211652e+01
5.645049718387353366e+00 1.900805737061402567e+01
-2.606122774976750023e+01 -1.223969932595490029e+01
1.945478393723655941e+01 1.868948290391417633e+00
2.425377770201862759e+01 -3.208510742103809488e+00
1.441667740700716394e+01 1.852458216777884559e+01
-2.739074556816802541e+01 -2.001093740565613643e+01
6.906641969295445271e+00 1.638558395517450705e+01
-2.407277526744649165e+01 -9.928674581300587221e+00
9.135658992031590486e+00 2.436910295458450193e+01
2.542998811172819273e+01 -5.684441301951857067e-02
-1.630177381472281084e+01 -2.214599483689129755e+01
2.162729709327426519e+01 -2.566409672161025668e+00
1.482136391202564418e+01 2.454388481012721002e+01
-7.585857103284419090e+00 -9.533870648422549721e+00
-1.938303717418903815e+01 -1.193119418386432251e+01
-1.350829820312102036e+01 -1.409842070393722757e+01
2.107611291070822546e+01 1.071120050149965053e+01
-2.193199785772229049e+01 -1.669286204783669803e+01
-1.344948989894412428e+01 -1.945419869179896466e+01
1.858361223633653125e+01 8.479428886424493328e+00
2.086400267494915894e+01 1.344963297463208640e+01
2.065074683493262953e+01 1.381116549300056562e+01
2.478131800516379712e+01 1.805275052348342957e+00
-2.009461548152554400e+01 -1.713887776893519543e+01
-1.834716900025310693e+01 -1.569189853852678596e+01
-1.497275890406873700e+01 -1.294182728794438830e+01
-1.950458281959226525e+01 -1.863984832704304750e+01
2.339725839136795216e+01 -1.758062469216301604e+00
1.480598130470094809e+01 1.304827619084164070e+01
-1.531125462093018186e+01 -9.258097014862869401e+00
-2.203206654666519171e+01 -1.984074772279537058e+01
1.587176137441946189e+01 1.114793667501696639e+01
1.262923779302038341e+01 2.335944968592259485e+01
-2.193588647525511348e+01 -1.817146213117732501e+01
-2.222279746855479132e+01 -2.304061023254534746e+01
1.410684786581184191e+01 1.676422253044933086e+01
1.288096372270789836e+01 2.711874014190764370e+01
-1.481165041810214333e+01 -2.022377605909804643e+01
-1.135554260202663279e+01 -6.028953495935957640e+00
6.734361129779960820e+00 1.402436065383257890e+01
-2.457698493384778970e+01 -2.041137185974201174e+01
-2.447055376256911785e+01 -1.104853294141090281e+01
1.962638727804331751e+01 1.087512359725710631e+01
-2.376607847153522712e+01 -2.400437262294140339e+01
-2.512985103071916271e+01 -2.373058437158825029e+01
2.577652998769609738e+01 -3.102695724712260184e+00
1.059922588181822256e+01 1.486340871704786437e+01
-2.497492569202590929e+01 -2.316183567383945885e+01
-1.912532264984760033e+01 -1.337614641027944273e+01
2.048817992896237428e+01 2.258940425841643229e+00
-1.862786524532832289e+01 -2.067359237284998486e+01
-1.367584834367906232e+01 -1.537943164195442236e+01
-1.567451536888068553e+01 -1.094874050122594511e+01
-2.129603682465289083e+01 -1.019623504268673742e+01
1.472701760096171597e+01 1.435301243486770062e+01
-1.096215979639757876e+01 -1.149428898367504814e+01
-1.841504922518458187e+01 -2.378061922793066785e+01
2.101874455106856843e+01 4.712926226041544986e+00
1.651092497080110277e+01 9.161102318652995180e+00
2.179328723906036203e+01 3.252056328109306893e+00
-1.767825487641984239e+01 -1.834007048082314739e+01
2.411119832232864724e+01 4.866661731952265590e+00
2.035512116539113592e+01 7.647434058470189422e-01
-1.419535095433514194e+01 -1.579654459711056624e+01
-1.446910077082549151e+01 -2.381356980676803303e+01
2.262046090545055677e+01 7.015416753425629537e-02
-1.753733213239397060e+01 -2.403268753039688477e+01
1.854444727746806976e+01 1.146455469059797494e+01
2.330570925079286937e+01 1.486888205201404523e+00
2.316440595014378445e+01 -3.783282764002162679e+00
-1.352104276137990091e+01 -1.995393520853236424e+01
7.369607348777669209e+00 2.102998914520123463e+01
1.565750086307799371e+01 8.718781422370470935e+00
9.649671182841975892e+00 2.894131546306035219e+01
2.618890005034082691e+01 3.013883973310979680e+00
-2.330455499116196805e+01 -1.535056163118962225e+01
7.884848986748620447e+00 3.043035148107057353e+01
7.952325491479822261e+00 1.957967840598125875e+01
-2.750508239968618085e+01 -1.404320362260106769e+01
9.348575045873211309e+00 1.643988551637755080e+01
