-2.011136790574581923e+01 -7.516265399025487959e+00
1.554761316294999673e+01 -3.522716109040267551e-01
-1.470193710466457482e+01 -1.248889682778483134e+01
1.501145359590114081e+00 1.463833897473728207e+01
1.608734986685579216e+01 8.415544681383096304e+00
8.819770315636667135e+00 1.449636711500689934e+01
-9.958592830436623800e+00 -9.075546351432736358e+00
3.101803346073881418e+00 2.473988780956428712e+01
-4.603649959548438808e+00 -2.168565679774011201e+01
1.237564003808330426e+01 3.442157061547790775e+00
5.459589771874778563e+00 6.810291470611409714e+00
3.772108249205125864e-03 1.003296869692793436e+01
-6.591545494368112657e+00 -1.086110274332517989e+01
6.209509877799544775e+00 1.447195104473157024e+01
6.467395689103698331e+00 1.027961681108606484e+01
1.884843242752919679e+01 6.130552557636653965e+00
3.101873816294855146e+00 1.059216816775022707e+01
-5.343229870817192584e+00 -2.104570317137157076e+01
1.313732222896100410e+01 8.219280236367222159e+00
1.131656161066551647e+01 7.275996503034222407e+00
-3.799652885649262402e+00 -9.513803095799085341e+00
1.258563404786184314e+01 1.351226122678529329e+01
-8.463216674996260735e+00 -1.046459174606245135e+01
-2.134377776102391433e+00 1.347493099658572113e+01
-1.268800292197036228e+01 -4.785243174468149618e+00
-7.288179228369629392e+00 -2.128454960289639430e+01
1.978637160879235424e+01 1.078438095856517975e+01
-4.447658372402108817e+00 -3.445979956844044789e+00
-3.630165103844131380e+00 -2.036369258278085326e+01
-6.902516810471173159e+00 -1.974713281886460337e+01
6.507176890827890858e+00 9.519586325320950948e+00
1.131074163906621521e+01 1.489208460302642223e+01
1.325110138535103843e+01 3.498598311934983496e+00
-1.315054594701500434e+01 -1.988344109158951056e+01
-4.752755513364668616e+00 -1.554479625751170602e+01
-1.628801040819842560e+00 -1.398398894112570723e+01
-9.449172514242279775e+00 -1.044031631404136995e+01
-4.872287379560868992e-01 9.192257228906965949e+00
8.203541484195094213e+00 1.403138729216253289e+01
8.388279160786810351e+00 1.881783288474029536e+00
-8.971427457340380940e+00 -1.717823177069356788e+01
9.191410755070469563e+00 7.021935988335582302e+00
-1.408477900223111590e+01 -1.444949768820689151e+01
3.192179665977840086e-01 7.440836833299528053e+00
-3.469821975152743709e-01 1.497922001361894218e+01
9.832683941942354622e+00 4.465274832378387515e+00
-1.818031227267462313e+01 -1.203747620908787042e+01
-2.266002458990823420e+00 -1.845909987642882299e+01
1.305924178472602648e+01 1.095393497996458620e+01
1.874793072181725151e+01 2.454588114845308144e+00
-2.108705799345255727e+01 -1.072485867953999517e+01
1.117403634025565529e+00 8.525338659951605891e+00
5.366274481880252800e+00 1.918326863172479335e+01
-1.454899795162673115e+01 -7.632803678349931786e+00
2.291231860545949850e+00 2.112992154847140469e+01
4.300669130729547485e-01 1.955845072242173188e+01
4.494384597254288960e-01 1.324904938628929330e+01
6.029116229494163370e+00 1.341756543167402604e+01
-1.978108421321267230e+01 -8.581980086172796618e+00
-3.540346027529841066e+00 -1.179941252622121617e+01
8.839148918734210270e+00 2.124647022597442003e+01
1.444395159329213918e+01 5.334111872618426453e+00
1.524701295947069823e+01 1.863384453113448691e+00
6.525576537525432208e+00 1.934570100167934115e+01
1.973946277658994930e+01 1.008795437699880893e+01
-1.203721737372624290e+01 -1.046866145399776471e+01
-2.288494844360080105e+00 -9.477882500850636660e+00
-4.464502220029164192e+00 -3.274168198550411191e+00
-2.100170257904717452e+00 -1.314490003740317725e+01
-1.111667632052424892e+01 -1.221644741635215148e+01
1.670946571946934611e+01 3.777207580909838214e+00
7.498301306066083027e-01 1.282041686015823423e+01
-1.545485387991522153e+01 -1.156977596041467216e+01
-1.646232445984729864e+01 -1.759492609961776211e+01
-1.688671179390753352e+01 -1.672257581473108701e+01
-1.527999713097710810e+01 -1.004537538710342304e+01
7.786983787650373579e+00 2.301159038737496232e+01
3.121318384179454064e+00 1.718934019042816530e+01
-1.712650520850261060e+01 -1.555161114511396292e+01
-1.270996790895184603e+01 -1.425439805872216326e+01
2.543370285565430766e+00 8.430214908050032818e+00
5.388664334914965437e+00 2.192998061411088884e+01
-1.399685607412988908e+01 -9.978463486049296449e+00
3.373061937116232034e+00 1.308575846941278620e+01
-1.485321985059404426e+01 -1.061065545599153026e+01
-1.256424818240342134e+00 1.177951984056060120e+01
-3.624032828931705197e+00 -1.613456088323175308e+01
4.446824025086027810e+00 1.900101716573399457e+01
-8.017508170231818498e-01 1.742253573857940196e+01
4.801263658536060852e+00 1.732721389553181979e+01
-5.984713382536369863e+00 -7.943807400898339921e+00
2.641773474470760497e-01 1.891619620466654794e+01
-1.887907198012487342e+01 -1.460130301194979019e+01
-1.494633058808166659e+01 -8.475112314748439957e+00
1.596998503067016451e+01 -1.371014477386212294e+00
-4.287049843384007630e+00 -8.526936300492431897e+00
8.300522091924426249e+00 2.171252412051476455e+01
1.636710414316574003e+01 1.120605529889557594e+01
1.098460630306568220e+01 1.869631325580056114e+01
-8.288312768383290674e+00 -1.687466366070406565e+01
1.323115762579065091e+01 1.224237822775713269e+01
-6.317048140847388638e+00 -2.330853997296233970e+01
8.042528749740322169e+00 1.197422438267095757e+01
1.050879044513279936e+01 4.867465325547193356e-01
1.053078384620742725e+01 1.864462291474909605e+01
-5.098119424866156102e+00 -1.826464043449652053e+01
7.819199038170867588e+00 2.431176689800252433e+01
1.237421296529036319e+01 8.650605630926639478e+00
1.263523237442064406e+01 6.159568600360083579e+00
-8.126155561576696940e+00 -1.901315808052394729e+01
-2.762810269734682134e+00 -5.853351015478387431e+00
1.111279027492786753e+01 1.399531238555173118e+01
5.162940665313078270e+00 9.357106982723330191e+00
1.547488709223706405e+00 1.151002870870864392e+01
2.124080459478802752e+00 1.686714102940351978e+01
-7.740851397391897315e+00 -6.577042252365430386e+00
-1.433691132049133010e+01 -2.224627988022729141e+01
4.843139888603893439e+00 1.114515943477145221e+01
-1.354352626512778635e+01 -1.625276242119149117e+01
2.946831864784495103e+00 1.587425234120440365e+01
1.289943453477368607e+01 1.477789231881761367e+01
-6.846991367735353329e+00 -1.645668570291542565e+01
-8.631566104917826721e+00 -6.779583248573166188e+00
-1.713469013343963709e+01 -1.148207728686398177e+01
4.527739985994294614e+00 1.475674163257365734e+01
-1.775382080562450327e+01 -8.689965329370705760e+00
1.601614476001374854e+01 9.597067596261997124e+00
1.608328550221020237e+01 1.053640992520171960e+00
9.196722658214721235e+00 1.668463451678612941e+01
-1.662784989186750195e+01 -6.771062022931908508e+00
3.435250944301631471e+00 1.431190908431526942e+01
-1.662335033845304011e+01 -7.626341493643518099e+00
-8.480606990645268572e-01 1.306062370244278981e+01
1.590541099685646742e+01 7.466936632571360200e+00
-8.917315042522634627e+00 -2.094955801668404405e+01
1.497280512476119974e+01 4.194376046755529108e-01
4.402122677508303994e+00 1.581903155552103613e+01
-3.920043362039880019e+00 -7.179582126668075936e+00
-1.028072181435566890e+01 -1.075105839325943968e+01
-4.505453165714990327e+00 -1.130994217467877228e+01
1.136509995734460787e+01 8.411413033246045501e+00
-1.224122442109712239e+01 -1.920757890749429109e+01
-1.600427367561333014e+01 -1.871226095331543604e+01
9.761713491186412739e+00 7.438583994178626924e+00
1.412480712428395968e+01 4.537494609697575676e+00
1.173022224895818511e+01 1.083361421031754546e+01
1.680407984553555778e+01 3.290026622457035810e+00
-1.031379058740295029e+01 -1.453600599855863429e+01
-1.007947203995519381e+01 -1.906132069460980816e+01
-1.365949474530302465e+00 -1.516131438433213319e+01
-1.002395202574948563e+01 -2.212982670385591888e+01
1.452672798269793120e+01 3.201402317683878507e-01
5.183259322668776647e+00 8.100639954039255741e+00
-7.433954739838975811e+00 -3.730274788935317165e+00
-1.267798897175503114e+01 -5.291734836220006954e+00
9.436341172312728176e+00 1.091296985294436972e+01
9.523275938120608686e+00 1.611401448244184920e+01
-1.183171330968405144e+01 -6.981105902812555719e+00
-6.686897773440206194e+00 -1.487766443112887949e+01
6.432315377950598823e+00 1.239745359107248390e+01
8.425745826842620190e+00 1.811194016164911247e+01
-7.740759305672541224e+00 -1.667960916350786604e+01
4.614384937134812681e+00 6.008864680186599694e-01
3.038421131817845566e+00 1.331956469158070178e+01
-1.423221663161738704e+01 -1.308270688985522590e+01
-1.691331242777599897e+01 -1.328322529743603653e+01
7.119856404952028761e+00 1.633579619153110229e+01
-1.160781971262126611e+01 -1.721668433190402681e+01
-1.238450968130299756e+01 -1.573772589202530803e+01
1.323526089436647801e+01 -1.730606394432904427e+00
6.163836254518271218e+00 1.679693605359038244e+01
-1.353248996609847765e+01 -1.664036254731369979e+01
-1.142717243149951756e+01 -1.127260226468713000e+01
1.223262814491313222e+01 4.843855372576833518e-01
-1.118247173023477181e+01 -2.108295688363135412e+01
-7.034323358434797946e+00 -8.739774418753455620e+00
2.205316469394321133e-01 -1.374739127888871693e+01
-9.235438956128072974e+00 -1.265106414636039744e+01
9.801647278335728686e+00 9.688235307847238076e+00
-6.980865596989352717e+00 -1.269386637614582725e+01
-1.072169996142919501e+01 -1.736444058614656072e+01
1.008769092043912430e+01 3.264865578915385314e+00
6.673399830759791485e+00 9.020037110242899558e+00
1.131352331626952612e+01 4.605794313641931481e+00
-8.315992759759113895e+00 -1.504803269203153704e+01
8.603509787927954733e+00 4.172773078948922354e+00
7.909193083915858402e+00 3.307342287738560760e+00
-6.218461917509475079e+00 -1.026590221126780911e+01
-9.565004661353430748e+00 -1.560932910471780666e+01
1.284054154819422067e+01 1.783972896287881138e+00
-6.992494588194998251e+00 -1.802135345830197011e+01
1.016922849157217890e+01 1.003969436199532517e+01
1.789629072819305833e+01 5.836209051709133178e+00
1.724039955815620928e+01 5.927476285381824139e-01
-7.434290007488749907e+00 -2.209855478592531242e+01
2.835238354923680149e+00 6.007770559260547039e+00
7.464646295476256910e+00 8.552389464310381939e+00
3.692130465302995379e+00 1.923221067071974844e+01
4.512383702614284342e-01 4.791949082383041514e+00
-2.019784323752431732e+01 -1.020273414204924123e+01
4.922232991300070637e+00 2.145462901406196465e+01
-2.637003625475562885e+00 1.606386471120631398e+01
-1.892304080112908338e+01 -1.411262488748955235e+01
7.131998734762435177e+00 6.183385793844593969e+00
