1.394010272341879642e+01 2.491867680362276261e+01
-1.744212490799823101e+01 -1.941191645918224395e+01
-9.275172507341949313e+00 -1.316533508442950939e+01
6.030464724600950177e+00 2.884661028158014773e+01
2.218278646485191175e+01 -2.787304610008512284e+01
4.248323758674828809e+00 1.831695011744977108e+01
-6.341435189153173724e+00 -1.817301642523613125e+01
1.911760331798446444e+01 -2.157330690826236008e+01
-4.457168991795684043e+00 2.626612104607331588e+01
1.653953822473034352e+00 -1.652655906227903415e+01
-1.546018986306960841e+01 3.528371989722901958e+01
-8.431891801445884127e+00 1.878121810262796032e+01
-2.068878774624571548e+01 -1.119343608615326957e+01
-1.253208487981788188e+01 -1.423162064830144580e+01
6.256251065920509502e-01 2.283685249892091917e+01
7.775184006727791974e+00 -2.696515674694626696e+01
5.986028870187894313e+00 -1.969148504743596462e+01
1.340071800176643846e+00 2.457531035798773544e+01
-1.201824664111358310e+01 2.762043266980901990e+01
4.162750600502273635e+00 -1.844332017724522288e+01
-1.350293814475197784e+01 -1.477870227561647276e+01
-2.158887441956061792e+01 -1.881912434766180553e+01
3.854939507599567605e+00 -3.347984253181206782e+01
-1.648573971218880274e+01 3.097516359384916385e+01
-1.509460528646602562e+01 -2.392717833804443117e+01
1.262262675750850605e+01 -3.177282014593209425e+01
-1.238105235412144367e+01 3.802546361115432916e+01
1.896042427380095097e+00 -1.800158439402487787e+01
-2.266401746214580371e+01 -2.055887664997772291e+01
-1.251513397772550995e+01 -2.177413797396013351e+01
-8.372127948345216009e-01 3.668547015462517891e+01
1.391369205256788977e+00 1.900203516110088842e+01
3.610082709659312883e+00 -2.002301661825360313e+01
-3.535923014833609823e+00 1.778515127078047797e+01
-1.858119499668637076e+01 -1.422584777549752033e+01
2.279551235043863500e+01 -2.575839392105712022e+01
1.917576100606104461e+01 -2.455717566545644814e+01
3.165397763903226025e+00 -2.124532450666095329e+01
1.262096521391665283e+00 1.175431199016477635e+01
-9.313700969526268025e+00 3.737832657973247308e+01
-4.610828890005931768e+00 -2.754571386697626778e+01
-5.631724780712117351e+00 1.122084748954487132e+01
-1.016627170576769101e+00 1.964925824295883316e+01
-9.347537205835848795e+00 2.724575628161845842e+01
-1.453171321206039224e+01 3.462213748046259809e+01
-5.424988412383416225e+00 -2.743770193155359749e+01
5.435856174313933309e+00 3.953227924400945881e+01
5.564370991819762580e+00 -2.220100412168963544e+01
-6.724697382808054513e+00 -1.926183992573418280e+01
-4.927767989519424296e-01 2.854164972969106273e+01
-1.241970406076778310e+01 3.200307389634040334e+01
6.858741635656554481e-01 1.760968975284386673e+01
-4.284022522556038659e+00 1.924066932880205627e+01
1.003904918910499688e+01 -3.228295003438586974e+01
1.180547414021443231e+01 -2.693799194376185469e+01
-2.088263717788406026e+01 -1.882380353976562404e+01
2.590176101824429367e+00 3.647794075176850015e+01
-1.468155235462382535e+01 -1.241978213268301623e+01
-1.460613750074815087e+01 -1.990368833266393622e+01
8.445205570599886968e+00 2.673924725627756516e+01
3.504392411472118107e-01 -2.197592591891930169e+01
-1.184494614292303538e+01 3.516057319745689824e+01
-5.544773362006083062e+00 3.693104246173458449e+01
-1.735136948907032917e+01 2.891399556821562200e+01
1.606155047745668796e+01 -2.825724370362745930e+01
1.586990826063495064e+01 -2.553598135979236261e+01
-3.878874319654560310e+00 -2.282485182096181120e+01
6.055554922468739498e+00 3.340682636766437241e+01
-1.601530175800125377e+01 -2.124756433811574752e+01
-1.010053643989527572e+01 2.977179128016832266e+01
-1.699960782226676237e+00 3.416868832904103215e+01
7.630516778957102675e-01 -2.067359790819781651e+01
-1.005928968108293020e+01 -8.604708550748984663e+00
9.798872347018559026e+00 3.202058444573259521e+01
1.387551958904750471e+01 -3.523736652720319995e+01
1.200120152320675260e+01 -3.374972895709439769e+01
1.412119020704669836e+01 2.973940305342326340e+01
7.088484609843615836e+00 1.975193153528545054e+01
1.933234871203852023e+01 -3.872836017409700560e+01
2.094452997781680281e+01 -3.653958237263624653e+01
1.722944365475695516e+00 -2.634753258280212052e+01
1.427956965117899912e+01 -2.784692972832033675e+01
-1.255655624433741124e+01 -2.396167315149350330e+01
-1.076181305305165381e+01 -2.221830445931946585e+01
8.285197694770049637e+00 -3.621939332376922493e+01
1.428952422461134120e+01 2.811773059813478426e+01
-1.019700805404604260e+01 2.152968106371344348e+01
1.725308047647383347e+01 -2.969125660619920026e+01
-1.425089970403666229e+01 2.917255066883843284e+01
-1.192933574405484309e+00 -2.789714634814413685e+01
-1.370336171914963153e+01 -1.652740823590928443e+01
1.101362329255200656e+01 2.294826855607094629e+01
1.901230237569144066e+01 -2.648311687121841018e+01
-1.718512466095949520e+01 -1.578321827072875649e+01
6.736922901943583675e+00 2.754037408398333753e+01
2.891853788195351438e+00 -1.578703673955295628e+01
1.812002517941961655e+00 1.703326581634194170e+01
-6.598121128822288739e+00 1.898602995253040504e+01
-2.284475075386533049e+00 1.628906705863128934e+01
-1.132191022387225132e+01 1.923206702209689212e+01
5.052021162026560042e+00 2.580333071392210798e+01
1.914662807726043781e+01 -2.880740576614700643e+01
-1.573187397410175414e+01 -2.267093310869398337e+01
4.868213518065225287e+00 -2.862368842170352679e+01
7.576483529721946830e+00 2.898831839773178132e+01
8.511520354234981767e+00 2.182862913024716889e+01
7.939293782962407064e+00 3.338650555007421161e+01
6.597406138758800331e+00 3.139496948476550742e+01
1.141480151489975015e+01 2.842257596703610290e+01
1.968792698378509698e+01 -3.210074508684686379e+01
1.094779283014431570e+01 -2.828849145352657146e+01
1.762912543494644169e+01 -3.206805700691385397e+01
-1.744021382841388146e+01 -1.696252135114013626e+01
6.934763526617786944e+00 3.076611160412439716e+01
3.950688772199057563e+00 3.154344005659906713e+01
4.088082726245811926e+00 -3.224227821936910487e+01
1.620553800535126854e+01 -3.759449984058058902e+01
1.274572635736007520e+01 3.076470802165306750e+01
7.796706430003890631e+00 -3.217715312707337461e+01
1.037420904837576785e+01 2.438719642935555498e+01
6.442150721158491855e+00 2.350143569529310739e+01
-2.234358420783360089e+01 -1.687463951789114347e+01
1.491402026441305040e+01 -2.614034276603716478e+01
-1.537179110259637227e+01 2.771405792259850998e+01
1.349103258926829874e+01 -3.044435299121534300e+01
1.412889685860461064e+01 -3.326264649479939095e+01
1.837595995363852808e+01 -2.967173252046776710e+01
-4.850943608190039780e-01 1.651708869755494646e+01
1.266358185754619292e+01 -2.985716814102756800e+01
9.432773601642047367e+00 -3.073758207458960001e+01
1.224289542002609821e+01 3.265231253508612497e+01
8.413335845171129534e+00 2.195536131284321257e+01
-1.774117298253359110e+01 -2.315128354437214497e+01
-1.619422842099523407e+01 2.904411637395422474e+01
-5.819461531055904580e+00 1.475614890294334991e+01
2.123659271449860242e+01 -3.284946032793813941e+01
-1.057684068652099185e+00 -1.635474822643224613e+01
1.050065040971853136e+01 3.335201963328399444e+01
9.693959715635507735e+00 -1.535239688615851072e+01
-1.131937379707005675e+01 3.650615512742807311e+01
1.616650253949093452e-01 -1.975919128879052522e+01
-8.436957650694123956e+00 2.375929831562601535e+01
1.785065836427904529e+01 -2.535573827197672614e+01
1.969281009553594686e+01 -3.456420183510449817e+01
-9.954744836110499762e+00 1.851370838748193393e+01
-5.419591680045288129e+00 3.561648210954172100e+01
5.552218255769569843e+00 -2.397374514784820931e+01
-3.384767740633135347e+00 -2.072138193658285843e+01
1.328399496224277065e+01 -2.748698421918413715e+01
3.801009146219970436e+00 3.434607022351320182e+01
1.539155817602714826e+01 -2.944076894409618816e+01
-1.726545010184425077e+00 -2.554024123984919470e+01
-1.030472795754012338e+01 1.800727704391187700e+01
-5.447760174074526063e+00 -1.312489811037442955e+01
-1.359010561713519971e+00 2.826291325007329647e+01
-4.230935012680983931e+00 1.065350113188400272e+01
-8.949651836707842589e-01 -1.312448469766919068e+01
6.765936235334504723e+00 2.611187857867492212e+01
3.453627046999087291e+00 2.805433307514220331e+01
1.235584440403386886e+01 -2.402257838339082596e+01
-4.437469740484214498e+00 -2.424393586425907188e+01
9.962748757344664696e+00 -2.133519603982604806e+01
-1.147925832438641081e+01 -1.645643153201234554e+01
8.555137219147495031e+00 -1.971591258653334933e+01
3.677865623303457898e+00 2.082023814205502887e+01
-3.666479569404961669e+00 3.238330484180343660e+01
1.031850133267481651e+00 -3.100301991417759595e+01
7.722863662293682374e+00 3.645482455062778371e+01
1.222830811478354640e+01 -2.088329630011263660e+01
-3.601237315374147041e+00 2.687822761124248316e+01
-6.364886666399546478e+00 2.806490594843011621e+01
9.983292079373869754e+00 -2.488048315395096566e+01
2.869484176252364627e+00 2.851147184852855787e+01
7.319705374224848571e-01 2.698270407562191053e+01
-2.824605600167303665e-01 -1.212008941658194772e+01
4.060238066475911900e+00 1.632784497986177996e+01
-5.371735092383238097e+00 3.058968434185331731e+01
4.689308842564205548e+00 1.597825876336858641e+01
1.513922544454439034e+01 3.029328199375279240e+01
1.634281471928164819e+01 -3.260245304561716750e+01
1.089930962867904540e+01 1.677254850821229581e+01
1.017275244772636178e+01 2.741896800973845316e+01
-9.990001586350725660e+00 -1.510950943754716036e+01
-2.091405118477315384e+01 -1.577420566164812499e+01
-1.263425442132970566e+01 2.023730813709463661e+01
-1.177857730496520539e+00 -1.924075569759953197e+01
9.305249112944460776e+00 2.448996307976511844e+01
5.867436226877339678e+00 -2.995417010806274050e+01
1.311001865592014326e+01 3.647459404841336550e+01
3.396778036924737787e+00 -2.194390831725833024e+01
1.024115725809682864e+01 -2.597068042378775132e+01
1.125169165981531627e+01 1.816461842765553314e+01
8.080803296209801090e+00 -1.580129604393165366e+01
1.901848414673210996e+01 -3.202626724356201748e+01
-1.103940271986322230e+01 -2.144479764073816952e+01
-1.008589618444975677e+01 3.336287500823403462e+01
-1.151308175221425856e+01 3.006846938582668827e+01
-1.973552282104604316e+01 -1.492689465572478191e+01
1.750101684865311213e+01 -2.424490853954871028e+01
-9.577565588285356313e+00 3.570152262182474345e+01
-1.335651954477104475e+01 2.928016664480469800e+01
2.154892035685982421e+01 -3.076063488202128582e+01
-9.645088181043973918e+00 -7.145855461749765603e+00
5.173452862149011011e+00 2.116717967520194676e+01
-6.715827626503682701e+00 2.444963368042419560e+01
-3.701143057895005306e+00 -1.858316655986819654e+01
8.820025729163683437e+00 3.646448246347181055e+01
-1.027196032544978976e+01 -2.593988889551625476e+01
-7.622122732892206542e+00 3.157857806844463155e+01
3.947043579209659647e+00 -1.493436981792509854e+01
-1.419294284085863467e+01 -1.821441152452399592e+01
-3.542510030273199551e+00 -2.260703372463166616e+01
-2.099519444668028534e+00 3.494996739414971643e+01
6.902399587406561565e+00 -2.392686151916594284e+01
-2.312869819696549101e+01 -1.778888763062271039e+01
7.077491278565196886e+00 -1.566214098549094302e+01
-2.667290931138838750e-01 -3.241838231540346271e+01
-1.966237938508351135e+01 -2.051552434911395295e+01
-1.224217136697988906e+01 -2.113776471589611461e+01
1.250118801497144938e+00 2.552746951387834429e+01
3.558430764184812745e+00 2.591382807450996140e+01
-1.536181414982465476e+01 -1.765482771482425406e+01
-1.236138750988531321e+01 -1.870849690166427592e+01
3.948900234442953572e-01 -3.024275717146598907e+01
-6.329680594843348551e+00 3.750759829693380709e+01
-3.964200716836303595e+00 3.957087251066290179e+01
-1.237377765731175572e+01 2.673532047470483164e+01
2.099517365963344595e+00 3.371596732609136637e+01
-1.125275595187444111e+01 -2.730962666505154601e+01
1.333514147512968329e+01 -2.446513759068463401e+01
-1.924877805611603376e+00 1.452218007791393362e+01
5.433121431411430891e+00 3.885146625490767747e+01
1.232195700820591711e+00 -2.436311433036403074e+01
1.507643341842117479e+01 -2.273072610969965623e+01
-8.314128631814746484e+00 3.523996149705482139e+01
-1.165441786170748673e+00 3.141590575294465282e+01
6.341209239527473507e+00 -2.674255227062994678e+01
1.580550226073073894e+01 -3.518877235398970527e+01
-8.040962736554446266e+00 2.814222439359915384e+01
-1.386866198473438283e+00 3.306215881137867285e+01
-3.831345942829955664e+00 9.534960919940052904e+00
8.637070137161940053e+00 -2.207659788465037920e+01
-2.078023561065447922e+01 2.086453276498788512e+01
3.087004121598130979e+00 3.111898545796688254e+01
-8.257348548280694089e+00 -1.511412853539823153e+01
1.281891783588154254e+01 3.198559308128986700e+01
-2.400614558193450598e+00 2.080167028206786384e+01
1.301374751211374248e+00 -2.527168684980709301e+01
1.809602758880045348e-01 4.044190439702878592e+01
1.779340094601765898e+00 2.940425184766192146e+01
-1.279345601990650216e+01 -1.682064526312306185e+01
1.075359138287882921e+01 -1.929375378009130770e+01
-2.265275820190619882e+01 -1.447265778005523451e+01
4.407663070995642585e+00 -2.443700076762864626e+01
1.048228337603049010e+00 3.165554260826665001e+01
-5.915196618461233236e+00 2.470179933906246816e+01
3.186750492857108430e+00 2.305122915672844641e+01
-1.487811771801022864e+00 -2.120120961337477894e+01
-4.873404754584396592e+00 3.415001428949123152e+01
-7.130615945914172471e+00 -2.386317431910935483e+01
-3.441354135202734921e-01 3.464517314456947616e+01
6.223483739262143377e-01 1.303526499937202665e+01
2.902514907480089335e+00 -2.791133191384705370e+01
-1.202521907322010719e+01 2.301936710488845605e+01
-5.347364193292762025e+00 2.186257841699482540e+01
8.609737813254922045e+00 -3.052962430172824426e+01
-3.258442923814642622e+00 2.397048556876253045e+01
-4.293692565284175977e+00 3.725806405325927528e+01
-8.295649030229496290e+00 -1.834197874781284199e+01
-3.093359700618320218e+00 -2.542359612689168458e+01
-1.298405407365740594e+01 -1.171097893871187523e+01
-8.995903860458755119e+00 3.025039307891324825e+01
-4.886128163394979573e+00 4.007468700662718675e+01
-9.155605412637566332e+00 -2.106762401882795288e+01
-1.598299578406381727e+01 -1.132458343414998936e+01
-1.752844882758027190e+00 1.487857349207880908e+01
-1.006527855070765476e+01 -1.402973490274709611e+01
-6.004314290025535072e+00 -2.137824419397275832e+01
-8.532573626063765238e-01 2.367741462749919634e+01
-1.967246674280121566e+00 3.785884961463666087e+01
-1.018413477209430695e+01 -2.313985021944115417e+01
-9.417198397318133019e+00 4.146970978018672582e+01
-1.277458891371353999e+01 3.423622406194027690e+01
-1.215792536199179485e+00 -2.374110242744356469e+01
-1.619556551820882007e+01 -2.011882217733371192e+01
-1.838747047751030550e+01 -1.623825195850816883e+01
-5.441831385154640266e+00 3.042165578922867297e+01
-4.139223888687364017e+00 2.001387115786597093e+01
2.125901838774729669e+01 -2.616875934528716030e+01
-1.048189013493508526e+01 -1.804663845317196191e+01
-2.072879161505763790e+01 2.092605872648899279e+01
-3.443307310495029583e+00 -2.992507135748069302e+01
-1.545545327711820072e+01 -1.466496279712829320e+01
-1.119268180327404050e+00 -2.636326723128219029e+01
1.717928335960009179e+01 -3.821859364604669196e+01
7.672856781617845456e+00 3.505052304330562407e+01
-1.675676502014034952e+01 -2.710188489989587524e+01
9.030508544960568429e+00 2.966845490321123435e+01
1.724649094526981585e+01 -3.546870853522483458e+01
1.842510277444254996e+01 -3.819319565665430360e+01
3.996406241362921996e-01 -1.089540060530362808e+01
1.343498069944193141e+01 -3.233538961170802395e+01
8.168230673142886644e+00 -2.799836473917635260e+01
1.143755149020034700e+01 2.563407858972426823e+01
1.590709612375723658e+01 -2.029192101213363486e+01
1.537194776592202672e+01 -3.062381508816617171e+01
