-1.809861693975350505e+01 1.384316152684701251e+01
-4.502950588715762592e+00 -2.785842994782895232e+01
-4.076387626042492940e+00 -2.119072702842141709e+01
-6.780927350451785962e+00 -2.005571797049418237e+01
-8.909872871493591973e+00 2.884724880896939325e+01
1.934415806364447832e+01 -9.632166308056087090e+00
-2.848085269968191335e-01 4.471401340352048059e+00
-1.691312366728038796e+01 1.295098916086095109e+01
2.597202607017035980e+00 -9.777905219645129264e+00
2.122416582839401755e+01 -6.113304854344871586e+00
-2.082859240534309464e+01 3.215340663072640126e+01
8.530270217904645236e+00 -1.298545472357890773e+01
-3.354852243761867925e+01 1.853503352049884967e+01
-7.117319413315711607e+00 1.241833866895930782e+01
-1.085901316897450286e+01 -1.253599957585518965e+01
-2.623460444768560773e+00 -2.436365277461364443e+01
-8.676365278141272341e+00 1.501080343358386671e+01
8.800113791783781281e+00 -7.553858586187336410e-01
1.701365527393220134e+01 -2.739425072326763910e+00
-1.362497053171086137e+01 2.878782251930460134e+01
-2.462433624728861403e+01 2.035615329450205024e+01
-1.550883903665362951e+01 2.874039362012356946e+01
1.817362085464067434e+01 -2.129534278225699495e+01
-2.273490258880877413e+00 -1.839856083755107008e+01
1.133604666924686644e+00 -2.892841497411881235e+01
8.200180483452525593e+00 -6.043435593099650838e+00
-3.127861448316708959e+01 1.322521429733432363e+01
8.405073476063668059e-01 -2.146252649484632613e+01
1.509896500818243936e+01 -1.081116522105330269e+01
-4.386350338569455221e-01 1.953779857037273615e+01
-2.621702331170219935e+01 8.043086497831003712e+00
3.655573677890330941e+00 -1.372782173202134892e+01
-4.801446952027032644e+00 -3.376975526820505991e+01
-1.760239714421104607e+00 -6.318041761409419088e+00
5.175508698604356361e+00 -1.273635852329463347e+01
-2.237794289613419352e+01 1.514164059854690692e+01
-1.581518232522765288e+01 2.806412308535519173e+01
2.345362458317173093e+01 -7.328314918347313522e+00
-1.974287680755842933e+00 -2.322667936469122552e+01
-1.520135957341865840e+01 2.306809139864841995e+01
5.316589009377802988e+00 -2.678715484383282686e+01
2.087463592753541874e+01 -4.998096706293082114e+00
1.711546143760532956e+01 -1.109659082195502222e+01
1.313501705425729327e+01 -3.328165115036585320e+01
7.045486225919169954e+00 -2.315153602026535040e+01
-1.805402195610626492e+01 7.086762442539984441e+00
-2.858793118129807453e+01 1.750797311317300498e+01
1.061905920488132082e+01 -2.065412825785241679e+01
-6.521526801403352280e+00 3.258137272913424809e+00
-9.603405939966684457e+00 8.468113947819805531e+00
-1.187856507814054119e+01 -1.164015777303962018e+01
-2.984950782414084358e+01 1.710490211033905794e+01
1.407762830479221705e+01 -9.970437926854202715e+00
-4.492013297594032117e+00 -2.109936023983899567e+00
1.226429872442350444e+01 -1.263141089760813607e+01
2.071782761727034128e+00 -1.639448366975879878e+01
2.990718222045909425e+00 -2.607635362780355948e+01
1.431467297334474509e+01 -1.434937332268098942e+01
-1.794257529949480556e+01 1.033892533255408352e+01
-2.435316429594163168e+01 2.815762482200712924e+01
2.611529809992029172e+01 2.244437043983888991e+00
-4.730494616822414677e+00 -2.341947131195684051e+01
1.452635387250303722e+01 -1.599084876595578208e+01
-1.686796003615579309e+01 3.176272639199547498e+01
-1.693597775303209829e+01 2.382353396097269282e+01
1.833453312772943633e+01 -1.401995973444020649e+01
1.882311711420255307e+01 -5.096434235222774056e+00
9.811857515188815881e+00 -8.885839333180403088e+00
7.615581718859172344e-01 -2.698035752826109857e+01
-9.893763105536429237e+00 1.960069113245651451e+01
3.786155753636719634e+00 -3.165078719001892793e+01
2.007228118581706744e-02 -2.183444019625107657e+01
-1.247138250421963246e+00 -2.992694715432977759e+01
-3.732600237783560537e+00 -3.204881520167026565e+01
-8.121957888723489560e+00 2.648377798003566497e+01
-6.611094133408427886e+00 -2.929630785563180950e+01
1.687235891717595493e+01 -2.227146923304603376e+01
1.345613044999086938e+01 -2.073748646502539827e+01
1.051354130226407690e+01 2.716490343116681672e+01
-3.501331441041791948e+01 1.084461854279640214e+01
-1.043510308424792399e+01 2.691415417232467888e+01
-3.270984003395691531e+01 1.097603232940967999e+01
1.897810380182589185e+01 -2.152502962050014901e+01
2.051843801049759008e+01 -1.213992744168510285e+01
-3.397802101231591543e+00 -2.468655199398664379e+01
-1.516225790310335064e+01 8.214842033083856521e+00
-2.477507237420202291e+00 2.626554239758994669e+01
-6.321549609709306239e+00 -1.885905324784792825e+01
-2.549782154614680962e+01 2.024608927066036301e+01
-1.284452306982679382e+01 2.563763201058257835e+01
-3.150267078165952128e+01 1.279959952610478702e+01
1.664903719380703606e+01 -8.968842535401435612e+00
-9.454510169663532082e+00 -2.518509878182638673e+01
-3.714300687046650840e+00 2.490769985007253950e+01
1.279798080037066832e+01 -3.015525761149185247e+00
-2.330227587613583395e+00 2.296181000362566138e+01
2.927981637690283634e+01 -1.019332982783106623e+01
2.639686140381565238e+01 -4.033912231247975377e+00
2.129857399518890659e+01 -1.222036877162219959e+01
-9.916274083308498355e-01 2.500934864344014485e+01
-1.269519169943886538e+01 6.163372696008428520e+00
4.187626016874911983e+00 1.534114416171990314e+01
3.251589579470928015e+01 -9.945700634795937134e+00
2.927767213980066074e+01 -6.309750541306343941e+00
1.076557076467715390e+01 -1.521929375284186570e+01
3.224189825290589084e+01 -1.489916230738391967e+01
9.086263049606706943e+00 -2.632398021001887756e+01
-1.481951602914680421e+00 -1.733395035259473715e+01
2.909212602205351317e+01 -1.771438895179188933e+01
-3.445209414283426086e-01 1.820747760500692891e+01
-1.568248765620862706e+01 2.172823697206290561e+01
2.892504690197461414e+01 -2.749486313136326743e+00
-1.741292947037333860e+01 8.893965540243909729e+00
9.473498204403097978e-01 2.013332436486582822e+01
1.922614948373498578e+01 -2.399323263894130065e+01
-1.313909497389972758e+00 -3.607740189410984755e+01
-4.901527310252141945e+00 3.056007186979734058e+01
2.519208736829459028e+01 -1.951996240233993163e+01
8.101151175319781572e+00 -2.899224916060614987e+01
-1.623924408911191009e+01 2.481481658240655719e+01
1.099086057362967317e+01 -1.172140932567070593e+01
-1.286194583890106813e+01 2.020555496558792541e+01
-1.632062593517031601e+01 2.114975673105726273e+01
-1.543323970286040492e+01 3.120413944646712423e+01
-2.284704727273022584e+01 2.737838014225003747e+01
-2.291881235519962345e+01 2.071520370827732194e+01
2.654841126251175254e+01 -8.574431780439217832e+00
-6.807432923580929440e+00 -2.633147074328277171e+01
1.344509531181645512e+00 2.706317640720776296e+01
2.128067075715481238e+01 -8.383199459236175599e+00
1.661507664143623941e+01 -9.249692655705653577e-01
-1.596549213046372273e+01 1.441480024299217888e+01
6.468146873215213644e-01 3.400362273673265179e+01
9.565436159976604680e-01 -1.394818679303539710e+01
1.753849850992632042e+01 -2.692957705729711604e-01
7.582590199121017172e+00 2.118223589778316907e+01
5.415478138837705124e+00 1.852074390943361948e+01
-4.325962000293019472e+00 2.084856444531148156e+01
-6.641940978914027127e+00 2.826595462417628468e+01
2.389915317076060930e+01 -1.542845296090523988e+01
1.145164594346853804e+01 -8.078811952602121593e+00
-2.931639147552649760e+00 4.385755241426155138e+00
1.536075179375081312e+01 -4.416827562710108346e+00
-5.985024914621001280e+00 -2.716910659673992257e+01
-5.467626014123313505e-01 2.871299285957940484e+01
1.974642242534883607e+01 -1.124735841202231157e+01
-4.110197385041916007e+00 2.872929548630413166e+01
-1.963872794745265082e+01 1.360971173644738563e+01
1.854871964666066120e+01 9.687565036664558260e-01
2.585573802392951848e+01 -6.196461034156099501e+00
-1.654406273532290084e-01 2.531124288745073514e+01
5.107792525670328487e+00 -2.644611476220038337e+00
9.965861450278419298e+00 2.459403425896265816e+01
-4.989820383299352180e+00 1.679422281641327785e+01
6.410432033156280518e+00 2.650427372424809391e+01
1.305399823077206634e+01 -2.797948478756205404e+01
2.062718957569653355e+01 -1.358114041286114571e+01
-3.324218568023970022e+01 1.570164185945520963e+01
5.361973412426629615e+00 2.315889692251717236e+01
2.447891564501556871e+01 -3.792970416580708104e+00
2.336952098696006885e+01 -9.784810197742404014e+00
9.405554388344656402e+00 -3.095598392710742530e+01
7.639104795577297047e+00 2.222450155926397386e+01
-3.917774075072041118e+00 1.740164024110091034e+01
2.643100581214804379e+01 -1.341949693701842605e+01
-1.350407608291800443e+01 1.490257390838174878e+01
1.837706142708965729e+01 -5.046197308104003909e+00
1.274645469005500864e+01 -3.925770867825856936e+00
4.379416129466003227e+00 2.507017793888311274e+01
3.733101490576980375e+00 -3.254510002463879204e+01
9.802983919954570524e+00 2.400950087505010444e+01
-1.473792812842762423e+00 -3.214498841708762455e+01
-3.387481887082371657e+01 1.903694313706307284e+01
9.608649019307289763e+00 6.823834536929219707e-01
7.903418545811777385e+00 2.332891492504587916e+01
-1.847749790523113589e+01 2.623918143897670419e+01
-3.929352590385022825e+00 -1.854044190257450353e+01
2.593385567095592847e+01 -4.205937043072952797e+00
7.111815605803651685e+00 -9.960664318905200432e+00
4.322048023816672746e+00 2.898645894449350635e+01
1.070352229497856200e+01 -1.281785351720049038e+00
-2.908258068340244762e+01 1.676949777513162587e+01
5.153324285709941499e+00 2.975826464745161815e+01
2.509585944483414366e+01 -1.570516859941777987e+01
-3.489742016238522382e+01 1.068848287342497905e+01
5.972028137846087326e+00 -2.080190427338729009e+01
-1.664133750687771851e+01 4.393590053017743635e+00
2.120296313101497887e+01 -1.031973370010901014e+01
-1.750523559960220243e+00 -6.771072156044381174e+00
9.412095378906357723e+00 -3.442434204504107420e+00
2.837865035960939153e+01 -1.398617881118413742e+01
-2.050856406296540158e+01 2.526823152254718252e+01
-2.426235929796511570e+01 9.755218336257433620e+00
1.292644654977967278e+01 -9.944173592453406485e+00
6.256058008245952706e+00 -1.307571751023246343e+01
-6.128835460281244707e+00 -1.303326275072685014e+01
1.996031098794562908e+01 -1.014482134866258489e+00
-2.691106104909561836e+01 7.595104618674366037e+00
-5.898177410764936290e+00 2.357852341457087064e+01
1.030762975452298669e+01 -1.092608112880975701e+00
3.931985592196020285e+00 -2.259781408487091525e+01
-2.461158428164173273e+01 1.874128536646338006e+01
1.256054030662725696e+00 -9.262624062745134168e+00
-2.321812247435912369e+01 2.337620015690092146e+01
-1.336673328793166249e+01 1.069925861321650551e+01
-8.749165493037715180e+00 -1.663236451601998311e+01
-6.247307690668719715e+00 1.764503688903335998e+01
-1.747290993317679009e+00 -2.744343100190621954e+01
-1.942999069085932673e+00 2.516191389197925687e+01
1.556590616795599757e+01 -1.319676317538107391e+01
1.438315366010936991e+01 -2.512685078438066455e+01
8.346176838162802980e+00 -8.808454500683902566e+00
6.825997473247443104e+00 -2.493753975828741432e+01
1.339228504722254343e+01 -2.647232832971169714e+01
1.415847583520766406e+01 -1.189755104974090116e+01
3.358465653164984799e-01 -2.311909757287389411e+01
1.986243132954813007e+01 -1.605751042746945245e+01
-8.789172518085864638e+00 3.475859452891657497e+01
6.173909820619694067e-01 3.493064413654883538e+01
1.314651677141211650e+01 -1.632498969512688092e+01
1.819163226255375321e+01 -7.487255357854587068e+00
1.815219034248288441e-02 2.294258917089221228e+01
-4.172459868275863570e+00 1.244646680091572044e+01
7.179641199135486929e+00 -3.379879067913903867e+01
-4.500237262708373542e+00 2.655901180381145466e+01
1.669411704715214384e+01 -2.755556263486231217e+01
-2.013172239230329552e+01 2.927472244726362405e+01
-7.584726390474750168e+00 2.278270298647852599e+01
1.433531791209567885e+01 -8.257827021935467471e+00
-3.907077065750758305e+00 1.603942410077665315e+01
-2.848163661115175316e+01 2.510326986453100062e+01
-1.948500709702652323e+00 3.506246262337254116e+00
7.413815747092670883e+00 1.248627989464916155e+01
-2.750041697156234477e+01 1.227826593307054459e+01
-3.864628840670637278e+00 1.230447651859381608e+01
2.821634347232835793e+00 2.766561148949005045e+01
1.453483267460660144e+01 -5.788438495581551990e+00
2.140957137836358104e+00 1.415639729886325959e+01
2.591073002293456540e+01 -1.105654950616257892e+01
-3.992775304508109357e+00 1.956399489295895222e+01
7.648786369571077159e+00 -1.719518770738187285e+01
-3.322347995524907560e+00 -1.490018037743816137e+01
5.287878434525293825e-01 -1.878876202020093444e+01
-2.450179197338039572e+01 2.283093561363278212e+01
4.759794295576215362e+00 -1.842539884622829049e+01
2.830283003721623913e+01 -1.765769540797183978e+01
-5.438010885723512544e+00 2.392320019044180768e+01
3.149588438038800758e-02 1.768301337315846311e+01
6.910614961767340247e+00 -1.234881406473797938e+01
-7.633827788855975349e+00 3.185708174293499084e+01
3.125924623442299488e+00 2.092435916047779187e+01
1.248225704456385143e+00 -1.258784299772029236e+01
2.551908332208292407e+01 -9.792657600813459595e+00
-1.872557790579558068e+00 2.984536250987681427e+01
-4.920837790347173168e+00 2.981741962678131586e+01
2.345996534840633174e+01 -1.337248719845465317e+01
2.431433195548688886e+01 -9.166337708715092347e+00
2.159670997203380072e+00 -2.143401755413786702e+01
-2.489575705310130260e+01 6.902495036257636940e+00
-2.320009681661293754e+01 1.319636177417385703e+01
2.265997428065902142e+01 1.229171761760496473e+00
1.672065554285153022e+00 -2.563470694100148961e+01
-3.376300800731319107e+00 -2.711908931607823803e+01
-1.419914616452745904e+01 2.056306709618919015e+01
1.846887082374564315e+01 -1.285578343040273808e+01
-2.748492567147120980e+01 9.734810345254569341e+00
-3.461428425762097305e+01 1.973767935090052106e+01
2.381833585788600516e+01 -3.433015228112620942e+00
-1.347607082535587963e+01 1.441783064028028782e+01
2.504429651312153027e+01 1.381375106659797458e+00
-9.765639320248455491e+00 8.477947005838155192e+00
-1.438407530731119977e+01 1.879788088580584926e+01
9.767881984205025958e+00 -2.387775564742504031e+01
-4.045281922886351467e+00 2.171056943238459880e+01
2.432643222131504146e+01 -2.639376729224005658e+01
3.012736610385417180e+00 -2.966877802063954306e+01
-9.876458110874510865e+00 2.085173922272714364e+01
1.289065621038755616e+01 -1.858819241819000467e+01
7.009516476504799032e-01 -2.506298636788472578e+01
4.138506705744861236e+00 -1.606296902939706683e+01
-9.714953503050427486e+00 2.474307847555488493e+01
1.541327148207381370e+01 -1.769792031959340051e+01
4.825943331196141273e+00 -2.857201733509570474e+01
1.532568214959383779e+00 3.071614253646277959e+01
8.227418651514309289e+00 -1.724886317735255759e+01
2.115757725497396535e+01 -1.467725190992132234e+01
-1.023863585173246449e+01 9.978813145073429425e+00
-3.982683969238932087e-01 -3.555351485239565790e+01
7.011818252601434764e+00 -1.494074716309891571e+01
2.468192438333897343e+00 -2.450541146171681106e+01
-2.103211285384434959e+01 2.196582768665505370e+01
2.106817856099710085e+01 -1.860220744446696983e+01
-1.798105678208184699e+01 1.824004900266495000e+01
6.673967347148226370e-01 -3.556622096928131072e+01
-2.941254258155823198e+00 -2.993881790538278054e+01
1.018157921730981030e+01 -1.471692042311354065e+01
-2.262967741090832163e+01 1.213336143688594149e+01
-2.035084739873500226e+01 1.032011899176900549e+01
-2.800628846959571661e+01 1.539082121768940858e+01
-2.355759737637264806e+01 2.433200661627734007e+01
-1.973836626856849463e+01 1.605352011180544025e+01
7.579678103905157505e-01 -3.113742242403239402e+01
2.336468011762266883e+01 -2.762293891302949689e+01
-1.270938514614156922e+01 1.152730020587224047e+01
-2.001629609223758877e+00 2.060840436398021680e+01
-3.315075981705344077e+01 1.670111525730715840e+01
2.307521480797062807e+01 -2.790992562202496430e+01
2.431729257745335104e+01 1.175105052863959720e+00
-2.113687113250387029e+01 1.606417440232367966e+01
-1.071467246399510920e+01 3.164726557613064983e+01
5.460474141630773381e+00 -1.002748942296369350e+01
-7.241118575874596175e+00 1.975637077017448817e+01
-3.509152309638380984e+00 -2.149520820545195576e+01
-6.673059694516956242e+00 2.601993563385077124e+01
1.468456965712878137e+01 5.448573515734238537e-01
2.319757339344167235e+01 -1.204187027509701657e+01
-8.385436228080800802e+00 2.268468551582146731e+01
-1.026715995384725133e+01 4.962942045572173555e+00
-1.721792577266036162e+01 1.815550656560311538e+01
-1.631555441029562203e+01 1.720185931087187470e+01
4.111415344033727770e+00 5.080352189507920002e+00
-9.285896716720296595e+00 1.632587185988703737e+01
5.717807421094377673e+00 -6.166669107981483045e+00
1.617495771020367457e-01 1.103506147440918816e+01
-2.390715222198832279e+01 1.723731749197569130e+01
-1.629727249227049057e+01 1.665906291252610316e+01
-8.775734054073742740e+00 2.605293300267686618e+01
-2.003365659683357780e+00 -3.700449663380020127e+01
2.904579970927992250e+00 2.720983155438690204e+01
-6.656646125875091080e+00 1.226583950341811224e+01
5.695739470497317214e+00 -1.631433563993226699e+01
-1.074934683423419735e+01 3.023122250533313249e+01
-1.294839832490839626e+01 3.389549995940635796e+01
-5.812455968924343352e+00 -1.605430253253211603e+01
1.302929230560531337e+01 -2.304668466902998603e+01
-4.789856328641756811e+00 -8.683221540959848994e+00
-6.688554234604199067e+00 -2.251767132475342592e+01
1.724024173120061221e+01 -8.059087744531385766e+00
1.845459173343973802e+01 -1.923982502121433313e+01
2.132990036252478294e+00 1.670553311475508096e+01
-2.096341653898372925e+01 5.058571737486751374e+00
-5.700172183361274847e+00 9.336267497870792909e+00
-1.096672885859248936e+01 2.283398358638685011e+01
-1.820855867599538414e+01 2.240034391305693973e+01
-1.362227186686197555e+01 2.453424080759268477e+01
2.254079735355674075e+01 -2.128574514703030829e+01
-2.460386238335503606e+01 1.039264874707836483e+01
-8.661020319260408939e+00 -2.526488566845956285e+01
-2.306533258540422437e+01 9.015995913934922612e+00
-1.828885889368070750e+01 2.191866841395730603e+01
3.507070814736202191e+00 -1.777531982474964423e+01
1.770536419360951541e+01 -1.667519687878066748e+01
-1.404566891860805100e+01 1.733741632402672650e+01
-6.947815118578557936e+00 2.126244094286138164e+01
1.069391957455321496e+01 -1.374080957559544913e+01
2.738929599578936092e+01 -2.273495547528307270e+01
9.335398654527546469e+00 -1.996251015558312147e+01
-1.193559605426477788e+01 1.409521551272383988e+01
-2.571740599293032048e+01 1.485168257834696526e+01
-4.691889772765011624e-01 -1.607485933790093569e+01
1.057245801802211105e+01 -1.762759132252798366e+01
1.284472618216349638e+01 -6.530094013110739226e+00
2.614821388059791918e+00 -2.870508673545717215e+01
-1.955924604773436215e+01 1.963227323200352359e+01
4.186946911611528321e+00 -1.431888764475368836e+00
-2.932232985007615866e+01 2.151164438116812150e+01
6.679903123725899228e+00 -2.444288951539533983e+01
-1.047559569722372252e+01 -2.081183057506159528e+01
-7.768522639563919086e+00 7.963680516705529122e+00
-1.645464854458592141e+00 -1.973921484724320052e+01
-1.520851502990048232e+00 -1.073796825202771288e+01
-1.263872025674818644e+01 1.624951008469201952e+01
-2.939251746284449140e+01 2.158020566459775935e+01
2.047917636519734685e+00 -1.927054241628528430e+01
-2.758196480422984465e+01 1.869739123173480877e+01
-1.403670018868066638e+00 -2.607414979006502165e+01
-1.172757163163247895e+01 1.816727590152074256e+01
-2.294252417826754709e+01 1.435233182087340253e+01
6.950940908269822138e+00 -1.862332084410055799e+01
6.082853270103240062e-01 -1.534079172345503039e+01
-5.859253964187705499e+00 -3.071095532718012322e+01
-9.837705963355356076e+00 2.172257951450065150e+01
-2.001954946232461552e+01 2.424099386744586226e+01
2.331178507062788441e+01 -1.634710903661106229e+01
-8.093539811662749273e+00 -2.929625957908151435e+01
9.837486167054347863e-01 1.126874869515633293e+01
-3.122743087330198453e+00 2.314638614334252509e+01
3.229907691521616186e+01 -1.429095786854547967e+01
1.480063181893246593e+01 -1.962940858950770817e+01
8.381499293506450954e+00 -2.983244021093950948e+01
-2.406260321386530787e+00 -3.043362892939218867e+01
-1.691979864193981609e+00 -1.466933987254038207e+01
2.792363177152554954e+01 -1.125231186006345041e+01
1.965042645079462247e+00 2.421584206599134603e+01
-1.080287794604915597e+01 6.134385565930128514e+00
-5.312354593835759253e+00 -3.542992202214665554e+01
-3.899002582208805023e+00 3.417681432085655047e+01
2.161432178942716220e+01 -9.744057465425226994e+00
2.986141046765139961e+01 -6.489221187671359914e+00
2.612676763428656734e+00 -5.844023022527007782e+00
1.516573662921872412e+01 -1.460352263166088349e+01
-1.310995803996593700e+01 1.250599840521825490e+00
1.068211258015723608e+01 -1.103162220531472215e+01
4.412705030802290374e+00 2.594899440842109328e+01
-1.717989511349372611e+00 -1.375039053516809595e+01
1.204830973814341100e+01 -6.575844886187889315e+00
1.544821611885503998e+01 -6.100837272008790002e+00
9.985636806146256816e+00 -5.794679188511943302e+00
