-1.422090956672341235e+02 1.236430848412549999e+01
-1.928951238741699115e+02 4.905817757021932266e+02
-4.234530868783823507e+02 4.135991452428499997e+02
-2.938035202681647888e+02 -4.215203518843857751e+02
-2.458184156623846093e+02 2.540087003000307391e+02
2.579838503081900285e+02 -2.220965841476545677e+02
3.475906774234861984e+01 -8.076458086588313279e+01
4.484993709372956232e+02 2.283660906425644725e+02
2.333849090024780182e+01 4.708526442666145613e+02
2.523978226903792859e+02 3.763032526467029584e+02
3.336532549586279401e+02 3.600610015256018670e+01
-4.502617650117740595e+02 -1.613877548848709864e+02
3.448811891947933361e+01 2.857511198411157238e+02
-4.628693818139202563e+02 1.384756229544654218e+02
1.601429090937542696e+02 -3.681189111785058685e+02
2.437870342187195760e+01 -2.478908742622815282e+02
4.651915828361841818e+02 -1.418599679021805287e+02
2.011916632529799926e+02 -7.810561693717160381e+01
-1.926961564320298521e+02 -1.491729724057642272e+02
1.906679793435366932e+01 -5.271868837413227311e+02
-1.055845490471735246e+02 1.554167664770429838e+02
-1.034755798246477667e+02 -3.410428727214537048e+02
-3.216268385437483630e+02 2.012911383912918595e+01
3.942624014256743976e+02 -4.010027984245756443e+02
7.613634674832805160e+01 8.519098632508368496e+01
2.092031318539143001e+02 1.731045424815719400e+02
