-2.054932207779193121e+01 2.822420123552377191e+01
3.420939411110089168e+01 -5.655476392945876896e+00
3.457847413504819656e+01 -1.114067001820557579e+01
3.261599874812825561e+01 -1.189961993376310367e+01
-2.186013756515143669e+01 2.915685969259887500e+01
-5.986475180878960245e+00 -3.422335751294352235e+01
-1.491388762913327604e+01 2.105516746756657653e+01
-1.388614780560235396e+01 1.782067072051626155e+01
2.900624517071440778e+01 -2.062076029076894201e+01
-4.043274602471490731e+00 -3.366636994360457891e+01
-2.280242501958692714e+01 2.817815800083409172e+01
1.355710763393391005e+01 -3.086329335549142527e+01
-9.536073858589322327e+00 4.641829266114010011e+01
-8.421992870986672486e+00 2.793427780801802385e+01
3.346415013170611275e+01 -3.392218160846657060e+00
3.448109250200811715e+01 -1.406839666126273514e+01
-1.690961183647537780e+01 2.353197037201091391e+01
1.202558624191440373e+01 -3.671436566222171649e+01
9.962221394412043907e+00 -3.247714361010705630e+01
-1.502259559153756996e+01 2.183533587685301214e+01
-9.901542328365716017e+00 4.083306456108463323e+01
-1.122042521931460612e+01 2.227815521925634812e+01
9.770139842041324130e+00 -3.730338609215062462e+01
3.338299733506856626e+01 -1.596075991085199242e+01
3.772901218222433073e+01 -8.931150662494697912e+00
4.579903903235615026e+00 -3.088367828551978889e+01
-8.710724330970862184e+00 4.788493991126604499e+01
2.877431596180150208e+01 -1.932794356423310234e+01
1.018536529989651163e+00 -2.791555770020894300e+01
-2.720071061189069539e+01 3.021108004259557589e+01
-1.362422791332753569e+01 4.596773176527081972e+01
2.177609595047597679e+01 -1.709941772969383678e+01
2.746273226162895753e+01 -2.021285361667167635e+01
3.662325321286178337e+01 -1.495249666064046190e+00
2.588287425188352131e+01 -2.797873226694990478e+01
-2.937545843589411732e+01 4.493003250113851976e+01
-1.175821422111061842e+01 2.273683836045951168e+01
9.373924080479831389e+00 -3.481012508597054733e+01
3.521643309147792422e+01 -7.921101618153585378e+00
-8.939130395796464512e+00 2.437754487056052355e+01
3.300168255504367210e+01 -5.547927498253132583e+00
-6.716596707466112370e+00 -3.286409043615630310e+01
-4.194042682702609492e-01 -4.205260958953906680e+01
1.565285995558196319e+01 -2.113145166679897713e+01
2.564457010194956510e+01 -2.240422308572796339e+01
1.552718955690189162e+01 -1.708242138054587045e+01
-1.783670835639976104e+01 4.626033154378000489e+01
2.502362372510864219e+01 -3.245675004989722368e+01
-6.435598127266998425e+00 1.647905751078621606e+01
-3.615902849620010961e+00 2.175551727786906042e+01
-1.060565352506994685e+01 4.485248987308648339e+01
-1.547150190697869476e+01 4.464348781561662349e+01
1.851522987363635053e+01 -2.103012446886215869e+01
-3.092866270077896118e+01 4.774285953335706267e+01
1.975857033190070311e+01 -2.850001954417830063e+01
2.346029834878794418e+01 -1.920647293828377755e+01
2.276013856273558034e+01 -2.315847407778412048e+01
1.892216376205498563e+01 -2.616433816685604086e+01
-1.349760516603799765e+01 3.564989890046499710e+01
-1.006740423520060723e+01 3.565437838596716347e+01
2.651437362033167044e+00 -2.627270132521742241e+01
3.546014274136461353e+01 -1.960464540333075334e+01
-1.622728243257288039e+00 -3.343458473184576718e+01
-7.820805875820503239e+00 2.415696655973775009e+01
-8.892689237107834543e+00 2.583865901835671863e+01
7.465745341422146630e+00 -3.757025777164641056e+01
-3.670242241096699942e+00 -4.226918836855257666e+01
-3.004043342360089408e+00 -3.016191750406657235e+01
3.637135256313599996e+01 -9.317744680400663171e+00
-2.014503876614418587e+01 3.013765806805519532e+01
3.785603024362868041e+01 -1.711197695642819738e+01
3.203724884528657668e+01 -1.376752689641334015e+01
3.863769272911451225e+01 -6.022537508539367757e+00
3.658784200253792562e+01 -1.364510950301087711e+01
-2.831171520220234683e+01 3.144150024874099003e+01
3.541767984846170236e+01 -5.892362795248817342e+00
2.309363777593625500e+01 -2.476086232791478281e+01
1.003125601248846444e+01 -3.099821448283787007e+01
-2.914308262424634677e+01 3.458188033318036503e+01
-1.443235525126882202e+01 4.307806069451078912e+01
-1.449978764438720269e+01 4.106058720272917384e+01
-1.174175540608081292e+01 4.185269627600785469e+01
-3.960486843765818499e+00 -3.859140053032233908e+01
-2.761667644868249560e+00 -3.635088909727711126e+01
2.545063251849663999e+01 -1.918573755518157142e+01
-1.027823030966276541e+01 2.293570075296237931e+01
-2.590230998779149729e+01 3.171422032716474249e+01
3.329404038918730890e+01 -1.848905368810132188e+01
-9.693728181801345656e+00 4.179717854733112858e+01
-2.716273199706598263e+01 3.818941571505563815e+01
-7.180180664574277394e+00 4.518860308257379188e+01
1.657650861647625362e+01 -2.721034637175429793e+01
4.078677452439055884e+01 -6.541989838796389733e+00
-2.499725941264269835e+01 2.995346119517047256e+01
-5.337133218632454934e+00 -3.837724869134537897e+01
-3.023833046207804998e+01 4.505037329970512872e+01
-1.199285497190474103e+01 -4.409106914458308069e+01
-6.371848258781564134e+00 -3.927961794846273591e+01
-7.178798901298744539e+00 -4.174374266434811176e+01
-3.092656002251308678e+01 2.402881523341813619e+01
-1.083153214410105569e+01 3.872106208697874052e+01
-2.379749046368775822e+01 1.602756592024889670e+01
-1.265779038837637671e+01 -4.369473650029885903e+01
-1.130806596908973383e+01 -3.986325111223815298e+01
1.305781567731255244e+01 -2.836585945082751792e+01
5.719931305588626946e-02 -3.598662236046948948e+01
2.707207485595010255e+01 -1.510041110381869700e+01
3.443373855227840608e+01 -1.789746637888915970e+01
1.973648357030456602e+00 -3.861445022274514827e+01
-3.017272421833660800e+01 2.365176735378206629e+01
-6.247084362492262954e+00 2.846177305588834017e+01
-9.655227340754970911e+00 -3.433412844458351998e+01
-5.661372911047026335e+00 4.372958703068212571e+01
-2.887018460434014955e+01 1.757714710604576780e+01
2.526709722282183179e+01 -2.501889009631126726e+01
4.079381922682074446e+01 -7.765663736823330332e+00
-2.685744085166297168e+01 2.101881583745338489e+01
-4.936619426604399230e+00 -3.386612021051396937e+01
3.268718020557616200e+01 -8.804329004506872280e+00
-1.990342923261118102e+01 2.710558755687675614e+01
2.229098897132736923e+01 -2.844372195687897431e+01
-1.428826096807751966e+01 1.942868239123180629e+01
-1.368672401090644364e+01 2.613414749803515846e+01
-9.889051779981080870e+00 1.929827970747456689e+01
-4.724468596457563230e+00 2.936131425749118407e+01
-2.058969636237035061e+01 2.634485301396727053e+01
3.937365564562254949e+00 -3.671961117798651486e+01
2.773783363805135949e+01 -1.830176248994927590e+01
-1.982777120649377878e+01 2.575832402054907533e+01
3.571576294921243289e+00 -3.773093279222487695e+01
2.561649588897486396e+00 -3.313690372504765946e+01
-7.713783004105693841e+00 3.572262750644544127e+01
-2.198701091779486561e+01 3.064774242074042121e+01
2.640080940379071350e+01 -1.857493768748762264e+01
1.122916975487251001e+00 -4.066181539656626143e+01
-2.162146724093524952e+01 1.789141096982681844e+01
-2.934312276202809144e+01 3.008993357093470777e+01
-2.688655649978117168e+01 2.775212535115370116e+01
-2.880290797236545330e+01 2.077071618656403018e+01
-6.578730816020622818e+00 -3.648884309808006776e+01
2.654345241377022102e+00 -2.825037914211850776e+01
-1.173394576229394559e+01 1.997527503028744533e+01
-2.379478944632007487e+00 -3.926913337668050019e+01
3.022480450151660492e+01 -7.851341655852832169e+00
-2.746642283819097585e+01 2.770221008507989779e+01
2.172832223565998588e-02 -4.178023562858957973e+01
-2.424259631582969732e+01 3.028501697160296757e+01
-1.986717482694903936e+01 3.819365531296752891e+01
3.883485455964307942e+00 -2.726244187006349051e+01
-1.227102597120600969e+01 -4.087094216434630312e+01
-2.493937324188003046e+01 1.905391034954886464e+01
1.457708194417532299e+00 -3.184813743726982693e+01
-2.068945263585854377e+01 2.058992462981410299e+01
-2.557677705189521333e+01 2.411216641669649263e+01
-2.856923079536145238e+01 1.772614587203022296e+01
3.700939637380116665e+01 -4.220931734900595700e+00
-3.267131994843548881e+00 -3.788557353950151452e+01
-5.784947293838661686e+00 4.445654710596256365e+01
-2.490312577455397047e+01 1.780449638008400726e+01
-6.694239945265250569e+00 -3.789258791132294135e+01
-2.624795212080911266e+00 -4.307437259070228208e+01
2.757929393406154617e+01 -2.450686591312985030e+01
-2.250224807523726867e+01 1.652025526513365961e+01
-2.405825361515878669e+01 2.061286315111460965e+01
-8.728389153784917198e+00 -4.305788945224360020e+01
-6.142760844357972871e+00 2.477218661486002560e+01
-4.948536545459473857e+00 -4.205424126448959044e+01
-4.444331645364623107e+00 -3.639853659400946384e+01
-2.942182305492042005e+01 1.983618696643005563e+01
3.729423870897186788e+01 -7.538248646689186039e+00
-2.252418321455891359e+01 1.786347254749057711e+01
2.622220577949421738e+01 -1.126483612927243882e+01
-6.396525118729354809e+00 4.295263190870963399e+01
-7.616484903362782610e+00 -3.553862301821597214e+01
-2.425558006230598806e+01 1.771115654804712847e+01
-5.514945053364461280e+00 2.431817765925692854e+01
3.867075685707585109e+01 -1.615769538491186097e+01
-9.328359594577216640e+00 -3.831422267391997849e+01
2.033297758979194469e+01 -2.662395751176621062e+01
-3.209113232076840205e+01 1.892379148261634114e+01
3.075758542686162778e-01 -3.636323109750586724e+01
-8.928858234302827768e+00 4.591848697683787606e+01
-3.182529949780485623e+01 1.927370692496516469e+01
1.021509593707911989e+01 -4.066783432307717305e+01
-1.069193231433349034e+01 4.350674363750535178e+01
1.512535388975936534e+01 -2.445678577506270912e+01
-3.977773151357173465e+00 3.233429580773939449e+01
-5.831373957959709031e+00 -3.733806452940923748e+01
2.604706958998780308e+01 -2.156228030259741146e+01
1.769536651751720058e+01 -3.091477819054608744e+01
-1.054596130134275889e+01 -4.189064174399303653e+01
-6.229386017513165008e+00 2.671559576015058823e+01
-1.946388844032588494e+01 4.057590624292136283e+01
9.341593344501697871e+00 -2.329605656446722151e+01
1.737539679342644661e+01 -3.559446942067250319e+01
2.513406641898491856e+01 -1.341486023076628520e+01
-4.785365479384898535e+00 -4.000966428287690491e+01
-2.300234914742915393e+01 3.454045881540617557e+01
-2.577395777118337605e+01 2.754946132627350863e+01
-8.960788802436288947e+00 -3.671027998752963839e+01
2.681394169006639672e+01 -2.932968871623306839e+01
-4.949604769463697984e+00 3.187306725892824844e+01
1.175136352295070630e+01 -2.561622924929859124e+01
-6.955635958836322352e+00 3.413730799050471632e+01
-6.535845073689523055e+00 1.871735150687248961e+01
1.491901769948237799e+01 -2.268664207615148243e+01
-2.285323429475401724e+01 2.238403206317646621e+01
3.013912503536439758e+01 -1.045170766130428142e+01
-1.611420112022736006e+01 1.854278347575587560e+01
5.105145208393106593e+00 -2.676439234689174285e+01
2.032048860728216866e+01 -2.302202317937969411e+01
4.836778424063543191e+00 -3.552376585741676251e+01
2.356105561893412315e+01 -2.146967214584345740e+01
3.055404204275016156e+01 -1.935981437810404060e+01
1.499590754414827920e+01 -1.989009331094197108e+01
2.817602081519526891e+01 -1.540935948401920719e+01
8.282054196083405984e+00 -2.840907037043519523e+01
-1.019556156056632368e+01 1.821320857557697082e+01
-2.202551335432998059e+01 4.679287647635790393e+01
1.515696376510576471e+01 -3.546817114249747505e+01
5.871513362726247465e+00 -3.060457456378858154e+01
-3.398426257224452485e+01 2.598124916788991001e+01
-1.716562588028098091e+01 2.025407007722325403e+01
3.808110357427881354e+01 -1.321279691222108355e+01
-3.320021881722314561e+01 3.223969867460703398e+01
6.853797757575593508e+00 -3.299075581762161846e+01
-2.861774198790690704e+01 3.485367666051687507e+01
-2.242788116376387109e+01 4.219622670747683202e+01
6.395743373994293712e+00 -2.964387281079483571e+01
-2.934758844132344535e+01 3.349477267532287073e+01
-1.491987734839629276e+01 3.283705946240053208e+01
1.396472600163587963e+01 -1.921995707747844051e+01
-1.506300497296167862e+01 1.862952895839172740e+01
-1.989366422000090395e+01 4.446440551505981631e+01
-1.495545507566849963e+01 1.747143328254006533e+01
-2.927312830430673785e+01 2.342701469205868392e+01
-6.778122703781564340e+00 -2.985448890150655643e+01
-2.523521475081563281e+01 1.630381836140590579e+01
3.029187520654724075e+00 -3.936825404307044352e+01
-2.803082579453752388e+01 2.212583071899353726e+01
1.456601772160627561e+01 -3.699990918473427826e+01
2.872824801646301651e+01 -1.427642373884933669e+01
3.494979542301454956e+01 -9.864526074360405516e+00
-5.292975894662831138e+00 2.872316069345745149e+01
2.415771676387436173e+01 -2.839814611672709788e+01
9.964789991696049398e+00 -3.998092742948633571e+01
-2.664658875090687573e+01 2.332102536803756720e+01
-2.865887034732131156e+01 2.518891755357338980e+01
-9.642166669815152025e-01 -4.543646476780635624e+01
-3.249211353013872383e+01 2.437340978231097210e+01
-2.446448386031379485e+01 2.574374059586822838e+01
1.752749752155156671e+01 -2.919514941148571907e+01
-8.656368762177329979e-01 -3.825123583603289035e+01
-3.369797218043478182e+01 2.615624508797551329e+01
-2.411343733377389853e+01 2.313721855909907887e+01
8.979220995942451822e+00 -3.748676392570916960e+01
-7.705104253369981393e+00 -3.754874692832340344e+01
2.502474513823739244e+01 -1.665985420452237165e+01
-1.911072032471575000e+01 4.088430790584435925e+01
-9.280214376473455928e+00 4.161507694922897826e+01
-8.923635318367312053e+00 -4.542032971164186250e+01
3.937971387275742075e+01 -9.340506150781482830e+00
3.611556756178742233e+01 -1.130524381634121767e+01
-7.120934806242292581e+00 2.643241351302720687e+01
-3.828937221068991370e+00 -3.143815929551303867e+01
-1.369871193196438242e+01 4.701601192195269618e+01
-7.937529246104271685e+00 4.334979410268046962e+01
5.161018928523635196e+00 -4.127068223267502844e+01
-3.784546185007165775e+00 2.594335808653761433e+01
-8.159231392773707014e+00 -4.016429069478488145e+01
-1.844255592226348384e+01 2.757659444738564147e+01
-1.329526719673527602e+01 2.641240241049140280e+01
1.726051363640291214e+01 -2.596461681352118234e+01
-2.231273590185395150e+01 3.282511063738017043e+01
1.010578286603559306e+01 -3.499362581989289822e+01
2.868815875055681630e+01 -1.607909836384076741e+01
-2.188539946348998910e+01 4.559967419346878614e+01
2.096323051219105693e+01 -3.003824599451241895e+01
3.456295496224093711e+01 -1.611260208595104260e+01
2.228710587871648130e+01 -2.547345187229191765e+01
-2.636331409590180286e+01 3.834304617385639347e+01
1.634986966536837016e+01 -3.039122044127122990e+01
3.624721243354672851e+01 -2.567862933614033505e+00
-3.245627081186061247e+01 2.984160764351560502e+01
1.403910889979676035e+01 -3.528414849703924006e+01
1.177450319855443972e+01 -3.385697049303137618e+01
-1.761033553718290534e+01 3.490937801481284453e+01
3.365689760479198611e+01 -6.583502378093172069e+00
2.349015121551373397e+01 -2.860731486783558708e+01
3.430511250437726289e+01 -1.838347630190927262e+01
-1.896030186290959563e+01 3.469516044833657276e+01
1.353042858302071849e+01 -3.281695846749397560e+01
-1.537998834407851945e+01 3.208700650203816451e+01
3.327748528523379434e+01 -8.157806394436541098e+00
3.776650355528256853e+01 -1.586154085868481367e+01
2.118102817221851097e+01 -2.845793781390849020e+01
-1.988850396062200332e+01 4.369534424082039692e+01
-1.377398275031225339e+01 4.372637438998536652e+01
-1.685221735260304499e+01 4.260995090982795830e+01
-5.419126836052465812e+00 3.480502250340640558e+01
-2.239561270706505169e+01 3.696565276420615476e+01
4.012267365037053679e+01 -1.055191910452262150e+01
1.819200312535123132e+01 -3.426300676193324790e+01
-5.272153260399340624e+00 2.143883368650974219e+01
-2.899093521713601618e+01 4.493569102900111290e+01
-1.238986148669846266e+01 4.730401508025671120e+01
1.627136128460616860e+01 -2.856743355266465301e+01
-2.290931837470892241e+00 -3.504354501153520118e+01
-2.247801279927434237e+01 3.534584159450892571e+01
-2.966554580366249638e+01 3.868487858873656648e+01
1.268817300707123685e+01 -3.830690365412416298e+01
-1.655133177963111990e+01 3.047558448966392675e+01
3.470682488021960665e+01 -8.051719747246625758e+00
-1.536710736475665406e+01 3.928459679878129407e+01
7.212819550615945374e+00 -2.923420497085346170e+01
-8.262519290847768261e+00 -4.418789918684200302e+01
-2.173744089664923251e+01 4.403822036002275553e+01
-9.298690976131046781e+00 4.895596994270781011e+01
-1.081038987831156284e+01 2.396722296919582007e+01
-1.727801143078286472e+01 3.105890338903797598e+01
-7.196269213401275344e+00 1.746402063713016872e+01
-1.668246222710976312e+01 2.859244164165755464e+01
6.203224212067125265e+00 -3.423153668467838884e+01
-3.149990220604238544e+01 4.850237840404555811e+01
-1.260699511285807084e+01 4.074369174608564492e+01
-1.658185485599682707e+01 2.750684737735358709e+01
-2.585118726192420979e+01 3.569119270618889317e+01
3.201653516259865739e+01 -1.460348353021670853e+01
-3.084591373483768706e+01 2.623955301380478744e+01
-1.395262507223049475e+01 2.933359587827259674e+01
1.712952267600051215e+01 -2.344580128909880656e+01
-2.860779298438388096e+01 3.889461402899058129e+01
-2.804731007411994170e+01 3.628958537018399966e+01
3.772782186890960077e+01 -1.151369110447748945e+01
2.867860602265881553e+01 -2.359133952321752403e+01
7.576949747320490758e+00 -3.304195057777629785e+01
3.558373282680306460e+01 -3.710687175235859225e+00
3.694894195093501921e+00 -3.279224353416793747e+01
1.191113906080289908e+01 -3.545041290836478964e+01
-2.656949877623980782e+01 3.925804917817769280e+01
-7.705594187235226045e+00 3.694946569891400401e+01
-8.413497396758218727e+00 1.713546537452852192e+01
-2.970351192465096091e+01 3.629317285142253269e+01
-1.465136963493617372e+01 2.531896485906685967e+01
-1.849270163316336735e+01 2.866920081706272683e+01
1.512129176924941021e+01 -2.781246502480381366e+01
-1.833938461541699994e+01 3.674408091862617454e+01
2.628959161665142830e+01 -1.234693942906155328e+01
-1.386254026824296837e+01 3.679201383884525001e+01
-1.168776497743924736e+01 2.727666706359549664e+01
2.327880087661784003e+01 -2.674719263325667384e+01
1.600276009913148201e+01 -3.293229254997648781e+01
-5.535114882784230694e+00 3.255712715932953216e+01
-2.203339276939042790e+01 2.645317878388039290e+01
1.591933162051602757e+01 -3.175303310550142655e+01
2.856001711623890049e+00 -2.744695088904108360e+01
2.333245439812263200e+01 -2.384432987407380011e+01
-1.460804449868110488e+01 2.375700847560297646e+01
-1.574102194976104308e+01 4.189167806069492173e+01
2.129709306117326406e+01 -2.085884521220168253e+01
2.343824733340384725e+01 -3.129476035421720681e+01
1.228400981056810437e+01 -3.368617147662870792e+01
3.136993982132538150e+01 -1.583739908588963985e+01
-1.231449975031624966e+01 3.212313792848762972e+01
-9.444440907658279372e+00 1.732624011772520234e+01
-1.660884950542649108e+01 4.473641236669017474e+01
2.943317574570652440e+01 -1.828731702471885612e+01
3.107543144314317374e+01 -6.272761367256178389e+00
-4.580928242329860289e+00 2.175855274127048133e+01
3.091235751498434325e+01 -1.386919694125626279e+01
2.061366188679831879e+01 -2.229177674235276996e+01
-1.154695639911609817e+01 2.767226485109086553e+01
-1.656360363939639058e+01 4.346458886570665214e+01
3.152203329296024492e+01 -2.164482379210874186e+01
-1.667006687931657183e+01 4.584117252724538361e+01
3.674251902731337083e+01 -1.258339335695648664e+01
-1.712290477513426268e+01 3.992724504523176421e+01
-1.482831570480472294e+01 4.222343327757467080e+01
1.509666258640370806e+01 -2.565474794840062245e+01
3.180223909741523514e+01 -1.881828144354854970e+01
3.677825501036846134e+01 -6.173602201560679958e+00
-2.112927410007746687e+01 4.574985158067387658e+01
-1.254658536576220129e+01 3.013195467446217535e+01
1.046953451338409113e+00 -3.913496615337284368e+01
3.447703640068800723e+01 -2.047588588077106309e+01
-3.166535750655698678e+01 4.873778181395111631e+01
-3.293109794517462063e+01 3.167184100009827574e+01
-8.717664666449932653e+00 -4.092480529011930201e+01
2.060803966432180445e+01 -2.518820815306427008e+01
2.962549914051541577e+01 -1.118632673988228099e+01
3.886780870763409723e+01 -1.298152141334764309e+01
2.435679627820273296e+01 -3.205331554971081687e+01
-1.214958355692634306e+01 -3.768911649676857678e+01
-3.110608783808375577e+01 2.724599902319133093e+01
-2.118540112971171396e+01 3.535445082217461987e+01
2.965004862945615827e+01 -2.824170375610479056e+01
-2.700945840304715873e+01 2.885580234574763736e+01
-1.079993440886751799e+01 -4.014864631500454806e+01
-1.337247590801213093e+01 -4.235199311917088494e+01
7.503010801961462306e+00 -4.029744629141512746e+01
-2.415593916147870335e+00 -4.095622558724617335e+01
-7.456244579833765762e+00 2.063859536002769701e+01
8.842942322098876762e-01 -3.275881453666749366e+01
-2.795602245310539047e+01 2.650309862362532343e+01
3.122151361462017860e+01 -2.433255126024887005e+01
1.991900849906691473e+00 -3.082364833750321864e+01
-2.438785540451549494e+00 -3.742466840300944853e+01
-7.161409469066330580e+00 -4.268007409161115362e+01
