-3.039250139792608252e+01 5.580544959147538897e+00
3.263091213912147026e+01 8.608448131021912531e+00
-3.156165189795601833e+01 8.194781585478777330e+00
2.304313697133538597e+01 -2.031738739444407926e+01
2.417055376750582596e+01 3.485194757004151711e+00
1.827580408049397676e+01 -1.931720296869133335e+01
-2.993750297705659236e+01 1.244652281744687672e+00
1.499249631626288881e+01 -3.422629523784089134e+00
-2.414164498179327722e+01 2.243890110252489833e+01
3.749050306677176536e+01 8.109182412267674778e+00
3.241030012034089935e+01 4.376822892694337774e+00
2.442770407845105041e+01 -1.393200497378117220e+01
1.770495577153677758e+01 -1.085054172726118793e+01
-2.315516202267185975e+01 2.616039956501516883e+00
-2.653436418465562951e+01 1.913306339417744084e+01
1.676362735794596048e+01 -8.487697511976024956e+00
3.431654364609296692e+01 5.166882208429041334e+00
1.999366558382818937e+01 -1.341930111133975956e+01
2.807073234739441503e+01 6.647307438762518395e+00
1.485631252420853876e+01 -2.156878311542617155e+01
-2.598322970164264945e+01 1.537933364144354620e+01
2.507924026718515620e+01 9.564577420267345031e-02
3.738789064631734504e+01 1.424185891571448082e+01
2.869715947334299244e+01 8.495794602438121457e-01
-3.425871143759309234e+01 1.213948707625066881e+01
-2.204298126118706946e+01 1.370082159659603782e+00
1.583881208494832826e+01 -9.849572968206166124e+00
-2.583993994057602706e+01 6.883516006547254484e+00
1.688384874878796893e+01 -2.292563987736940234e+01
1.265663316001388772e+01 -9.201346965140009715e+00
-2.257726331937111297e+01 1.656264051267025295e+01
2.507493723208046177e+01 -6.042405044424521421e+00
-1.471132980257996614e+01 2.672164368292679892e+00
-2.473002021848065013e+01 -7.099632768473461697e-01
-2.481802981909218175e+01 2.293625522669881889e+01
-2.324064186695852996e+01 1.769256604303851788e+01
2.853364306653998028e+01 -8.583701261319508502e-01
2.308065789038745663e+01 -9.200611227732581554e+00
2.384237466349970447e+01 -3.076325793531822228e+00
-2.818404756343592865e+01 1.322583747703723311e+01
-2.600851994702603776e+01 1.213067136808181701e+01
-2.169462504115649182e+01 7.710592169816049335e+00
-2.678016888169958065e+01 6.342504567881734445e+00
1.754135394493060218e+01 -1.168779278487163076e+01
1.581192248579200843e+01 -1.122791201739195088e+01
3.376192553196846546e+01 1.200662842820696241e+01
-2.768505023942342191e+01 7.182019024232682902e+00
3.226700847527347094e+01 5.704288728161126976e+00
3.106856883224244825e+01 7.105820224084020253e+00
-3.793344144422188435e+01 9.255706101249078444e+00
-2.506750345979851602e+01 1.610616490516556354e+01
-2.370792129856446095e+01 1.976177498722635661e+01
1.575835976389943305e+01 -2.139494449210950933e+01
1.743112336552907493e+01 -2.033100293071232656e+01
3.155394334768896059e+01 1.790328836360611575e+00
-3.440563376224316272e+01 9.399910160884315857e+00
2.977592633776438191e+01 6.831684723161910888e+00
-2.748337395390931448e+01 1.922118384327688290e+01
-3.614575491611896041e+01 1.622428443157559741e+01
2.177042023325119402e+01 -5.813855795386049685e+00
3.574333888751267807e+01 3.723461828102037519e+00
-3.595252367335848476e+01 6.265673172733687402e+00
2.204192265245634630e+01 -2.295951564407967638e+01
2.398654255587903350e+01 -2.429953977178552194e+01
-3.766913869784509927e+01 -1.777158454387394393e+00
2.085346629076326153e+01 -3.135162755455445094e+01
2.037771291115430472e+01 -2.910531631545335074e+01
2.236195240960589103e+01 -1.125865598999617134e+01
2.023674340651399461e+01 -1.979823034092347100e+01
2.430964781336244940e+01 5.918552009151704318e+00
2.723209117999202178e+01 7.970961140073575812e+00
2.233205873193774593e+01 -1.837458912672626354e+01
-3.715987260470096487e+01 5.179983524097132808e+00
-1.852474212630046324e+01 9.533181583756483946e+00
2.045294386554457233e+01 -2.562827390578620523e+01
2.373540158112965415e+01 -6.517120531927763638e-01
3.267918422178109239e+01 9.392531846438757270e+00
-3.870424190998651426e+01 1.806366761550313171e+00
2.455864737163399170e+01 -2.663857135452317237e+01
3.089982744562658823e+01 1.122717471358996200e+01
-3.088048986698565912e+01 5.139409295138825939e+00
-2.098984518620235207e+01 1.936726031125028058e+00
-2.472800587561688346e+01 3.915136563776845158e+00
-1.871967887241597950e+01 2.199380517270175250e+00
-1.834830336053444100e+01 1.038672305081023595e+01
-3.342860620333946997e+01 3.878001351838824107e+00
1.525713301304960545e+01 -1.581425966987191778e+01
2.771183156996666241e+01 9.093304690559351755e+00
1.890215233732599742e+01 -1.459177198388165131e+01
-3.216488785770000192e+01 5.504127248723073684e+00
-3.627173148836026684e+01 8.933473819394405879e+00
-3.485519814770222524e+01 4.185185263871584738e+00
-3.725347884353872985e+01 1.505719564368340313e+00
2.021046303772795838e+01 -2.361053513437455109e+01
1.696765536354013904e+01 -2.227010773484098394e+01
3.509297669590428370e+01 9.589420042425896185e+00
-3.529184607620310743e+01 3.743965493751771678e+00
-3.295890506641794815e+01 6.636941738421660908e+00
1.881851213891514263e+01 -1.731809269398988249e+01
2.194555574589211844e+01 -2.880701378907491872e+01
-3.845769159353181266e+01 2.780428080469857788e-01
1.964640833051764091e+01 -1.559022727323200641e+01
-3.587300221344656848e+01 2.167039666748577231e-01
1.893109864299521661e+01 -2.124000307091461437e+01
-2.203385079290948667e+01 1.895837864868029499e+01
1.962343934009421886e+01 -2.452886218970665055e+01
1.827391612690338363e+01 -2.207720696541540661e+01
2.362367529579989878e+01 -2.487288023724057595e+01
-1.692419040666730012e+01 5.867748392788158185e+00
1.574820224330737339e+01 -2.430685163097103185e+01
-3.625858563171484406e+01 2.048766955490731512e+00
-3.730295404537292825e+01 -9.075163376050825459e-01
2.912232597840219839e+01 1.272235630401029738e+01
-1.700620755777457305e+01 5.980712369851392651e+00
2.234815811858213763e+01 -2.569390661871880610e+01
2.604103547321384937e+01 -3.156818959969053040e+00
1.596565221178503791e+01 -7.534769571651694697e+00
-2.901902005347207947e+01 1.905192985221766833e+01
2.027565453891402925e+01 -2.777106341256267541e+00
-2.015675606730758673e+01 1.427244788512594198e+01
2.116627749132766567e+01 -2.110522877261922403e+01
2.094354216938835123e+01 -2.962522280033555333e+01
-3.009710625769479364e+01 1.497583636980861854e+01
1.735445029480490930e+01 -6.801518503191306131e+00
2.872682484190395868e+01 1.962013378495023774e+00
2.307131601343886018e+01 -2.245261772633633512e+01
-3.415384546594795978e+01 5.261442356011969856e+00
1.815647280319366530e+01 -2.598009823648295225e+01
2.647314165662034924e+01 -3.182971668624362538e-01
-2.035955159755653554e+01 9.900094826627199751e+00
1.764799706495206166e+01 -7.512309709398918844e-01
-2.247390288187953544e+01 9.516923400057454074e+00
-1.528366322031584268e+01 2.391461227796034095e+00
2.082498046390723090e+01 -4.293230966863959552e-01
2.124302932716403447e+01 -8.749205715776598780e+00
1.476696257094116582e+01 -1.528016298109105087e+01
2.555476254776459655e+01 4.530631325969943113e+00
1.006480443085443000e+01 -1.108695842326483749e+01
-1.949674129088697683e+01 1.663787890531994274e+00
-3.270249364362636868e+01 2.059480474363627067e+01
2.031495938113604183e+01 -8.820442860539888130e+00
-4.039510130590794290e+01 1.547105673500804102e+01
1.279875797131943216e+01 -1.101358223403167891e+01
-3.922109088517838416e+01 1.326680497176473672e+01
1.139029941473726204e+01 -1.421536408338816493e+01
-3.926420796864903195e+01 1.135210639507511132e+01
1.079313840553557746e+01 -1.086269169875849094e+01
-2.979206691608497337e+01 2.028995000047762787e+01
-2.074549780169240165e+01 3.156571313271983037e-01
-3.808020249903756849e+01 4.300482452079965157e+00
1.318801948269005386e+01 -1.939406180168923655e+01
-3.812560008836803149e+01 3.055630457268524225e+00
2.948772944237337867e+01 3.478837744291923162e+00
3.566834404210938914e+01 1.258675434286674921e+01
-4.055307997616791482e+01 3.780266845054935043e+00
2.474068403993279830e+01 -1.568925277104833071e+01
-4.097259357117683010e+01 9.576345043252057820e+00
2.454166589899507755e+01 -8.159651628916623878e+00
1.558995343649298171e+01 -1.758202518179076179e+01
-4.023408800858003076e+01 5.950457892437130525e+00
2.333699649641870977e+01 -1.928276849458386621e+01
2.121584550276850933e+01 -2.410663926850763517e+01
2.789312793449035155e+01 1.017222415688260106e+01
-2.696140970543958204e+01 2.120471060028654975e+01
3.245302130302175669e+01 1.134785480445724204e+01
-2.453353620628133669e+01 1.917889850929054774e+01
2.457444258725974251e+01 -2.007969160119226615e+01
-1.487752588239161611e+01 6.141159224633132574e+00
-2.814281201734124949e+01 4.323971240488645229e+00
-2.554867687480336969e+01 4.094714522478901664e+00
2.138801516840357309e+01 -1.480736826819173180e+00
-3.235453136656740014e+01 8.946521804669057332e+00
2.756233885356019897e+01 3.825995957422815952e+00
-3.167050271550306917e+01 2.068757854105305327e+01
2.547261032206354514e+01 -9.780595666135665667e+00
3.099420896134028425e+01 5.508952473579895148e+00
2.503702850049086592e+01 -3.334597955068887565e+00
-3.651162217581483560e+01 1.562080495613192532e+01
2.520931691906988092e+01 -1.178846130886039845e+01
1.882158500246315214e+01 -3.471789079544924217e+00
1.890128519836700249e+01 -3.916781126750184416e+00
3.478384335290216001e+01 1.222553429608171705e+01
2.684585445103272860e+01 7.271452637130890295e+00
-3.049303429391298437e+01 1.114947932301584821e+01
-2.703756276032234496e+01 8.813249246934509173e+00
2.585666485634128620e+01 -8.270185432400452896e+00
-2.586139765944047042e+01 1.682706277242973414e+01
-2.274761778199426132e+01 1.156263817342327727e+01
-3.094578578629028343e+01 1.418365939304596246e+01
3.220847880995756896e+01 1.376014568893000600e+01
2.346490356801958654e+01 -1.012083948576960779e+01
-2.025243282920281729e+01 5.823546950580097636e+00
-3.461735731489456214e+01 1.203534522692588027e+01
2.395985482844696079e+01 -7.716639485722883052e+00
2.439604426771115797e+01 -2.279781657613181878e+01
-3.374257820050111434e+01 1.005572718594749126e+01
-3.927466711894803808e+01 1.719791943477597584e+01
2.469489872009155818e+01 -1.294758275573705930e+01
1.562221804922567081e+01 -2.618550040875309648e+01
-3.020650623198384110e+01 1.926847206980966121e+01
-2.571923694900015533e+01 8.788717503757979443e+00
-1.587889096659322696e+01 1.778027660187885273e+00
1.336522103862172273e+01 -1.399024955570834017e+01
-3.959346921275530917e+01 1.815129197502407266e+01
-3.593060324333629296e+01 1.437510006530110118e+01
3.347523117958879624e+01 6.839223910521783800e+00
-3.888293789911084986e+01 5.896456169298249783e+00
-2.301158446975979999e+01 6.717227229038548186e-01
2.193505141968172367e+01 -3.656494500046817642e+00
-3.819731954923822315e+01 1.544666123848054085e+01
-3.821427345167475664e+01 1.385730728486097263e+01
1.414026038569853228e+01 -1.249512785128755077e+01
3.696205193604353667e+01 1.328737481807178078e+01
1.803562163126509077e+01 -1.290404872562378813e+01
-3.920413230660039972e+01 1.420811136772557504e+01
-2.415313085180951447e+01 4.587174101530691495e+00
-2.878685466246698610e+01 5.681052972905862752e+00
-3.028268221011265027e+01 1.183784814519986028e+01
3.461787657872173440e+01 8.334173831181962200e+00
-2.911577385898473835e+01 1.324325872825683703e+01
-2.528402340169562024e+01 1.399474240125530899e+00
-2.080322010663239141e+01 9.363632577846358274e+00
-3.159625932257304726e+01 1.996875461252851869e+00
2.347468753005725617e+01 -1.180112037143689641e+01
-2.280541197635166029e+01 4.226804026967909245e+00
-2.718579876514684912e+01 1.673536696431048298e+01
2.626428552619015733e+01 3.115700591034367140e+00
2.597692927806552632e+01 -6.246880210760164864e+00
3.058338448103088325e+01 4.307579570385789758e+00
-3.198016665947722714e+01 1.570278120016977041e+01
2.504612735752980512e+01 1.927446564414253549e+00
3.597427765780430775e+01 8.905664453367069910e+00
-2.043454320897497567e+01 5.375627290582679407e+00
3.170975034069765286e+01 3.699530337329901997e+00
2.556808153522066718e+01 2.517338246461596540e+00
-2.599818145810677095e+01 1.640509984200771765e+00
-2.385098148606767055e+01 1.659917538056858177e+01
3.080074598291054855e+01 9.084015744706286810e+00
-2.570808512752519093e+01 1.777263786525670142e+01
2.258583166320106983e+01 -4.454460467095672449e+00
2.968951436345981065e+01 7.503698841745133130e+00
3.384226046690569945e+01 1.284152352352259818e+01
-3.090353659278934018e+01 2.078706180181173480e+01
1.994749319330759718e+01 -2.210940775624994714e+01
2.882066302987065498e+01 -3.805079354542719283e+00
2.596556332673757694e+01 -4.948352529093713592e+00
2.245780106167465462e+01 -2.988107231503047601e+01
-3.856037854808973719e+01 6.776639452625037308e+00
2.504889967871367062e+01 8.435095855279920229e+00
-3.472508845073620876e+01 7.090280092716356286e+00
2.069906693450182189e+01 -2.721289183714439019e+01
2.007765602003571104e+01 -3.091240841631535119e+01
1.810408889104578023e+01 -2.384645306239283258e+01
-3.442641036380385344e+01 2.116578576864631245e+00
2.127869077226655747e+01 -1.340232315463514290e+01
