-3.312662154858381314e+01 1.579118437628336480e+01
9.833661525000737313e+00 -4.164272850391338920e+01
1.683625567058847849e+01 -4.114585673022825318e+01
1.808497896027136775e+01 -3.608066975424017642e+01
-3.356140341417552975e+01 1.796294056400317274e+01
4.653020380044871729e+01 1.656118851534672132e+01
2.024990529918399673e+01 -1.704426391375929128e+01
-2.448160954608906792e+01 7.345294417124902608e+00
-2.369253219934609334e+01 1.009354051105189143e+01
2.788255865024859403e+01 -2.205616554805988017e+01
-5.696018139201929387e+01 2.551578023555725494e+00
3.733955470191078518e+01 9.649935327164373078e+00
-3.842856410464278838e+01 1.544248197473290318e+01
4.413535804794353368e+01 -7.908170547427697095e+00
-6.290226633995671079e+01 9.278629981581229202e+00
-3.010200102374234987e+01 -1.549985135316341411e+00
8.912975952959920178e+00 -3.480717742749426691e+01
2.256846239029003698e+01 -3.504854309343102159e+01
-2.906270874614097366e+01 9.268648223359686966e+00
4.000490452713737710e+01 -2.741105965225879348e+00
4.070101129294480558e+01 3.888729933484611490e+00
-2.838206967311539231e+01 9.151575842094729296e+00
-5.318419097736964574e+01 6.236610070161659358e+00
-2.928566872563626688e+01 6.200561911323420716e+00
4.584157220574484626e+01 1.003763962661325282e+00
2.201167047426421775e+01 -3.585616117581204065e+01
1.386153186915548474e+01 -4.385568181768107365e+01
3.358043532959255373e+01 3.459974080600074942e+00
-6.231957318947913649e+01 8.138195479727960091e+00
2.823410023201356367e+01 -2.714189240678769721e+01
3.178265907240593080e+01 1.440556805189718226e+01
-3.330575610300075340e+01 2.258747631329196182e+01
-5.427340999406927580e+01 1.169723076978947951e+01
3.511653162397976757e+01 -1.923643621373895130e+01
2.451428995675421163e+01 -2.478348825944132727e+01
7.145520712162658938e+00 -4.484059126534491213e+01
3.437929122826655970e+01 -2.335123832946933931e+01
-4.494223704219101734e+01 2.947868194328493985e+01
-2.901306653016494508e+01 6.978383941952248648e+00
4.312093074152420513e+01 2.057751118695477499e-01
1.503824876738081073e+01 -4.093984311776711138e+01
-3.196820046933604687e+01 1.078917658015204317e+01
1.307790411665458308e+01 -4.018226743778814125e+01
4.747842886318716893e+01 1.674634748891456226e+01
3.402217761552382314e+01 1.298782058731594979e+01
2.585972778966546315e+01 -9.089653388595564820e+00
-3.606525688904228133e+01 -1.900568329515086585e+00
2.647708364481765742e+01 -1.023986003996749083e+01
2.071977200039665590e+01 -2.663689569014327518e-01
-5.894220008414161072e+01 7.083814323027537441e+00
3.243652506670662206e+01 -1.114027644707992870e+01
-2.210253158398210971e+01 1.370978866780206973e+00
-3.091082078178781600e+01 3.578193671485994098e+00
-6.361377740926545954e+01 1.074459022682857245e+01
8.822214526088243858e+00 -4.187197801401240582e+01
-5.989900861283696543e+01 8.179313616085408967e+00
2.543019704879814924e+01 -7.653080996166289118e+00
-5.471734587611248202e+01 2.639634437964264180e+01
3.544020205471405660e+01 -7.000896056656674915e+00
3.730566136842595171e+01 -1.949223785196527103e+01
3.140650908871179681e+01 -2.169926812670418670e+01
3.599664892091725932e+01 -1.095139566980135548e+01
-3.976854743936215897e+01 1.252451028947542078e+01
-4.615249723925369807e+01 -2.827255081159224304e+00
-3.718311089190154206e+01 1.161034430345653767e+01
3.632648692548510638e+01 -4.607250983551495871e+00
2.971196779729599058e+01 -3.179463475446774012e+01
3.838946813721658202e+01 6.978248365556585675e+00
-2.690580024324690100e+01 3.934304946852239304e+00
-3.271334865828914218e+01 1.123520576362939138e+01
4.082809804260990916e+01 6.982522601283277730e+00
4.020626869818602245e+01 6.283785395592494716e+00
3.338460496171275338e+01 1.457469753987093242e+01
3.916608763235478818e+01 5.539838640419671556e+00
1.374641343827071438e+01 -4.191470057974527919e+01
-3.505358936342795317e+01 1.267557162724576791e+01
2.395287005502967403e+01 -3.571839040132818610e+01
1.839698952119223563e+01 -3.362647955282787393e+01
1.384405090789091020e+01 -3.576498285763014451e+01
3.643878265351025192e+01 1.508031360304049606e+01
2.525830263926655306e+01 -3.867773572267270055e+01
-3.865692189629064046e+01 1.952160196644974732e+01
1.364711522026873958e+01 -3.748842206962427070e+01
3.085904876630988980e+01 -2.375254866703102863e+01
2.828783691367645048e+01 -6.099447083569965677e+00
-3.941188664871079794e+01 1.914777114676352454e+01
-5.548862272800589324e+01 1.116688707747757725e+01
-5.645450937317530560e+01 1.238379940949454827e+01
-5.653259405738803878e+01 5.040636817288690175e+00
3.811004244775543270e+01 1.477051523286995760e+01
3.691978260740336282e+01 1.350860183608174658e+01
2.158854279278905253e+01 -2.620273746411767135e+01
-2.746279923657405320e+01 6.378078164982364129e+00
-4.079839400354258316e+01 2.749980429312491026e+01
2.958257295724292391e+01 -3.649212689677686683e+01
-5.142811075744385363e+01 5.844223069484677069e+00
-4.819243631778509496e+01 1.866514513744634840e+01
-6.124099875563467066e+01 5.980640113186264983e+00
3.906197202253352430e+01 -1.201049811376124232e+01
1.396934777092463520e+01 -3.418675396852162862e+01
-3.451546248500711300e+01 2.571771310394025534e+01
4.432689302019370814e+01 1.424463563340209049e+01
-4.622624178524534244e+01 2.869642572162804584e+01
4.065387826647452130e+01 2.812059522022549629e+01
3.080658649075762057e+01 6.558262218855448467e+00
4.465920959930500800e+01 1.671479687402383618e+01
4.255893760569792050e+01 2.088203548103678031e+01
3.839632568444282867e+01 -7.461574714043877066e+00
-3.202371700038828806e+01 2.807954121380068102e+01
-5.182904457304969270e+01 8.662115455260119390e+00
-5.750381306104504375e+01 7.268266711702299432e+00
-1.879420824293524461e+01 2.488554911946124193e+01
4.124227785404195856e+01 2.815932687103001797e+01
4.149157761557827229e+01 2.571977799650767693e+01
3.806230323882159183e+01 -6.453808614110156938e+00
-2.562446732808051664e+01 7.855538804430774569e+00
2.006427574040216655e+01 -1.816588931906515825e+01
4.356810475235782576e+01 1.339009718366429524e+01
2.396616988744657206e+01 -2.269513009091602740e+01
3.064505336158902793e+01 -3.271098185270901837e+01
4.330543801064635545e+01 9.334348869343033428e+00
-3.213180616914343801e+01 2.645317837442510722e+01
-3.122679237407913178e+01 -3.930506685999883398e+00
4.234677444550103331e+01 1.812669394215739160e+01
-5.838757396839837099e+01 3.676785180732500713e+00
-2.439545983505753668e+01 2.456990245844298570e+01
3.945985785349687802e+01 -1.454864734628478473e+01
1.773361647032536936e+01 -3.917380205312651498e+01
-2.749670288837125653e+01 2.421497568890063334e+01
3.967244791044029739e+01 2.222890227872774460e+01
1.538448356855433907e+01 -3.831636248218976704e+01
-3.231395500070578919e+01 1.684838560086855708e+01
4.281413151029946107e+01 -9.903539128363048505e+00
-2.442665937455161895e+01 9.193962889649982984e+00
-3.428547302635102767e+01 6.222741763611162602e-01
-2.446461250352005834e+01 4.561308053919225891e+00
-3.292594346577213571e+01 -4.507168489065628947e+00
-3.034047759664031219e+01 1.801383491747409948e+01
2.887083298045106972e+01 7.628048473831617216e+00
2.759171602850392091e+01 -2.955597433023856979e+01
-3.004158050698262272e+01 1.896552943269216129e+01
2.924821137553239936e+01 7.442001737352538449e+00
3.492353643143008668e+01 4.218124783705129666e+00
-4.511218762656774572e+01 -4.042946453489035363e+00
-3.299474201918925331e+01 2.029741671202944886e+01
2.179879243026614333e+01 -3.249794440235023529e+01
4.416783969905232965e+01 2.098581831627484462e+01
-2.320634478961293468e+01 1.739400354027993600e+01
-3.795887122812791148e+01 2.842108533003467130e+01
1.189824893470444422e+01 -4.266765604729078376e+01
-3.402702895816125306e+01 2.365508144300990878e+01
-2.744201831380823720e+01 2.576611788507410949e+01
4.233193085681278944e+01 1.649588483988225107e+01
3.279286924436237172e+01 1.364068624270049490e+00
-2.298973961820197331e+01 6.560272653946864985e+00
3.562979536942111736e+01 1.404780131275691524e+01
9.962966563032923162e+00 -3.769133845494959445e+01
-3.370654655765919472e+01 2.395182907649334325e+01
3.474038945415287571e+01 1.428812193383454066e+01
-3.598808313066843567e+01 2.430893374096240223e+01
-4.584719007722188167e+01 1.178410082010281101e+01
3.437122982846860708e+01 1.224611000321800702e+00
4.347778263114395969e+01 2.478547536480680336e+01
-2.261210356794163445e+01 2.680254692002406003e+01
3.338369975798211442e+01 1.796572017008256639e+00
2.920831747533823020e+01 -2.034222226107070597e+01
-2.654875279278370925e+01 1.907051657727145511e+01
-2.987922235500801094e+01 2.306709378139117916e+01
-3.147948052640179384e+01 1.477707727890967426e+01
-2.236164576659823666e+01 2.138661297432823005e+01
9.523636286267402440e+00 -4.367119985115572689e+01
3.823958984273924955e+01 1.197933637549343544e+01
-5.904590997089624693e+01 4.067269299668107685e+00
-2.102678719117155026e+01 2.757816551752076251e+01
3.851524496449727053e+01 1.390998666497488401e+01
-2.088381021891610345e+01 2.655007131503367646e+01
4.276260913910865469e+01 1.723049994009302921e+01
3.553166539016761050e+01 1.245635076589273105e+01
2.064462401523644886e+01 -2.300243416109617911e+01
-2.787314186018234707e+01 1.895512881325579357e+01
4.726465252093220215e+01 1.207893959826135344e+01
-1.928597847161242029e+01 2.417541910411692285e+01
-2.921722904161195800e+01 2.166342459212207316e+01
4.165723077524404516e+01 2.038210510967395095e+01
-2.582587840074894103e+01 1.364762840582752101e+00
-2.194345025169512908e+01 2.193100117966127982e+01
3.287151532566483070e+01 1.121142702274889658e+01
4.550170668314812161e+01 1.144475185729715250e+01
-2.533457288868276436e+01 2.546139591781327027e+01
1.562537433680663845e+01 -4.371822787440945746e+01
-2.133807334573145553e+01 2.301530977081118579e+01
2.582155889327710696e+01 -3.501562293112764479e+01
-5.990042049629384024e+01 2.482625692288105590e+00
4.603509120088712336e+01 1.284446097985965096e+01
-2.142171516469904091e+01 2.561448684815936971e+01
-2.637195580638114834e+01 1.120352295894864847e+00
2.664956954169305448e+01 -4.028479249649905114e+01
3.742563313677845116e+01 1.969794588255635759e+01
3.398947412320039518e+01 -1.387478536343473579e+01
-2.618894618361280635e+01 3.059418866675307314e+01
4.804422869260387330e+01 1.054464836725538035e+01
-3.721473019157694750e+01 2.276128681031440060e+00
-6.078611183398034967e+01 9.293384966015269200e+00
-2.634098135658613060e+01 3.027573892981851245e+01
4.898622409240628883e+01 3.058600466723862876e+00
-5.008355998631520833e+01 7.097084701032714271e+00
3.137955221808590522e+01 -1.645872459650725261e+01
-3.690484879020237940e+01 -3.508026108880085481e+00
4.184901829205792723e+01 1.439867261186496705e+01
1.982142735229831843e+01 -3.202038553558524825e+01
2.756330779557587007e+01 -2.692611312140834201e+01
3.912441642635275230e+01 -5.831276016074633972e+00
4.150089983959028928e+01 2.491163870394809976e+01
-3.174019758932757185e+01 -2.695003282519989440e+00
-4.918523570029928749e+01 1.161894817496115628e+01
5.061393268281847924e+01 -2.859360850549862443e-01
4.271486663155016572e+01 -5.780125229623704897e+00
2.067686845676517038e+01 -2.564259300243578821e+01
4.490013185568998466e+01 1.329193369570957550e+01
-4.736819611251437578e+01 1.402779115293173540e+01
-3.707063406320906296e+01 2.476717417738232996e+01
3.945399309218264960e+01 1.719807876307770300e+01
3.672904910668670908e+01 -2.021837897222797054e+01
-3.738562135464592018e+01 -1.115959625659717069e+00
-2.095072984842179054e+01 1.970366062277084396e+01
2.975809219218094626e+01 -1.516321874899342781e+01
-3.913373909580894860e+01 8.309374477825591798e-01
3.878949966403922645e+01 2.173385626052748165e+01
-2.268022697088659356e+01 2.361091829887691063e+00
2.449225949078300602e+01 -1.113009487406683107e+01
-2.605535769848450300e+01 1.609159335676947578e+01
1.159017771127223817e+01 -3.680297984604590766e+01
-2.445035682381184827e+01 1.578115938535867890e+01
3.348921445188757673e+01 -6.536096828611433374e+00
3.079171719794178941e+01 -1.942553422096212046e+01
2.804514874339199437e+01 3.712203313132681703e+00
2.525369594435372989e+01 -2.414815643933132350e+01
2.825316512594845619e+01 -3.300607166479036181e+01
3.032667132564935386e+01 -3.093929833890906167e+01
2.253954164713039532e+01 -8.590992279603771209e+00
2.553000328213640202e+01 -2.550936304216722306e+01
2.378489138708047079e+01 -3.073925793751408619e+00
-2.298928255240902985e+01 8.346260562933350613e+00
2.542052787032825734e+01 -4.751343465226847584e+00
2.278941054724431581e+01 -2.991890969645686127e+00
2.391237503662776120e+01 -4.928212590906617230e+00
-4.591805003245767125e+01 7.017598068697092017e+00
4.179960965904047754e+01 -2.795958211307205232e+00
2.688746997486057211e+01 -8.514724816495906623e-01
-2.324849634206591986e+01 2.830510139256887214e+01
-2.405903855500029564e+01 1.476566507374322512e+01
2.416332580034168132e+01 -3.932960542274983595e+01
-2.491813649504065964e+01 1.674879257557144641e+01
-4.415234651888162887e+01 2.517179046520091390e+01
2.195402223303863565e+01 -1.199170869607564693e+00
-4.083909158398079597e+01 1.846558800769101438e+01
-4.423647669832730855e+01 5.152400413057098838e+00
2.665137284780257332e+01 -1.485180627082271831e+00
-3.837561039815668096e+01 1.780905547796359301e+01
-4.005697864271528630e+01 6.151866849983699481e+00
2.114982951004111200e+01 -4.052666452685104836e+00
-2.339518593763501642e+01 1.279791192823971890e+01
-4.730283469566926868e+01 4.849830223240708449e+00
-2.334380786540141983e+01 1.337017903047630440e+01
1.848968921374699192e+01 -2.995181109248443718e+01
-3.152066938751182334e+01 2.679518078743712906e+01
3.420268276590580570e+01 8.648550209198528904e+00
-1.830917077477241861e+01 2.598504559283835391e+01
4.579207395649035561e+01 2.184972134184036818e+01
-2.876325558166880114e+01 2.584879642341670447e+01
4.240770828855796282e+01 -4.457642271258067113e-01
1.788111883273220926e+01 -3.115754433438256754e+01
1.200806185001488302e+01 -4.356264617349464174e+01
-3.286884762051064257e+01 -5.194493953033294531e+00
3.508620245992208453e+01 -2.020549601682429142e+01
4.697877628601784039e+01 2.731711318449109527e+00
-3.235359158772163823e+01 2.372878937688268408e+01
-3.026267911600602289e+01 2.496440501730669936e+01
4.866593501802537247e+01 1.010898776445658243e+01
-3.262477396578304223e+01 2.947103214831820495e+01
-3.722852628108466888e+01 1.713470619354622926e+01
4.001254222453795961e+01 -8.477907701189622003e+00
2.913949797563608612e+01 9.023770564980914344e+00
-3.070413910549908820e+01 2.966803329347495577e+01
2.261613432372470811e+01 -5.849880443557362142e+00
-3.013058058194887678e+01 2.222338581328616058e+01
4.751346689350735630e+01 3.592520972028945270e+00
4.135428454324249969e+01 1.663180164112542059e+01
2.580337357326298431e+01 -2.905905824616664646e+01
-5.075937098233531231e+01 9.869040448387300657e+00
-5.197102897678290390e+01 5.559854379443446071e+00
3.958739729519325579e+01 2.590965875796665685e+01
1.648526595897431690e+01 -4.197730715119538303e+01
1.400907342134045308e+01 -3.931452875143709491e+01
-3.096700627509382286e+01 -2.310695100466161112e+00
4.252889610388457697e+01 8.582340650644475488e+00
-5.292736876386101841e+01 1.182020217687024832e+01
-5.326312911996124910e+01 2.320148495541319633e+00
4.570539350071111784e+01 1.805743691660798689e+01
-2.594943971727343879e+01 -1.635462609985568694e+00
4.096971503605346498e+01 1.872657649754573228e+01
-3.202401535467048177e+01 1.300058950961933313e+01
-3.485689198645924591e+01 4.119268623160787235e-01
3.161516790825464440e+01 -1.718455534834429344e+01
-3.944214918008945148e+01 2.545233023530902372e+01
-4.464110921597252712e+01 2.319666604733405801e+00
4.631262677449428367e+01 -2.024076938873018983e-01
2.108264106884471190e+01 -3.163613880025156178e+01
-4.573717350593910425e+01 5.851504317668408284e+00
4.121811322755941376e+01 -6.311924173563990159e+00
2.564588082135474068e+01 -3.783502389058403992e+01
3.515242762294381151e+01 -1.382785734611225870e+01
-4.778668748816762957e+01 1.908098789587333144e+01
3.783451622296446715e+01 -4.991235633507915104e+00
8.230339970513069758e+00 -4.396265476441075037e+01
-4.660499498751859448e+01 2.438059981342307836e+01
4.524710725714283654e+01 -1.242471605549143598e+00
4.467344709339857900e+01 -1.566602032653004350e+00
-4.302294070842479812e+01 1.265834540544142683e+00
1.144031809533646182e+01 -4.077850450507165192e+01
3.899726210901676637e+01 -1.285970902947444117e+01
4.223573654249379672e+01 -9.223643780461282304e+00
2.951735459752487500e+01 -3.328494054102770150e+01
-4.269556724246811541e+01 1.097358031884218121e+01
4.422506694933740334e+01 -4.014471573301459095e+00
-3.879855288272703717e+01 8.244462014686328999e+00
1.201701118234680266e+01 -3.833236555544864643e+01
2.845761001540543589e+01 -3.781535146620966970e+01
4.216225525220495740e+01 -7.670001381975040111e+00
-4.896453905294565345e+01 6.730053595927807386e+00
-5.641092990085162029e+01 1.071991499659196911e+01
-5.171036279882348907e+01 1.428764371623298324e+01
-5.239606200700467298e+01 1.693975581039800504e+00
-5.044931010171394092e+01 1.171916745404572602e+01
-4.791960287131507101e+01 1.312288354171903748e+01
1.716334519858050101e+01 -4.362470204733369883e+01
3.688899163856723362e+01 -8.775569595177440618e+00
-2.881273348966866266e+01 2.683327519262927119e+00
-4.498858372922155269e+01 2.920860540945532335e+01
-5.363292079205726992e+01 3.623684197293849607e+00
3.902732531690681839e+01 -9.162246970423417736e+00
4.808630742484430698e+01 1.164607674694494754e+01
2.643366128663991077e+01 -3.009295199501868723e+01
-4.143756372678771527e+01 2.586425950599109669e+01
1.901340270863844850e+01 -3.426878225839931247e+01
-4.658857662923664833e+01 2.345805710048485437e+01
3.994504949270847050e+01 -3.326552461065952482e+00
-3.752153540670426679e+01 7.923744444237114770e+00
1.140745191025454197e+01 -3.934626687673005563e+01
2.296664558014946778e+01 -9.145840197755486400e+00
-4.019994454263969885e+01 9.737672009810461660e+00
2.614632534376962525e+01 -2.911489927553142287e+00
3.639379878841211280e+01 1.870854285710310805e+01
-4.574169557142660381e+01 4.369042341187697964e+00
-5.923624043469992273e+01 1.315359886235668263e+01
-3.134260737191571522e+01 6.511324351738867477e+00
-3.832783772939951916e+01 9.454836949466306706e+00
-2.147578247879757996e+01 2.882359286672603105e+00
-3.303048276675521322e+01 7.636964533944527567e+00
2.762782520947310161e+01 2.981263329043215116e+00
3.434756334258852206e+01 1.074331406693094060e+01
-5.550876436658941060e+01 2.651506108680129969e+01
-5.509197804454314706e+01 7.701826541653820968e+00
-3.401912371101852273e+01 8.934227941893325919e+00
-4.487108908446259647e+01 2.065835344762466974e+01
3.180451062879841828e+01 -2.388094202138458044e+01
1.939366894732210511e+01 -3.606842937971288165e+01
2.739012734294519902e+01 -2.518827894764999087e+01
-3.390268634175320273e+01 2.932112221570923083e+01
-3.983860337186222722e+01 1.744066564991510404e+01
-3.239135069760437347e+01 7.031965695103885139e+00
3.758359756657663553e+01 -1.245648613074804167e+01
2.538771266653373360e+01 -6.412199943846710326e+00
-4.652921278538845939e+01 1.955581480907542158e+01
-4.266533973857342232e+01 1.864599113153920484e+01
2.505732390581004410e+01 -4.011103127958023151e+01
2.076809329873282550e+01 -2.437521678873155651e+01
2.683039225215690848e+01 1.186683853302984648e+00
7.547437389184102230e+00 -4.303683687831198057e+01
3.742374162651803715e+01 7.857725124716728793e+00
4.429423716447238490e+01 1.727909890069653676e+00
-4.717539330809564291e+01 2.042293076418382114e+01
-4.557421150948172084e+01 -3.545142949691821865e+00
-2.196900818789237420e+01 3.660748313178775248e+00
-4.342705495779627967e+01 1.872239122531019362e+01
-3.306443937065827043e+01 7.608252455929943592e-01
-3.207965605911615370e+01 1.381813732753786539e+01
3.684747477903495394e+01 -1.044983056298080548e+01
-4.344698079113081235e+01 1.071460478071281663e+01
4.060489511210609237e+01 -1.065342442423124147e+01
1.603365929096103670e+01 -3.216437314673702730e+01
-4.791057083699764974e+01 1.105425933787338977e+01
-3.339041473539877813e+01 4.217088740172212802e+00
3.555573557924081740e+01 -2.128417682393789079e+01
4.657545833549933434e+01 6.680909761470471331e+00
-3.829763880567293910e+01 -4.441981810819042170e-02
-3.563981327682228084e+01 1.334997978822483233e+01
3.877490917330763409e+01 -1.039358119676188785e+01
3.547188195367671426e+01 -4.598627869389892098e+00
2.715799836117085420e+01 -3.443518967784441998e+01
2.878731639798305864e+01 -2.458261288823767643e+01
-3.179324973833737644e+01 6.875334151712989561e-01
-5.472543429334296405e+01 8.859124819742834944e+00
2.679755527203533561e+01 -2.125554512236753979e+01
3.333706718986506701e+01 -1.068497086806495666e+01
-3.609594240061345261e+01 2.190407805684333908e+01
4.676483082078079434e+01 -1.674762234082734613e+00
2.165017523305884595e+01 -3.479528073854648085e+01
-4.245117944069180282e+01 5.453367486592898494e+00
-2.190201821827755779e+01 5.932642339497133932e+00
-5.867010058139308626e+01 9.022440633931877230e+00
2.803350032702103434e+01 -2.073440468832445305e+01
8.833943586739525955e+00 -3.738685977820931328e+01
-2.930278296914753966e+01 2.986147133503030293e+00
2.068748116676137982e+01 -3.361391685185196820e+01
2.891052645614667327e+01 -2.171195945848854691e+01
-3.412244165130903895e+01 4.297678362111621908e+00
-5.711802364969706503e+01 8.963021535863044065e+00
1.991838834870492292e+01 -2.927267162097023245e+01
-5.819031410950377392e+01 8.049077599105427083e+00
2.383047386733598572e+01 -4.012829788108578555e+01
-3.723412451940602352e+01 6.469432782386866698e+00
-5.582224060729985382e+01 1.011271709142964959e+01
4.052176892944190456e+01 -1.265817164194634792e+01
1.815719897615109701e+01 -4.432617588220374927e+01
2.893528614776859342e+01 -3.668787347859080228e+01
1.412911700127385295e+01 -4.293614035727428302e+01
-4.667397222048550276e+01 5.294266970287975660e+00
1.623104633591027834e+01 -3.112504018342571044e+01
-3.687568778872869757e+01 3.384954787767630702e+00
3.657975818777313037e+01 1.075679951808944423e+01
2.612817852013539976e+01 -3.185763043273947659e+01
-5.582520293627474217e+01 2.655197448239503188e+01
-4.315026068557668282e+01 2.583237368887634133e+01
4.408902942044847606e+01 2.300809576127188905e+01
3.692469947923027007e+01 -1.567179651362066295e+01
1.706167934206705183e+01 -2.913148521141675573e+01
2.491159716586673767e+01 -4.119931371359439254e+01
-4.118744708906332619e+01 2.653636321652738772e+01
3.239385034671966679e+01 -1.035004890094103658e+01
4.296337818190347235e+01 2.614717494337383741e+01
-6.170808680898350218e+01 5.327674887361053990e+00
-3.467996879856300296e+01 2.927191844633460249e+01
-4.461218210772818082e+01 1.350685410257331043e+01
1.933010814440984859e+01 -1.896792022911078490e+01
-3.514809675248020682e+01 2.255995970217380986e+01
4.154925984026974106e+01 2.357950335361888605e+01
4.218465876546348170e+01 2.738109390329073278e+01
4.413883912449870195e+01 3.729673372655203600e+00
3.871157157902243995e+01 1.006017051279243724e+01
-2.443647465449566525e+01 2.449967744656592838e+00
3.595701671363132590e+01 1.015661574255550192e+01
-2.641479029678486157e+01 2.686000253297571305e+01
2.477276672708929084e+01 -2.978738980833032812e+01
2.694826808045128530e+01 -1.817993959972423923e+01
3.574918899211508005e+01 2.311665921363129872e+00
-4.151346146835989970e+01 2.426157980548149240e+01
4.045969412748352312e+01 1.198583545411834805e+01
3.465276297527691440e+01 1.609755922299544295e+01
