-3.225839312791810443e+01 1.542971251319283787e+01
1.565952115860794258e+01 -2.544370593178278028e+01
2.080873785103528562e+01 -2.282246351621594371e+01
-3.464712903123655963e+01 1.235930515818401254e+01
3.161453400046107376e+01 1.253902945614604114e+01
-1.867263141667214299e+01 1.078402479735203556e+01
1.896244180649267008e+01 -9.980418547343649749e+00
3.724092213733756296e+01 -4.439677258187182951e-01
-4.128923207909149085e+01 1.196199064837695758e+01
2.071593781189564965e+01 -4.741022733990861049e+00
-4.218503141068439533e+01 -5.015089488503886805e+00
-2.255300119129100622e+01 -1.060053917978593052e+00
1.390948719690212521e+01 -2.996903239987994283e+01
1.732108433748027920e+01 -2.082116615887772326e+01
-2.169091870598782279e+01 9.847513681754838544e+00
2.700611299154761369e+01 3.674574370916706467e+00
3.762328660574049621e+01 -1.187854203781367346e+01
-2.271796206939882268e+01 1.035506787067339118e+01
-3.273698912374680958e+01 -3.406170381820482707e+00
3.563132463842389797e+01 -1.095385058906113684e+01
1.562474221924690632e+01 -2.136810763180440276e+01
1.116167723990791671e+01 -2.900814421768401630e+01
3.806915335116281796e+01 -5.537448358442817131e+00
-3.921125415080794596e+01 -6.876102852059055692e+00
1.980745493388764089e+01 -1.649278748659220284e+01
4.040552823788014791e+01 5.523317637215984455e+00
-3.826221306603369499e+01 -1.727708115595518512e+00
2.089409787719161926e+01 -6.577259825903198021e+00
1.753781552120172549e+01 -1.426608666692478344e+01
1.161591551971518221e+01 -3.069518985366891073e+01
1.598555149684356103e+01 -1.392753954226992086e+01
-3.799697957545082971e+01 1.064676819374812311e+01
-2.232375130168860977e+01 7.806452952814961321e+00
3.476402404769731902e+01 -1.124050359281500278e+01
1.119250872747133307e+01 -2.210236708570231556e+01
-2.196920065442090220e+01 2.552447449326813000e+00
7.033407618696866592e+00 -2.320067768699021116e+01
4.414206888826296193e+01 1.112242367116732744e+01
3.564933348361817878e+01 2.325578342037493584e+00
2.913557043674160596e+01 -8.749838420274269168e+00
-1.391619207511854306e+01 4.878858974038860374e+00
-4.147310768177569429e+01 8.496867649616606233e-01
2.829781487084882841e+01 -4.568719432875608888e+00
-1.607004560336519461e+01 -1.228266674061972985e+00
-2.390966388775349927e+01 5.584936567734174240e+00
-3.456705245236733504e+01 -3.067914977900594864e-01
-4.113128784514845648e+01 -4.186836134960334022e+00
2.740878242336952297e+01 -4.390526173408238364e+00
-4.839823288136943802e+01 5.816607156925760691e+00
2.993232250168686193e+01 -7.125723523458137976e+00
2.042481887314236388e+01 -9.851959202776431113e+00
-2.903768142107763595e+01 8.336031778198659481e+00
-3.858970384248112850e+01 -4.766352413937601007e+00
-2.098590306028876640e+01 7.050211948510398230e+00
-2.303743238442705277e+01 1.980073684278818247e+00
3.049486347178048362e+01 1.009212553820411884e+01
3.200737499093386873e+01 1.372816916262874543e+01
4.177979358648947539e+01 -5.410105039196785315e-01
1.189753719816697952e+01 -2.832434842804286745e+01
-2.855373677528118037e+01 1.032890633332048758e+01
1.245497802396505804e+01 -1.628720796171894136e+01
1.354015220232033556e+01 -2.541417318278037030e+01
1.433618497826164884e+01 -1.773053679087609424e+01
-2.768783140163762369e+01 1.855971282319983828e+01
3.058671739431086678e+01 -1.700348094541605093e+01
-3.951830301825285119e+01 -3.631304682433202785e-02
-3.694126971502721801e+01 2.440595184305288434e+00
-3.631228881190227753e+01 -6.996551232212606664e+00
3.722147209116362632e+01 6.043017383427955025e+00
3.912719561639425336e+01 6.143720769598058108e-03
2.393850157344706986e+01 -1.298407399790303174e+01
-2.216405337652058805e+01 5.239464971870142485e-01
-3.032498569874124428e+01 1.648542444190009348e+01
2.098214257995208598e+01 -1.809169772102176665e+01
-3.403640337934081117e+01 -2.154110806410446166e+00
-3.656997569363593925e+01 8.600273873577988226e+00
2.685189939855114716e+01 -7.015475493466444945e+00
3.807080570832097166e+00 -1.833917530681150865e+01
-3.229149608153945650e+01 1.422056389735342385e+01
3.971672304842429213e+01 8.436558902533706217e+00
4.533036348444274921e+01 5.483892794786611624e+00
4.264976366670023822e+01 7.624941255004511476e+00
-2.872212057708075506e+01 2.369654897456459253e+01
-2.159360506955893300e+01 2.075998504508571685e+01
4.510291200512901355e+01 8.520313888707336858e+00
4.644292762334493574e+01 5.628562039880741885e+00
2.903659573748616296e+01 -1.147689489344073976e+01
3.523405586709758808e+01 9.378034938456270453e+00
1.135600354734258488e+01 -1.073489831598333488e+01
1.332033618084028070e+01 -1.251098765065595231e+01
3.258119302815518381e+01 4.562206999366312798e-01
-2.918609401225715061e+01 2.449941983625113906e+01
-2.582244658241571145e+01 -1.329811543277885200e+00
3.781062538405332418e+01 7.585322010256199121e+00
-3.459905417111323089e+01 -5.195987306903466774e+00
-2.321934097058814572e+01 2.027461033380831168e+01
2.680184754788771784e+01 -1.353281396548310234e+01
1.406183085242859043e+01 -2.178394454611641606e+01
-2.173613754530771658e+01 1.722324084978251690e+01
3.930027918153491129e+01 3.231827221695076080e+00
1.100275558973286572e+01 -1.914669252428070223e+01
-2.783846898014716942e+01 1.341397858529748532e+01
2.129091872331737179e+01 -5.604114361720642812e+00
-1.968642552213401586e+01 7.930005739417058663e+00
-4.466307772860105985e+01 9.135841246351677825e+00
-1.987767406399868975e+01 1.709874050770154641e+00
-2.299627408668294493e+01 -3.510866952093853577e+00
-2.696125426575391160e+01 1.441294152365043146e+01
3.192732597778365999e+01 2.968236403988005812e+00
1.833343942704584251e+01 -1.611816396333727752e+01
-2.760552189053320404e+01 1.136887575503354242e+01
2.540495560559022081e+01 8.626229992925901868e+00
-3.545082302531111651e+01 1.158595690936162192e+01
1.772391113994049405e+01 -1.649662821027652626e+01
3.592248073703581923e+01 1.066004968110793527e+01
-1.997804196835644674e+01 1.880455514424124885e+01
-3.246772928420880788e+01 1.680311512407830321e+01
-2.827857544071432017e+01 1.663571441649466820e+01
-2.384349948598692137e+01 2.047425744447475893e+01
3.511240546851315969e+01 1.275055577287315778e+01
4.276699817743631371e+01 2.920020776968441090e-01
-1.682802036787252220e+01 9.102529001188454316e+00
3.330769005399015015e+01 1.057561978288678972e+01
9.095442377380367205e+00 -1.924801922495553796e+01
-2.846685001565015583e+01 1.739281668989994500e+01
3.612377627906104038e+01 7.214362514789105951e+00
-3.198528382102858814e+01 1.263374297236832078e+01
-3.761682531807403507e+01 4.655076913981779363e+00
3.745017759080101172e+01 -5.985226654674358215e+00
4.199690768396684604e+01 1.324001068383430457e+01
-2.539653226286196386e+01 2.246360597346695798e+01
2.884386728157582525e+01 7.829175980765213261e+00
-2.432679781023086107e+01 1.586661612709898428e+01
-2.578445590679204358e+01 1.304557839205715730e+01
-2.291392821504142674e+01 1.881426155979451664e+01
7.937180731429134717e+00 -2.775040259514424790e+01
4.010115950398255791e+01 -1.309224001156855388e-01
-3.371303643732123589e+01 -7.462433674075567680e+00
-2.228687449608782956e+01 2.472900867273617465e+01
4.199543702182891991e+01 4.813750709662120819e+00
4.074814416935440420e+01 7.247604008168893941e+00
-2.435398471352514349e+01 1.325705354667532632e+01
3.728634908398343129e+01 8.353533118306657457e+00
-1.981381689529870727e+01 3.961005151430752935e+00
4.252766624705449772e+01 3.888991384258241091e+00
3.244073249873402887e+01 6.728288379707250577e+00
-2.613259846886267823e+01 2.110262757808801837e+01
1.278238627439014863e+01 -2.585640004571377304e+01
-2.055488464085901867e+01 1.856337041569626578e+01
2.017819623301494403e+01 -2.595816357527060703e+01
-3.495955856241690896e+01 -6.623884884632890824e+00
3.360690023350278466e+01 6.528185392474735949e+00
-2.268733656894927719e+01 2.379847807833249718e+01
-1.864371549799496108e+01 -2.724435446701964469e+00
3.670743699660627613e+01 1.394961890135795635e+01
2.134923901666178736e+01 -1.021323262605675275e+01
3.433471524162606414e+01 3.205330279571251939e+00
-3.921866549738793140e+01 -2.809659160791772692e+00
-3.119421830472643364e+01 1.848951237209784537e+01
3.105461676775575341e+01 -1.858295590635602235e+00
-4.020655879122963228e+01 -1.046829496332937870e+00
2.533044439332920206e+01 -6.824731773366617738e+00
-2.848544057464390633e+01 -1.242331876603858243e+00
3.799472090492572107e+01 2.487712397069882897e+00
2.151843379474670570e+01 -1.469467613960316754e+01
3.863333014655037090e+01 1.095451917807484499e+01
-2.212760195997339352e+01 -2.195642343103272331e+00
-3.613112877663840550e+01 4.052525985546545861e+00
3.180743424432745670e+01 -5.675766867892497736e+00
2.166602163006509940e+01 -1.208320640939126100e+01
3.453395874150486833e+01 1.015892168178576149e+01
-3.507463260060473687e+01 1.473624305364999998e+01
-2.954571976828140834e+01 1.504015754800919247e+01
3.507352275334014280e+01 6.035495041583498477e+00
2.664424825054469181e+01 -1.173415129269491608e+01
-2.142083050137674505e+01 -2.506623839418347988e+00
2.142611651399934658e+01 4.807873711670644923e+00
-2.641069414596697840e+01 7.984605111641583264e+00
-1.572899421647090001e+01 2.039144371642782894e-01
1.618154145647515563e+01 -5.624269573452109761e+00
-2.302934882669262251e+01 1.574223363126243846e+01
9.891894774408424240e+00 -2.734646446047625545e+01
-2.117833870647347538e+01 1.442659735197426762e+01
3.473193285676837405e+01 -2.974839377702644505e+00
2.412674235594139915e+01 -1.118642885357648531e+01
2.798366697317621998e+01 7.433947047097514416e-01
1.626189969419917247e+01 -1.904087833379447403e+01
1.510757181910415170e+01 -1.469116167109796933e+01
1.007723525126106878e+01 -1.301834437145393508e+01
2.632010137757145429e+01 -1.759366372025111147e+00
-1.566838750347257836e+01 9.698564752693476620e+00
-3.972049283343458370e+01 8.402375600837512337e+00
2.508318167333716531e+01 9.469007693096324063e-01
-3.236542878799796341e+01 2.234451795563625964e+01
-1.906594254153804258e+01 1.229749281722809151e+01
-3.633879334645764914e+01 1.928302079052017248e+01
3.060269275986857451e+01 2.149623941804910565e+00
-4.105077032606867959e+01 1.256811398251521261e+01
-3.250941982281341325e+01 2.428547218031667843e+00
2.873207900245281365e+01 2.753939222537836518e+00
-2.171163356460279914e+01 1.419618850273348443e+01
-3.017059788150224264e+01 8.339746944998903899e+00
1.555758174138352778e+01 -4.632663127380543422e+00
-1.674149163418180564e+01 1.233879088209909369e+01
-4.176286935863934247e+01 7.593640324590039015e+00
-1.742005346607863459e+01 1.339066949967119946e+01
-2.903123326681944150e+01 2.236845314291073450e+01
3.123637680305875364e+01 1.161163549418734497e+01
-3.301693122207888109e+01 2.407176852720230187e+01
-2.346713561917832536e+01 2.280973608107334982e+01
3.343476396671901085e+01 -1.163444257116258562e+01
1.969360874257377603e+01 -2.163153552190792084e+01
1.021970683665640678e+01 -2.539831482474381374e+01
-2.396248764022161026e+01 -4.276483001045999544e+00
2.378133397765298085e+01 -7.492644906227686974e+00
2.123032410622632327e+01 -5.751179788556299854e-01
-2.590384919213887471e+01 1.561626839758971386e+01
2.735207813585815018e+01 1.055786606628746860e+01
-2.911596017827175942e+01 1.267537590127677838e+01
2.920961216064660704e+01 -7.113127224242635549e+00
2.796232910284475537e+01 2.457729675017195525e+00
-3.214930318075218452e+01 2.405092190205057534e+01
-2.727159279881662712e+01 2.458190033031344512e+01
3.116590852229242969e+01 -6.853315293573836176e-01
3.581880863383670288e+01 1.255988073039087993e+01
1.289739227842849445e+01 -1.351482468220184607e+01
-4.255802427343527938e+01 -1.039024482393020588e+00
-3.474483055212966320e+01 -2.495837773023648509e+00
1.600740628530943255e+01 -2.629663848458800857e+01
7.426196312434377944e+00 -2.378566146295618111e+01
3.798991816470127247e+01 1.616197524203942137e+00
-4.087199480278840724e+01 -4.077365779259594647e-01
-3.483878068730950162e+01 -4.167040938247578374e+00
3.748151073485306739e+01 9.428215188034940297e+00
2.679075053421978492e+00 -1.746614266196944953e+01
-2.517004177452342972e+01 1.133149647785372061e+01
-2.889450386438466367e+01 1.935156602308540363e-01
2.451850904565526790e+01 -1.476200924488781041e+01
-3.597274340230514156e+01 1.811987958237654439e+01
3.588375321705198218e+01 -9.263939415231480012e+00
1.946534221433654466e+01 -7.484481820021643195e+00
-4.184478676807708553e+01 5.653119405511979778e+00
2.297455822634276146e+01 -3.788186653568800022e+00
1.329416608801127353e+01 -1.807919470038706677e+01
2.429032813060200624e+01 -1.291824756717305078e+01
-3.682237593920253005e+01 9.830676167163215240e+00
3.186055742461303808e+01 -4.431548034977657480e+00
9.036280031102213783e+00 -2.915872437026990838e+01
-3.723544331533666707e+01 1.508190117973784439e+01
2.423849969375721258e+01 -4.144156045415209100e+00
2.052163644291139377e+01 2.882234869206005690e-01
-4.514415595614191545e+01 -3.530355759734327137e+00
1.015812879263982182e+01 -2.323956213923880298e+01
2.772324943727170776e+01 -8.640116287810590379e+00
1.317164966753941791e+01 -1.467174634080666706e+01
-3.063770759692686241e+01 7.287511779934846778e+00
2.681332602603232829e+01 -1.601377365369984673e+01
-2.595021353645441664e+01 9.364036692603201928e+00
8.374407246102395064e+00 -2.070771364920058488e+01
1.682088330051252001e+01 -2.372812409498821751e+01
2.414667718547910624e+01 1.622533516514392260e-01
-3.322468829727143458e+01 2.867118934451465151e+00
-3.646800499580300681e+01 1.728384858147768988e+00
-4.021114228972834326e+01 4.003392053460913758e+00
-3.216777258834363806e+01 -4.106970741495787003e+00
-3.262087301526527483e+01 7.445152212996225316e+00
1.701709062963292851e+01 -2.736005177255492882e+01
3.469934560643797994e+01 -1.715223516007741145e+00
-1.773957682160617466e+01 1.337424119670678202e+00
-4.820045120057238819e+01 5.932607853988046465e+00
-3.670523678804551082e+01 -3.334380124492600572e+00
3.017144558773804874e+01 -1.007560800547974722e+01
3.251419649340697759e+01 7.947473896206605382e+00
-3.508631871197707852e+01 1.657531953196643570e+01
-3.806340763698311491e+01 1.488852523617933876e+01
2.636175076152060370e+01 5.414005024256116627e+00
-2.751576060569051663e+01 6.688773132971825852e+00
9.474167666750448191e+00 -2.688212128356247987e+01
4.092281051454232710e+01 9.270472486198347184e+00
-3.285847015237820301e+01 5.981257972012167246e-01
-3.538534750570738652e+01 8.649370628478449063e+00
-1.263443215350278592e+01 -6.075223035584907949e-01
2.623377137086643529e+01 1.404966956664831068e+00
-3.152205584177781006e+01 -1.322423286427136802e+01
-3.163511611044803118e+01 1.163298420829151958e+01
2.070248417054730439e+01 -2.127354797537641673e+01
-2.640252663492127638e+01 2.201870649066794883e+01
-2.457896428748091466e+01 4.027861923484486795e+00
3.026618248501560515e+01 -1.078850912739113177e+01
-4.060613820203928981e+01 1.732404390705581321e+01
-3.980417158671980360e+01 1.447622248032211090e+01
1.502695443188261848e+01 -2.091553762889443746e+01
2.285389571940319087e+01 -8.711479280106301459e+00
2.815554470489498584e+01 -4.936782565128285949e-01
7.678279178147058737e+00 -2.622371165827616935e+01
3.295939001746489794e+01 -6.623087192016491542e+00
2.469289047025282002e+01 3.777880495408125761e+00
-3.257947289100261656e+01 9.225253089944384755e+00
-2.887348756385124560e+01 8.784209472440475119e-01
-2.055813468788898035e+01 4.548891332492930317e+00
2.532088264925964083e+01 -8.329238532823623586e+00
-3.442149346209173899e+01 5.852334526765420541e+00
1.632360976228834559e+01 -1.188674406108651205e+01
-3.626923054060224416e+01 6.686525615056511107e+00
-1.693276969559658340e+01 4.870549653095455511e+00
2.478760208684547806e+01 8.186141633753914348e+00
-2.509041895093023911e+01 -7.202531462228953796e-01
-4.526998502952252323e+01 1.242721881836593312e+01
3.249876373882965908e+01 -8.444927275114451959e+00
3.098222911826411519e+01 6.589697478915475415e+00
-1.906920412062855519e+01 1.018907361010019663e+01
-3.839003556908654957e+01 2.471374819950102442e+00
1.874553851384489533e+01 -1.836241667426035562e+01
2.576842421681367412e+01 -1.106631627475206869e+01
1.518716325510769494e+01 -1.681464420376894253e+01
-3.779574839777409778e+01 7.905683580427864676e+00
-4.156013847857197163e+01 2.872999315605571979e+00
1.648521333792229271e+01 -8.972503804528310312e+00
1.095924157411721112e+01 -1.599733355706054105e+01
-1.818387343984610993e+01 2.032835898089928151e+00
1.903339350474360714e+01 -2.257182153070578678e+01
1.922976100638695840e+01 -1.219434797396197645e+01
-1.641780143991386964e+01 5.140907471118974392e+00
-4.341031353226353673e+01 3.169887295267211691e+00
1.379057320895360661e+01 -1.125187107955814270e+01
-4.370522638148342054e+01 2.288594305180462030e+00
-2.733411654849358641e+01 5.400654939852850056e+00
-4.004255236266454432e+01 -3.517623707571531089e+00
3.167320756380726010e+01 -1.253072706594173624e+01
1.498669675249786515e+01 -2.348107946138937763e+01
1.187153430877030225e+01 -2.451167880389878917e+01
-4.210857050000293356e+01 7.745979892001394695e+00
-2.451171707987018777e+01 2.496328675412963438e+00
3.774636243717925765e+01 4.270161420958832998e+00
1.378370002840589770e+01 -1.984657478784772877e+01
-3.144857114832550593e+01 -1.306738381756955469e+01
-3.385124595609086384e+01 1.833531374527763447e+01
4.310456141400360508e+01 8.350072456534284981e+00
2.952799117755307634e+01 -1.374396416560011680e+01
1.185339069020993108e+01 -1.333857258062915641e+01
1.210948006605776328e+01 -2.185558547953052155e+01
2.731656895830627718e+01 -1.166235760985080994e+01
4.102693567371445482e+01 1.379047113117589163e+01
-3.230485830568616734e+01 2.072644056153344039e+01
-3.069188715834764380e+01 6.068888597183461187e+00
7.858655589065023150e+00 -1.515067078116707400e+01
-3.631293420322857202e+01 2.239308626978098005e+01
4.108701284978999269e+01 1.084719354733388741e+01
3.962324113146472371e+01 1.312448975009264629e+01
1.570384443818983122e+01 -2.651100058733594000e+00
4.034056699568969862e+01 6.682475612567614576e+00
-1.806872561916541642e+01 -3.294460024141645377e-02
2.816290992903192958e+01 5.386736587035581891e+00
-2.539830518161316419e+01 1.761147256341422818e+01
1.748117191109971458e+01 -1.332626331674922326e+01
3.151601773933910522e+01 4.087801522981854951e+00
3.545377933460729736e+01 5.433647617922547468e+00
