-3.192306047716093076e+01 1.590566398869614417e+01
9.391801631767854985e+00 -3.882053606950616853e+01
1.611209614184584282e+01 -4.077175824412059058e+01
2.591119527736577055e+01 -3.550004970098557777e+01
-3.242129903623257547e+01 1.844061326654050248e+01
4.609687369532542078e+01 1.306274964878922162e+01
1.929022324710021152e+01 -1.965566914079675342e+01
-2.579721004399950601e+01 8.793711517807428990e+00
-2.407174003805095097e+01 9.095715058600728042e+00
2.880002099131227666e+01 -2.492119514296208749e+01
-5.470417149944903201e+01 4.242799417129593742e+00
3.916365148205851199e+01 8.280328740609171234e+00
-3.800413860799147159e+01 1.463961332551379968e+01
3.505538659098653653e+01 -7.327676802632892006e+00
-6.275773075320406491e+01 1.226876141844948975e+01
-3.086626942866065448e+01 1.397814264281415086e+00
2.407684735523503505e+01 -4.417701830658464246e+01
2.779756351852044816e+01 -3.771507610878708050e+01
-2.874389549697186297e+01 9.229576763588928756e+00
3.492668792167691549e+01 -3.917884243168518577e+00
3.482776399482553131e+01 1.499893105836139995e+00
-2.809833934171827252e+01 8.667676166988028896e+00
-5.407658725497809371e+01 7.151368362805988532e+00
-2.934978448864976031e+01 6.129318261704040260e+00
3.891030780988807436e+01 -1.877752586334240581e+00
2.855001102626045650e+01 -3.637935652822661581e+01
1.208481452225848507e+01 -4.263672049865909486e+01
3.978741567136120949e+01 4.973645566906834681e+00
-6.207748573335324238e+01 1.066549324438203072e+01
2.252326993737090177e+01 -2.837777545107098121e+01
3.520075771475483606e+01 1.469619259506634101e+01
-3.257182247043381551e+01 2.203599472577959517e+01
-5.578092933612189341e+01 1.395753926238069553e+01
3.600270032367227913e+01 -2.056168107281596136e+01
2.155077550113385954e+01 -2.460035029826383379e+01
6.368468482799820585e+00 -4.201027975455931340e+01
3.613075201003585590e+01 -2.323888082430350011e+01
-4.291604153122138854e+01 2.988685872745788075e+01
-2.887766031726010851e+01 6.411331363565720309e+00
3.532237670148879971e+01 -1.164989046832483721e+00
1.469679822566266125e+01 -4.019691117687752069e+01
-3.162655719166009050e+01 1.053547896519601679e+01
1.299862951049433413e+01 -3.955345421519485427e+01
4.659586493466517965e+01 1.230113678357990104e+01
3.747355907236232753e+01 1.185895300421629983e+01
2.574039107864046727e+01 -8.233643757064500690e+00
-3.808177079615338556e+01 -2.624668850052024549e+00
3.553942519269854472e+01 -1.489093595057060604e+01
2.147755219017493289e+01 1.120988935994609248e+00
-5.905863570383718297e+01 9.645828354223178636e+00
3.140927667227093778e+01 -1.235248795972852953e+01
-2.431762786566222090e+01 -5.153501354288760883e-01
-3.518242303413364880e+01 6.985348640832331757e-01
-6.325284442740108659e+01 1.315138476559591751e+01
8.207205891412039378e+00 -3.914245721672411804e+01
-5.960709615472129741e+01 1.085001221461887333e+01
2.630380266117310128e+01 -7.213122661823595294e+00
-6.103323155672117650e+01 1.933461468235179836e+01
3.350970812996354908e+01 -1.051137893308468563e+01
3.838276654983566516e+01 -2.125958535213684897e+01
3.254185483449775518e+01 -2.204127416677502538e+01
3.616878172870793406e+01 -1.290707995311175438e+01
-4.038191339272081848e+01 1.200957546121956021e+01
-4.636951445265096083e+01 -2.983361484647140127e-01
-3.801259014842410977e+01 1.186386887123429723e+01
4.583717697617140630e+01 -6.512689908886175161e+00
2.196148501998697355e+01 -3.215885500714582435e+01
3.750636946874415401e+01 4.320372441559154453e+00
-3.003252377933726436e+01 4.327348776992836932e+00
-3.264925748093259728e+01 1.127944876286276177e+01
3.645978067748816898e+01 4.148115718843456534e+00
3.535312337408236516e+01 4.127281127683460227e+00
3.671102822247727460e+01 1.512347608326566828e+01
3.518262793471951255e+01 2.671228722990319771e+00
1.288489202113910004e+01 -4.132056304650576806e+01
-3.541956602836446422e+01 1.323787195841790698e+01
2.747299965554597989e+01 -3.887777205996611940e+01
2.769913637423637098e+01 -3.422896114198226769e+01
6.507301967411124544e+00 -3.578160714287703570e+01
3.897880902683636606e+01 1.433047505306922709e+01
2.023100326569124618e+01 -3.707639410095749355e+01
-3.662945587506734313e+01 1.963362769860563262e+01
1.270624828143734497e+01 -3.763669950161444433e+01
3.112943074090806661e+01 -2.484813270788506756e+01
2.880636818973543356e+01 -5.831614615571759863e+00
-3.777142906007263434e+01 1.911333395241022615e+01
-5.543998059241153697e+01 1.211029388247264116e+01
-5.359324631526554583e+01 1.254380276003087680e+01
-5.735380173114126023e+01 7.126723408578471641e+00
3.966270665976213650e+01 1.569542056155414933e+01
3.833002469331852069e+01 1.518662190822336733e+01
2.400523572931615490e+01 -2.222751734725582295e+01
-2.798872315143990619e+01 4.793999735878323065e+00
-4.145149425160833800e+01 2.636114273940942709e+01
2.274928724922121503e+01 -3.629618970055035021e+01
-5.269431821547798478e+01 5.606626212478547977e+00
-5.007349263016921981e+01 2.219898319322366476e+01
-6.136714598723519032e+01 8.265978548525410474e+00
4.046132777666447566e+01 -9.582633715506972294e+00
6.079013843978470000e+00 -3.520224104559439837e+01
-3.504934318924497916e+01 2.489362704270621762e+01
4.762733982906163988e+01 1.530766469861247003e+01
-4.221846599054619986e+01 3.082893656497310531e+01
4.300716649505107370e+01 2.708970883158856680e+01
3.091567587265654282e+01 4.077902940860536063e+00
4.614787710281481026e+01 1.502241881822125436e+01
4.706587981199020021e+01 1.855293877581215867e+01
4.419940728868695601e+01 -9.687678990952056424e+00
-3.142639630982939281e+01 2.720835725479120981e+01
-5.276069423185928287e+01 8.200657385030364566e+00
-5.784146225056358048e+01 9.226405526933129764e+00
-1.882724074248537960e+01 2.235939800911759079e+01
4.222314423317686760e+01 2.684986324612059860e+01
4.198816972336722841e+01 2.464827536867798230e+01
4.336320625390261085e+01 -9.292190826103560397e+00
-2.647680946894029930e+01 6.722748993746099799e+00
1.918824937701023359e+01 -2.068627409093367930e+01
4.816071754279150952e+01 1.634565071886200727e+01
1.888477393442698826e+01 -2.533381240970295067e+01
2.248676802614983217e+01 -3.320876221602791389e+01
4.485573697948163385e+01 1.259953548702379500e+01
-3.123167035138334668e+01 2.606902354919349207e+01
-3.111352847864450055e+01 -2.267570405882486817e+00
4.369758686037535256e+01 1.859373717902398937e+01
-5.919118567361977057e+01 5.864674716596511850e+00
-2.388795764006739475e+01 2.319372663692874781e+01
3.298894714156500640e+01 -2.055299127263610259e+01
1.710731756522842417e+01 -4.125811548792200512e+01
-2.577169915295951697e+01 2.597438168434341677e+01
4.737254825734103747e+01 2.239422154402714327e+01
1.497491233778093189e+01 -3.676872813605275780e+01
-3.115269672433049664e+01 1.726098802710145463e+01
3.978909481741675336e+01 -1.594827396841110101e+01
-2.425065337451317049e+01 7.953052453269857658e+00
-3.484944121431228581e+01 3.737742139530062069e+00
-2.519322898076466188e+01 3.698070354582862151e+00
-3.227762992723381075e+01 -2.787883006102786609e+00
-3.042548083753487731e+01 1.872097189392052741e+01
3.019983607651052893e+01 7.108801339891642534e+00
1.969492678201238078e+01 -3.241024777351277919e+01
-2.971959633190429884e+01 1.815077865229759624e+01
3.031130463515510343e+01 6.773646496003936868e+00
4.030400715168372727e+01 6.009099464271741908e+00
-4.528654470645196994e+01 -1.453599152304799969e+00
-3.331412696018685438e+01 2.003697879665320158e+01
2.981843413094770767e+01 -3.230319223911178028e+01
4.687736302208212180e+01 1.770790762537222562e+01
-2.251381005589504980e+01 1.675234048516475127e+01
-3.869624712259088284e+01 2.721991021016747325e+01
1.145184007691633532e+01 -3.954332053336637642e+01
-3.347311240398635590e+01 2.291457324863247891e+01
-2.640921448249039116e+01 2.483114209454117827e+01
4.329829595004455456e+01 1.638594546700968024e+01
4.314479096699461991e+01 7.282951491191228754e+00
-2.314163434307235434e+01 5.298907826049444658e+00
3.807553884838416991e+01 1.285796005201042824e+01
1.105577273743524458e+01 -3.411081123732180487e+01
-3.311957673025615634e+01 2.313280305219013044e+01
3.700168425267484906e+01 1.281183759483903373e+01
-3.479249958161917533e+01 2.363223358076668390e+01
-4.714619233253515773e+01 1.681819700923963623e+01
4.352576786023520583e+01 6.104355461043240894e+00
3.981009594860378797e+01 2.344377574920920893e+01
-2.186375035792695343e+01 2.485397832260438733e+01
4.285028790587763581e+01 6.527168697889123017e+00
2.976648835675131721e+01 -2.292495576044228400e+01
-2.677273031423297667e+01 1.917264051297232186e+01
-2.876772910975470410e+01 2.441353780829003384e+01
-3.168574560907532245e+01 1.464944566217406141e+01
-2.306378491370079686e+01 1.993042488763026654e+01
8.205637533193057109e+00 -4.076284548234030325e+01
4.063922965317101443e+01 1.343934176267689473e+01
-5.982926709321629488e+01 6.090396605616604120e+00
-2.011723995676777932e+01 2.551523912800711003e+01
4.037784561654081728e+01 1.427923862897617546e+01
-2.010496462844875865e+01 2.452498426105112372e+01
4.294750800122641010e+01 1.744050552653100183e+01
3.888349975648857537e+01 1.207399073804493561e+01
2.564508590490037321e+01 -1.913252818324584581e+01
-2.740050382477307878e+01 1.840052617345273234e+01
5.142246091607330527e+01 1.498947615328154015e+01
-1.908390313932499538e+01 2.178002676300080154e+01
-2.883683051986068335e+01 2.248950224136426712e+01
4.525949641143001401e+01 1.952639108818769387e+01
-2.758258992128694942e+01 4.155956108569094920e-01
-2.217649910308539773e+01 2.006499895158881230e+01
3.561356976500528049e+01 1.708896303425717988e+01
5.132275435197872326e+01 1.668173413391005511e+01
-2.510127532383697613e+01 2.375778723284245331e+01
1.353644448961504487e+01 -4.303852724772910676e+01
-2.153614506920314753e+01 2.080506289253743901e+01
2.536899597845430065e+01 -4.312383754395698787e+01
-6.021756861955633156e+01 4.761101190611506162e+00
5.059541862315558802e+01 1.571612037660369765e+01
-2.101565163788436763e+01 2.407129516599107433e+01
-2.802026851549611663e+01 3.411827173143697212e-01
1.956053899184457379e+01 -3.878618321811865854e+01
4.527005268393206450e+01 2.208985207244372972e+01
3.365765317078079732e+01 -1.402493751610009021e+01
-2.468524836166893976e+01 2.974016003782720219e+01
5.121129522407186840e+01 1.351040528996244738e+01
-3.782197342904653681e+01 1.849226960434958267e+00
-6.089758475324554610e+01 1.157880434090260380e+01
-2.481983981777974790e+01 2.947195220758656831e+01
4.163821431057768052e+01 -8.206834278147193684e-01
-5.031709091243416765e+01 1.030013394353362344e+01
3.137208590355608706e+01 -1.818139100668151897e+01
-3.935616524981041664e+01 -3.893235734688035521e+00
4.323731479518072973e+01 1.522903679960882073e+01
2.986549903598674049e+01 -3.426839110453424553e+01
2.264115682968688859e+01 -2.760311925914658104e+01
4.395481249498114096e+01 -8.480626627711661314e+00
4.240940662824694130e+01 2.404121561844975830e+01
-3.163185769245639278e+01 -9.338015078401386004e-01
-4.968132310963564180e+01 1.395662592288394599e+01
4.224112574612050963e+01 -1.325850899188025345e+01
4.112697026389857058e+01 -5.464860947597784957e+00
2.528538316366065786e+01 -2.122857130962556838e+01
4.875759729159089773e+01 1.508264129034921730e+01
-4.372111925065820515e+01 2.241474341934674896e+01
-3.461446706251127381e+01 2.181802467894413056e+01
4.093887260273130124e+01 1.831388055739963150e+01
3.743742365491122825e+01 -2.088236559596533581e+01
-3.878610892071229443e+01 -1.430566100455594070e+00
-2.079276555761232714e+01 1.833405076420449831e+01
2.664003226483242770e+01 -1.359363591892140732e+01
-4.092260747604717608e+01 5.767592094500666455e-01
4.745770848382436924e+01 2.192870387009556410e+01
-2.365930544936419366e+01 5.708953596297883237e-01
2.602296426335913893e+01 -1.183759703633041305e+01
-2.551423932590630628e+01 1.562324576198566817e+01
1.284323798699913155e+01 -3.478043168678309627e+01
-2.400498301668620016e+01 1.464850070295326212e+01
3.163921925873516727e+01 -1.054198071742124121e+01
3.045810322847653495e+01 -2.191371713169050395e+01
2.946043863916484895e+01 3.189632092100915806e+00
2.298474858052933456e+01 -2.480238116770161483e+01
2.200468149465086753e+01 -3.428440415863754254e+01
2.220506077602880524e+01 -3.104366731170451388e+01
2.390388625278462698e+01 -9.713470229100625630e+00
2.168746431020992560e+01 -2.564639966256082104e+01
2.307737767327672174e+01 -2.493352327316327166e+00
-2.451535486092131322e+01 4.701519841774954855e+00
2.599621707112627433e+01 -4.608384340262488443e+00
2.348115677804581836e+01 -1.858275253277085426e+00
2.392768222906666509e+01 -3.552580414092546768e+00
-4.707729500924070720e+01 5.680395014952598132e+00
3.481740838848953246e+01 -4.569067293205363534e+00
2.694608801064327253e+01 -1.469519179129235686e+00
-2.245881484137515827e+01 2.652282014448857694e+01
-2.373958814674162454e+01 1.372210547321083496e+01
1.849579938372654908e+01 -3.560169814173696778e+01
-2.420930472879785356e+01 1.554403384530815480e+01
-4.511184549893452100e+01 2.644805492815967796e+01
2.451063786013274282e+01 1.455291473476760522e-01
-3.908619657375460577e+01 1.837096520665009791e+01
-4.607999790460205958e+01 8.925962020172047318e+00
2.640750192612777525e+01 -1.978711762844957978e+00
-3.738268503228841411e+01 1.756709168174441515e+01
-3.807407574287557139e+01 8.071664781058851545e+00
2.227787456700715651e+01 -1.099297878178727150e-01
-2.328863256625041345e+01 1.172595715873023003e+01
-4.868782146607250638e+01 7.562041725169156514e+00
-2.314398569441031484e+01 1.221726342709851920e+01
2.590218123949439999e+01 -3.149781279448407290e+01
-3.042289732578046468e+01 2.593970208864084626e+01
3.545740036412820473e+01 8.524121777008048184e+00
-1.799313689519793158e+01 2.361524703732757757e+01
3.151484647288728169e+01 9.710740830102755794e+00
-2.780227565390912048e+01 2.570882583526119802e+01
3.563428020630532700e+01 -1.899262087271671673e+00
2.740139953199236089e+01 -3.233786637809551223e+01
1.093066522855253631e+01 -3.997401985196160723e+01
-3.227290401278049359e+01 -3.545010294268092998e+00
3.664941378216070689e+01 -1.956477953725529062e+01
4.061060019311639735e+01 -1.662308455815206365e+00
-3.147459166425527499e+01 2.350807064278924585e+01
-2.869078839895642119e+01 2.727773204440570964e+01
5.086168555541035374e+01 1.267215222688934340e+01
-3.247037637186235060e+01 2.979669600627878268e+01
-3.616911169994467912e+01 1.681204142617573538e+01
3.556325716967977968e+01 -1.065150206616060835e+01
3.118614668103985821e+01 8.026434815433624692e+00
-3.079243619667797915e+01 2.861473152632148143e+01
2.274586023765158060e+01 -4.292972678291018696e+00
-2.919730202948688458e+01 2.322517754830074210e+01
4.054595319192436875e+01 -4.756075935916477260e-01
4.439133567064116903e+01 1.770447966253282601e+01
1.877450394013625257e+01 -2.994879568729421138e+01
-5.175928979935027741e+01 1.437373548178959837e+01
-5.287575108501177823e+01 5.906823201913073973e+00
4.428622033611829067e+01 2.506184355950018272e+01
1.496372434027425058e+01 -4.183262422715140616e+01
1.426692983122886815e+01 -3.754195674087137036e+01
-3.109190482106584597e+01 -1.429607297541877868e-02
3.618735153491320489e+01 6.471141300639366989e+00
-5.521358018131826384e+01 1.502917354368031155e+01
-5.598100479736559265e+01 6.283998097714075470e+00
4.471536764061718117e+01 1.431814138350694776e+01
-2.142893362142566360e+01 5.322132088883201995e+00
4.259252484342634659e+01 1.967670595880355933e+01
-3.178947243684401869e+01 1.283124072305739993e+01
-3.546271528232502845e+01 3.759772118672856323e+00
3.138900894273278652e+01 -1.954063991294351155e+01
-4.318376258205859131e+01 2.322062224382132456e+01
-4.425448830759327734e+01 6.534914621184898742e+00
3.923019747911698119e+01 -2.932077252646941190e+00
2.924631977428312624e+01 -3.278200617714914245e+01
-4.721379500597970491e+01 6.548503044271204665e+00
4.317062863665729822e+01 -7.172395826131240604e+00
2.115042745879248187e+01 -3.829381511914003511e+01
3.704692124265380926e+01 -1.451268069666076066e+01
-4.978985569954488710e+01 2.228974689135404930e+01
4.517209438308652381e+01 -8.024613831991121771e+00
7.330771953445639255e+00 -4.113321401713231751e+01
-3.578869885578038890e+01 2.950673764281983225e+01
3.845001473699335293e+01 -5.023362146199256806e+00
3.809464195075471338e+01 -4.127815164465532760e+00
-4.131359435436932159e+01 5.145934793556507181e+00
1.056144094838818148e+01 -3.780881972396526436e+01
4.021746167851107856e+01 -1.062926585083230080e+01
3.887121539094869860e+01 -1.580121619349665707e+01
2.107947749449746411e+01 -3.345664034431546696e+01
-4.467364848870732175e+01 1.616311960326390107e+01
3.911597530191991723e+01 -5.950953083080419148e+00
-3.877666366360600136e+01 9.763080769911907097e+00
1.228979116931898297e+01 -3.564750298714749022e+01
2.260310765771333052e+01 -3.847412210560713675e+01
4.070179019890768757e+01 -1.518678372052823455e+01
-4.827373604069600788e+01 9.792445976535558927e+00
-5.467837474605060066e+01 1.201645271652430580e+01
-5.170618814477764147e+01 1.096356432084179744e+01
-4.159072540991670053e+01 5.059042736249271810e-01
-5.056357740960444147e+01 1.343451158290998748e+01
-4.461396815180808773e+01 2.119813449497200963e+01
1.516761450154733915e+01 -4.339262806922812388e+01
3.645194481792907482e+01 -9.417412295322669991e+00
-3.519089313175606293e+01 -9.112568116447788968e-01
-4.294520009181210440e+01 2.959741595628580058e+01
-5.312073964088858702e+01 1.466769603966684699e+01
3.782679710445758303e+01 -1.045336383369258826e+01
5.214645498958971359e+01 1.416984136342732015e+01
1.891669485516285576e+01 -3.090603873866269424e+01
-4.261331198916144558e+01 2.464712735738627813e+01
2.714600203606149975e+01 -3.446444550941831153e+01
-4.789697534470401052e+01 2.501742015589507062e+01
4.366625302041089185e+01 -6.092376735691472867e+00
-3.942005079473381812e+01 9.512045307343422351e+00
1.109948397019631017e+01 -3.642627896659265474e+01
2.446703092276316127e+01 -1.012235323166121148e+01
-4.504379679338478581e+01 1.311170990057870256e+01
2.507975315847767206e+01 -3.021732687345993096e+00
4.455729662308944938e+01 2.154411835279826448e+01
-4.809213481146564817e+01 8.647269003404174370e+00
-6.069282006658534812e+01 1.768388268779917993e+01
-3.169489316147249625e+01 6.729556000301515795e+00
-3.811022764957932196e+01 1.075134926784916445e+01
-2.279555071183327541e+01 1.281069690115871351e+00
-3.353188241525763402e+01 8.649268254662766608e+00
2.872248005889589351e+01 2.431915828157122483e+00
3.813159493424092972e+01 9.922612166052601879e+00
-6.129673581734351728e+01 2.058450860305539720e+01
-5.521407268334459673e+01 8.560371515033663670e+00
-3.491030738491109275e+01 9.711653861815618072e+00
-4.802262805126360234e+01 2.164891211994308762e+01
3.259603763414939692e+01 -2.395678122394787124e+01
2.651981028076530578e+01 -3.659857047602370272e+01
2.330861642009579526e+01 -2.553884256411307874e+01
-3.284809907429790599e+01 2.879081185310786140e+01
-3.858596670167369780e+01 1.755038511933169687e+01
-3.254827365923451055e+01 7.535543763314151100e+00
3.812803702542890250e+01 -1.266419447796510589e+01
2.608017330943939882e+01 -6.409552057143189430e+00
-4.898879611476101559e+01 2.376246782687829295e+01
-4.046882779114991990e+01 1.851191364165821795e+01
1.817084099673057551e+01 -3.687187161685607606e+01
2.553994418326056959e+01 -2.000887210507975311e+01
2.783284738955857307e+01 1.267384822112999299e+00
7.052998847839475616e+00 -3.998207156665305462e+01
3.843455664217634649e+01 5.588062944770215701e+00
3.757314387203281569e+01 -1.254428414250397861e+00
-5.007946617595398209e+01 2.363826300516124945e+01
-4.580245992341456684e+01 -9.782952812595645531e-01
-2.357867673286154542e+01 1.612466068223771698e+00
-4.106822401414702739e+01 1.855958770912293332e+01
-3.351590773433810000e+01 3.906996467120225969e+00
-3.186322996378729755e+01 1.378950133929260069e+01
3.707139354660895236e+01 -1.213293671405343055e+01
-4.539146328306573963e+01 1.584749744566729923e+01
3.946867172072850849e+01 -1.390160475039192534e+01
2.783685241500147356e+01 -2.963006393046825693e+01
-4.857696187624731721e+01 1.443670667825821319e+01
-3.556214203959318354e+01 6.349592366731080517e+00
3.769121667276051824e+01 -1.987715185251696681e+01
4.458546536440428554e+01 -1.384703100453521518e+00
-3.929835042106714127e+01 -6.266130761032564500e-01
-3.599127781623092659e+01 1.390046437292574844e+01
3.839215363989278984e+01 -9.625376713242408400e+00
4.616799415836135978e+01 -5.919240740997186556e+00
2.579478871585828514e+01 -4.277740003804528612e+01
3.159219388308920173e+01 -2.281931273793051673e+01
-3.258546236598202483e+01 3.939214350614569593e+00
-5.502188886507192933e+01 9.713431511080282021e+00
2.707263136088840838e+01 -2.479684837347619109e+01
3.266514282026236771e+01 -1.181491284019491061e+01
-3.672514165741290526e+01 2.443940043635948101e+01
3.957926892694442955e+01 -8.105389844615205064e+00
2.884254894156155657e+01 -3.771421776798964487e+01
-4.543328068529172015e+01 9.278443540580674664e+00
-2.328855657855048378e+01 3.704261982953751975e+00
-5.804168007849133915e+01 1.136195952554360389e+01
2.844624541016145258e+01 -2.408598750964223711e+01
1.085687155896263079e+01 -3.282633894203942759e+01
-3.528397286969403268e+01 -3.116610904887465172e-01
2.857675247557109444e+01 -3.512046215678355310e+01
2.961395422822826262e+01 -2.395092562270087200e+01
-3.639961993502492277e+01 6.570454442603206324e+00
-5.673004103120728558e+01 1.101570852339704132e+01
2.537356520237442936e+01 -3.009195134579375264e+01
-5.823585888482999451e+01 1.040197234482706001e+01
1.917732472894085660e+01 -3.675328655436300096e+01
-4.024703065802670210e+01 8.632180254971020261e+00
-5.485576784968671404e+01 1.105504749618396154e+01
3.902549725554672477e+01 -1.153007436205148117e+01
1.627293194637877960e+01 -4.405265240768426338e+01
2.246870360219215002e+01 -3.713626600068828054e+01
1.189975520406935772e+01 -4.170347901266273283e+01
-4.833658217314820860e+01 6.663630757471882049e+00
2.764696285703774592e+01 -2.889378617777983038e+01
-3.752891139410960619e+01 2.842022049912805048e+00
3.918352813226108111e+01 1.046982804699024960e+01
1.818741180234436072e+01 -3.293205757075541840e+01
-6.134317370900446065e+01 2.080367403496711987e+01
-4.429126460671588461e+01 2.631673347113295591e+01
3.967814389141999953e+01 2.207038566616612840e+01
3.627218235569442584e+01 -1.650192326513883145e+01
1.991187735585496554e+01 -2.688130394670363899e+01
1.813269430705507901e+01 -3.774077812974136492e+01
-4.201398591986450981e+01 2.545839882648557762e+01
3.210355986529330607e+01 -1.238986888125515762e+01
4.112865451920947635e+01 2.374695666975418007e+01
-6.186841111755418154e+01 7.649208238457474884e+00
-3.401765828416919391e+01 2.870137109950135113e+01
-4.522055865096274374e+01 1.857938320024136303e+01
1.818800198914774313e+01 -2.129902613175568149e+01
-3.614369828790481876e+01 2.334521340916895937e+01
4.225495940584516319e+01 2.238781985634569693e+01
4.159336760881242157e+01 2.602849183765610164e+01
2.815166272586239771e+01 6.773845789132773909e+00
3.678436811189612854e+01 8.902458597886484526e+00
-2.558499653525897344e+01 2.355069352225629409e-01
4.044905296835968755e+01 9.970724180531474801e+00
-2.593773262737669683e+01 2.269878744343395027e+01
1.720616273135200913e+01 -3.074547787571171398e+01
2.757520730129458641e+01 -2.055359483465851156e+01
4.186946925594200053e+01 4.109999509010930474e+00
-4.074046000793807565e+01 2.411839720868273673e+01
4.228483219738081544e+01 1.388981878461820330e+01
3.605358425694815594e+01 1.306933993006385819e+01
