1.203586711437282730e+01 -1.693683187310744076e+00
7.061829878610959454e+00 1.460003818758561955e+01
-7.735722954610032787e+00 -6.195888059662329361e+00
1.328764000129403655e+01 1.586013645062283750e+01
7.400864927466711540e-01 -1.703432869271389549e+01
8.212795404301385105e-01 1.931898249924124755e+01
1.489220386344340241e+01 4.967744200080031369e+00
6.892601127597667521e+00 2.081275155119812581e+01
-1.309520514788362888e+01 -1.113850356909950179e+01
-2.042654714549034356e+00 8.615869933731472585e+00
3.886160870873648504e-02 1.377495966870796984e+01
-4.876116846838780106e+00 1.797328804562897275e+01
-1.408088337619519415e+01 -3.937880352190072486e+00
-6.733416701735241539e+00 1.212880116140031106e+01
1.750632753756897131e+01 1.117601108603025395e+01
5.188980213418393994e+00 9.380617562882139993e+00
-8.220815551191220649e+00 -2.412667546717195677e+01
-7.823496731363714929e+00 -9.006263967181628027e-01
-1.783635464922544145e+01 -1.525948724445858673e+01
-7.315159781676185524e+00 -1.212542841113091185e+01
8.755120787721098807e+00 3.905097563535699923e+00
-1.552775863221564379e+01 -2.134094051762305000e+01
2.038477402571088337e+00 4.077424980578154390e+00
-5.952796279069708874e+00 -1.791809902225472584e+01
-1.920920319113781360e+00 -1.048710998770972580e+01
-1.194435576120439180e+01 -1.759096761023169009e+01
5.426406531775796793e+00 -8.569382641639160525e-01
1.747777116434303579e+01 -1.055186824230294196e-01
2.216239525712975578e+01 3.753101864170202084e+00
-2.063012272881930187e+01 -9.699114493801159753e+00
1.140993165395871500e+01 1.006636520327042561e+01
