-4.835539822848982539e+00 -1.326521277694379775e+00
-7.730102435352197432e-01 -3.122666386910096570e+00
-3.363279726918535939e+00 -2.956005120477025905e+00
-3.153653544343057114e+00 -1.319968752196551076e+00
2.281052724177129676e+00 2.866315046419745549e+00
-2.176133213245375231e+00 -3.319574859161575020e+00
-1.631377276104228446e+00 -2.948085034761344314e+00
2.396123837597056827e+00 4.736493986814132917e+00
1.998905202795878022e+00 3.954834066170790141e+00
5.057555075719221138e-01 -3.861390651047453826e+00
-3.438008472177998875e+00 -1.269336243615746929e+00
-1.031251246056906323e+00 -3.800556159489879349e+00
-4.974389307870786259e-01 -4.630379407662370106e+00
-4.044087089121795486e+00 -1.238344154483215220e+00
3.357600649265100490e+00 3.770484358907087774e+00
3.103872508322074175e+00 3.031910745620765901e+00
-4.484670745899617117e+00 -1.756028435781415098e+00
-3.716060382828197728e+00 -1.618880649259273330e+00
-3.756117175035750932e+00 -2.018014989201766252e+00
2.297081903351657406e+00 2.328109621920579908e+00
-4.155525659478782607e+00 -1.746925723551443932e+00
-1.494155340320806102e+00 -3.918512238652642310e+00
-3.215734662465662641e+00 -3.565052493093237018e+00
5.079654848200050310e+00 4.464001427664370247e+00
1.955873185675484960e+00 2.398851784828515576e+00
5.188367031058904733e-01 -3.857030641552991579e+00
-4.046229300018049813e+00 -7.786600188712532455e-01
4.135648046233273867e+00 2.840013627362897086e+00
2.902269693563968467e+00 3.788589678713607523e+00
-1.589330087016610937e+00 -2.544494811036182469e+00
3.829600899504168154e+00 5.020002893342980776e+00
-2.077893546958172521e+00 -1.989255490102384449e+00
3.324444359090594769e+00 4.880175467385127419e+00
3.429513864554547098e+00 4.439052135078320305e+00
7.610141308353849388e-01 -3.557117528315751009e+00
2.024235715088556820e+00 4.203196948651824805e+00
-2.479551711779776735e+00 -2.890547482115822131e+00
3.843569126706804617e+00 5.255823648117001312e+00
-1.782778386777590152e+00 -2.271686668505435325e+00
3.148836456815269358e+00 3.565454989166380706e+00
4.682811765930114056e+00 3.698371357555624073e+00
-3.133030854449732061e+00 -2.575785048079112904e+00
3.078408335444984267e+00 2.671385376461931305e+00
4.397188221239677119e+00 4.240490970321143749e+00
-6.820317011448902011e-01 -3.805378886671634042e+00
3.741783033222184862e+00 3.992825845739788715e+00
6.433479552460950046e-01 -3.865898742271159705e+00
5.178633310067599638e+00 4.392008709116018927e+00
-4.494280060483132999e+00 -2.216005497422567139e+00
-2.255387710084229447e+00 -3.372267975530498063e+00
-4.309505093725285896e+00 -2.398021317844420075e+00
