-2.356152101131915799e+01 2.158710447667005639e+01
3.357972630117703261e+01 5.055088256208814634e+00
1.038742317646633673e+01 -3.181991587065922999e+01
1.618144854191805138e+01 -2.840149280697651690e+01
1.796989170694202542e+01 -4.052648389697689169e+01
-3.272059803845912285e+01 2.227370906066895984e+01
3.186303342773179637e+01 1.556276553429988940e+00
7.119115899724280716e+00 5.351759745534111490e-01
-1.296484687701529204e+01 1.438796290727162308e+01
-1.967772588027149183e+01 7.643264380083016007e+00
2.542939024990644015e+01 -2.590127536347672077e+01
-3.815794228420715939e+01 4.190710713028998669e+00
-3.108488732070561511e+01 -2.391074780386341914e-01
4.099948563453468608e+01 3.997034778871670024e+00
-2.795930759597768400e+01 9.779565120213074891e+00
4.319619518570276995e+01 -9.161338674935523230e+00
-5.342806888301338830e+01 8.278179927052100595e+00
-2.712804570531351089e+01 2.060601566168986043e+00
-1.071544067324568594e+01 -3.930065689326726286e+00
2.302596463957120321e+01 -2.875557967883857557e+01
-2.354569778100837141e+01 2.223959812342056086e+00
2.619078472359952059e+01 1.127970724004913494e+00
3.684003881354628618e+01 6.817068264232766239e+00
-2.307051673952439685e+01 7.131189723374414591e+00
-4.848853888767996523e+01 4.720939543953226902e+00
-1.675265230677521089e+01 3.517420205744793638e+00
4.550941591773599271e+01 -6.841342852090724236e+00
1.386784786949436388e+01 -2.310058530839313917e+01
8.875877665527372784e+00 -2.981772769439973203e+01
3.699144216849454381e+01 -7.020305823728118177e+00
-5.603304975300336821e+01 6.596033493562404537e+00
1.153150760074332837e+01 -3.788761170449489413e+01
3.853553713105677758e+01 6.255793170135685033e-01
-3.905708254521815803e+01 1.005329965562645356e+01
-3.064554409584690120e+01 4.454698887473989011e+00
-3.310869828927413039e+01 2.111865994638914046e+01
-5.280660537886017636e+01 1.101622157714353811e+01
2.019436424928809259e+01 -1.869458399929063219e+01
1.372920350542375978e+01 -2.024040646572053248e+01
5.566570353796277182e+00 -3.614166188917280209e+01
2.012106472910545207e+01 -1.044161597452245616e+01
-3.834257811507529823e+01 2.483839713742398914e+01
-2.200171845344116051e+01 2.377101148879001258e+00
2.848991095587505740e+01 -1.799110849960199232e+01
1.785157776151311282e+01 -6.512901915722538071e+00
1.373372853571411234e+01 -3.003493817295649393e+01
-2.889324260147015266e+01 7.861036819781066498e+00
8.394947211404783616e+00 -3.044569354198572597e+01
3.279855686476643939e+01 1.295608981395788284e+01
3.279573590282623030e+01 1.845220346746001638e+01
-4.323864135823696131e+01 8.732326986451157680e+00
1.171401817134858980e+01 1.789713448495961146e+00
-4.811959075164325839e+01 2.887900002652127096e+00
-2.231539988429318200e+01 -5.635779545646154354e+00
3.354050359345122700e+01 -1.864863809294089947e+01
-3.131762479501128738e+01 -3.553695188602420174e+00
-4.070853879034375922e+01 2.671837157241540339e+01
-5.248760093763034007e+01 3.978870730626181462e+00
3.614588688562317031e+01 -1.347682492463458814e+01
-1.356766082758229075e+01 -2.541998209524352070e+00
-2.988230861698079011e+01 5.250526198857939697e+00
-5.449350860169312938e+01 1.132658192767721772e+01
9.447071105319398754e+00 -3.614622841172720769e+01
-5.176162249127074233e+01 6.623360061679268718e+00
4.017057892761265236e+01 -7.859129738957690847e+00
1.096713510313045203e+00 -2.625130972499056980e+01
3.627561015439165715e+01 -1.737405918639881719e+01
2.187193175744329210e+01 -2.059646069620769637e+01
2.513312547999747437e+01 -1.404104754727691606e+01
-4.540954967594470304e+01 1.734768054623761913e+01
2.266901583831154809e+01 -4.029165769764050609e+00
-3.962209608595584598e+01 1.616755409145757838e+01
-4.771617183635144244e+01 7.537719621772634326e+00
-2.598954583731857326e+01 1.207586298953631498e+01
2.460627849375872245e+01 -7.125512949224853898e+00
2.729882530539365959e+01 -2.158941126519839671e+01
2.664222297391201266e+01 -3.072634892314224597e+00
-1.717750896725362253e+01 2.858452570951392158e+00
-2.768183941002865112e+01 8.758485434672897085e+00
3.710249900169734616e+01 2.375885506875551556e+00
3.059601269715227900e+01 7.542047444149719837e+00
3.205929659042003976e+01 3.514751440238493618e+00
4.050271741805854475e+01 -7.009345942971296317e+00
1.465775956299520466e+01 -4.098714500152530604e+01
-3.760874833280033869e+01 8.731695539317387400e+00
1.833233022018741565e+01 -1.918185997999234615e+01
1.211455773692877180e+01 -3.672495961682504628e+01
4.630786003527797234e+00 -2.979166369742787168e+01
4.577234067411387741e+01 5.147131758443628691e+00
1.329499429538940092e+01 -2.590951670509136306e+01
-2.776243576174777772e+01 1.464856932619239771e+01
1.023362844562743490e+01 -3.336914027640330715e+01
2.562934572967160207e+01 -2.482926633350610146e+01
1.446538944926840742e+01 3.440689322299210318e+00
-2.768006441166491527e+01 1.291578819915252474e+01
-4.611184843332876682e+01 1.666155412633027311e+01
-4.644475365872619932e+01 1.260575757018020937e+01
-5.007488817313057439e+01 1.096640940707239942e+01
3.047421477970423709e+01 9.405050737918886128e+00
4.208287253333427458e+01 5.138392122373127258e+00
1.670080973680002856e+01 -1.908557113135217875e+01
-2.933117182905503384e+01 -6.196976324460017338e+00
-2.930980197206939053e+01 2.767136494591961338e+01
2.262877454365641583e+01 -3.214377459431843675e+01
4.245021327483582496e+01 2.711428451707880605e+00
-4.048965514863546389e+01 6.695210103584066985e+00
-3.894405563963704964e+01 9.283549802959088382e+00
-5.348828354806880014e+01 5.452272272963536004e+00
2.612871235489365773e+01 -6.964757973840582039e+00
6.503002379383535647e+00 -2.057296775332473260e+01
-3.205699525397383098e+01 2.617152689008432276e+01
3.100776599834196645e+01 1.417961077113080570e+01
1.812160846237230416e+01 -3.532422836506180630e+01
-3.652406501193370048e+01 2.667605288238881656e+01
4.184151728404932413e+01 1.789070374415302211e+01
3.341495888612561771e+01 7.706673078163653656e+00
3.760373375617399461e+01 1.093580703313364033e+01
3.553572754512259024e+01 1.268765127215536559e+01
3.036161225316143586e+01 -4.414107605999748607e+00
-2.904393206235488023e+01 1.600554939299810187e+01
-4.578538272218982996e+01 1.053748953050425463e+01
-4.967585555828923560e+01 6.834700007737843919e+00
-1.172791856705031321e+01 2.576104391723445630e+01
4.300965608278686148e+01 1.614047643843872848e+01
4.168581860433084785e+01 1.447129011205683113e+01
3.278800031470058940e+01 -3.449945250198231395e-01
-2.335391203881103195e+01 5.888753884820298268e+00
1.052145841687017125e+01 -1.882319486697925370e+01
3.346104778767994503e+01 2.375452430754937616e+00
8.574016541189928731e+00 -2.707221020962653313e+01
1.273387853699844996e+01 -1.616361539259895608e+01
3.977763102649247884e+01 6.498632703325747606e+00
-2.104026385462442761e+01 3.140739581309313877e+01
-3.018629254563734321e+01 -1.042175708766479358e+00
3.855517868427893546e+01 1.425906811155211251e+01
4.104150162312851791e+01 1.090573036490152248e+01
-5.013747903355722002e+01 3.613131761333691738e+00
-1.814736041550456846e+01 2.393469681513871095e+01
1.398462555047343692e+01 -1.171214379837712194e+01
3.605398556910072472e+01 1.016922841557458845e+01
-3.819430248882040502e+01 -3.266203550704082748e+00
1.698165309532034328e+01 -3.308655787696039141e+01
-1.679702803630511099e+01 2.636284547086474461e+01
4.713921521430440720e+01 1.137729087744881085e+01
1.198036912253526509e+01 -4.115676953376026859e+01
-2.277556204828415432e+01 2.103405231978770473e+01
3.319669713734899119e+01 -1.199606995794177777e+01
-2.404191543371242901e+01 1.241412039026089964e+01
-2.290044234023556058e+01 6.503254023506014336e-01
-1.347938948858521080e+01 -1.717302159557109631e+00
-1.605671740267175096e+01 2.333445610386409896e+01
-2.800938578436517901e+01 -1.716230007471620356e+00
-2.791611459099958026e+01 1.880025036065852362e+01
3.592666629873689743e+01 8.260217799645468872e+00
1.800513425937196033e+01 -1.146818910993142637e+01
2.286536837765365959e+01 -3.835772990698141172e+01
-2.682094928155261471e+01 1.893362935688953996e+01
4.918044397505858001e+01 5.965174202634822009e+00
3.446611885874303027e+01 1.320475912981412536e+00
-3.310045341292767773e+01 9.584368112487453573e+00
-3.013975047973113774e+01 1.970824206754337382e+01
1.880566799748529760e+01 -2.871273649199667588e+01
4.035529769050454263e+01 1.335571129948172775e+01
4.737983562198819776e+00 2.721416408528293918e+00
-4.421474610074913869e+01 2.355958041019798443e+01
6.518838134471337753e+00 -2.888212171798394223e+01
-2.831869723661016280e+01 2.269933713490037874e+01
-1.969952151244393690e+01 2.209666800914114404e+01
3.719778945429486328e+01 1.183490014917272504e+01
3.126712930298181448e+01 1.886945943106517731e+01
-1.449251685655378274e+01 4.343395751556625051e+00
2.262056307296356295e+01 8.653002223574093321e+00
1.242113968079775255e+01 -2.207002989832648510e+01
-2.655125369600721186e+01 2.137930300389695759e+01
4.277236798215226798e+01 -1.897885636018671329e+00
-3.067264939920389466e+01 3.325938062524762273e+01
-5.155451032036658887e+01 1.597404375645657204e+01
3.567863853447766331e+01 -1.876807020679359395e-01
-3.899888608301727544e+01 1.318639718687063578e+01
4.403507671540536705e+01 1.162689693074851860e+01
-1.541773113245301019e+01 3.051821772106748298e+01
2.736516784993797202e+01 8.878077120672129396e+00
4.085648210607332231e+01 -2.282296143934627874e+00
2.808320245545934668e+01 -1.538497292980417619e+01
-1.919021427888390363e+01 2.052841156826391256e+01
-2.277580481393126988e+01 2.434020620264931267e+01
-2.431865958404647898e+01 9.456266430668437195e+00
-1.259648199070146291e+01 2.057065202815524785e+01
7.634315262138373193e+00 -3.949787044112047596e+01
4.777245607160711671e+01 6.158699215936676907e+00
-5.086836520488177626e+01 5.492445215625816779e+00
-1.722249902395823185e+01 2.934925956464055119e+01
3.928790816563341082e+01 -2.693215972970299243e-01
-1.625942518339724074e+01 2.879833207377081195e+01
4.025975633639268381e+01 1.699549244345264398e+01
2.983516612608844909e+01 2.877548245992227915e+00
1.337016505516083953e+01 -7.040155148068044433e+00
-1.949687054424726185e+01 1.781895038453980362e+01
3.592008425868729660e+01 -3.067789687324327996e+00
-9.836927207783013216e+00 2.848440852239436438e+01
-2.222312295823987327e+01 2.474663932127870680e+01
3.417321460182552073e+01 9.712588519351383454e+00
-2.077788480723141618e+01 2.849531996100275411e+00
-1.244935853391922365e+01 1.802986844705796443e+01
4.360607798830402260e+01 9.069487447903197719e+00
4.564670522546088449e+01 3.591300020613430455e+00
-1.335759805753767360e+01 2.085109856662962002e+01
1.599824644755815584e+01 -3.282275489771217991e+01
-1.842350338868067894e+01 1.702007570179850049e+01
1.241731458361831919e+01 -3.613781587635142500e+01
-5.529528662439666675e+01 3.227574731199026825e+00
4.098758385767652612e+01 8.542440903396424090e-02
-1.642856879359184319e+01 2.764051448542059575e+01
-2.215255873901007533e+01 -5.141269595359055700e+00
2.329940641456882489e+01 -3.399969571684782466e+01
4.336287353494705599e+01 1.306609672428501767e+01
3.365816228450633218e+01 -2.151169893311303483e+01
-1.734845042475856047e+01 2.134261627652855964e+01
3.995751221588550806e+01 2.790606191581042506e+00
-3.274486514214870425e+01 -6.414557596259931493e+00
-5.136073952234943363e+01 8.215294359056940721e+00
-1.773125757074980413e+01 2.255740426673406418e+01
4.111788177829718194e+01 7.214248516306935421e+00
-4.159051627982753274e+01 7.265521973695859614e+00
2.683390747064726511e+01 -1.473890047417016014e+01
-2.205419676223727166e+01 -6.519738524671720992e-01
-3.783823309138392688e+01 1.330622049506240678e+01
3.560155609069697391e+01 4.631420893548968465e+00
1.120469141606881180e+01 -2.631695541023445628e+01
2.639456866400516688e+01 -2.022266955029629187e+01
3.198698055988926470e+01 -6.888440152704511377e+00
4.836941987927981756e+01 1.384487392482205514e+01
-3.037815150423855215e+01 -6.106478541828384010e+00
-4.380433536773762881e+01 1.171732963746389267e+01
1.309409623274233958e+01 -1.137197542424350161e+01
2.966272654880621573e+01 -5.174391158637490662e+00
1.750010260310376609e+01 -1.993243997904217579e+01
2.955735174197837623e+01 1.135861495638831542e+01
-3.764873728539014763e+01 2.160375106570986858e+01
-3.532674523271762723e+01 1.826737895297431180e+01
2.582084342885945105e+01 1.366609570709088750e+01
-4.996092100316128892e+01 1.964252529672847203e+01
-4.356467328820237839e+01 2.006192945767928038e+01
3.490703689095823847e+01 1.546194910342691031e+01
2.065867340251004691e+01 -1.579591753031153978e+01
4.293904840161702907e+01 1.486092014979804432e+01
-3.324800253039426678e+01 -1.767340426609208759e+00
3.778938515266492004e+01 -2.248555804032507766e+00
2.076633221879724189e+01 -1.447128712721540289e+01
7.419875722843869426e+00 -1.101690856926297357e+01
2.280301334871941066e+01 -2.320998665045226517e+01
-4.068819660216723832e+01 1.375239644318255650e+01
4.752827073593161344e+01 8.578528418828756941e+00
-1.705953977603400418e+01 -4.299612770386616489e+00
1.537079034458799853e+01 -6.278333259755116913e+00
-1.971754745864744507e+01 1.355386545610776317e+01
2.427939701249581361e+01 2.518783294440616771e+00
7.319295985178494668e+00 -2.482409867322255792e+01
-1.743944115319375499e+01 1.780039721561126242e+01
2.485502035284578781e+01 2.156611820558394843e+00
2.411240606683086085e+01 -1.623584377498026399e+01
-2.506568798279508670e+01 2.800972844930741346e+01
4.811473243769307828e+01 2.549915904654865076e-02
1.039564852267081818e+01 -2.349296201748087398e+01
1.254101578205311363e+01 -3.249728297411039790e+01
2.334356698758838178e+01 -1.794507240740281162e+01
1.385085227932325225e+01 -6.071754922292345924e+00
2.628288878319325761e+01 -2.961825095600271140e+01
2.195038705354237152e+01 7.118544504951594298e+00
-1.771771096675290025e+01 6.618673069453016033e+00
2.111278869598937291e+01 3.369611361580415743e+00
1.319668490831822183e+01 -5.076824000577309093e+00
1.565922671581243186e+01 -6.780925961575841043e-01
-1.920522903737468212e+01 7.181854780509560499e+00
-4.138816377863357587e+01 4.792403414914898185e+00
2.236308044803648443e+01 -1.827261922437340536e+00
2.467662292385968570e+01 6.643850540512258540e+00
-1.989496768342806732e+01 2.775665436468009872e+01
-1.652050409485842764e+01 1.497835003544495258e+01
1.101765175556288057e+01 -2.879494577746970663e+01
-1.875798451201064410e+01 1.541930174309690038e+01
-3.713290873254675972e+01 2.911972148820176542e+01
3.515922863902530082e+01 -8.758974838683748487e+00
-3.043342863162471446e+01 1.444635554863827487e+01
-3.831187429858204041e+01 6.612216758671792149e+00
2.431013028791468500e+01 5.613123038758498495e+00
-1.923495735805515494e+01 1.255175047005037037e+01
-3.477663919234075962e+01 4.629745647546709364e+00
1.696612350841863304e+01 -6.668321226299556148e-01
-1.569334377326945784e+01 1.071967893574617214e+01
-4.345302544054155192e+01 4.436821005027778320e+00
-1.638643219987450195e+01 9.190670842204468727e+00
1.072626280420522704e+01 -2.943162096939693484e+01
-2.253710178856228552e+01 2.688694165829559424e+01
3.898759561503860027e+01 7.222907134251594030e+00
-1.253581466603758265e+01 2.687837266687749604e+01
3.895146362463251677e+01 8.936602293753370674e+00
-2.061753751379099597e+01 2.321130787530922390e+01
2.238868074625785098e+01 -4.372450264191227176e-01
2.255378805851029966e+01 -2.767432256635606080e+01
1.621017255560950332e+01 -3.805214316079083403e+01
-3.588801057222144664e+01 -5.154174182670153925e+00
2.001088729826668100e+01 -1.323026980862572266e+01
3.393201629914893402e+01 1.121988097672883100e+01
-3.051640029293833223e+01 3.316499967556087825e+01
1.371311953346261170e+01 -4.066004326100355826e+01
-2.022463963030569545e+01 2.609844625303416876e+01
3.165036411322927634e+01 -2.905000124632063585e+00
-2.229551841921919575e+01 3.144488582353072559e+01
-1.736402259962750705e+01 1.235855721842282762e+01
2.640982851050559788e+01 -4.007536889348370046e+00
2.894358192571439758e+01 6.494433364057805136e+00
-2.145285563852063504e+01 2.995985313672933259e+01
-4.241862344864029666e+01 -5.729316215959162628e-01
6.358447915674265261e+00 5.568511173982807483e-01
-2.424523304161855819e+01 2.882240405226073676e+01
3.864371341409430727e+01 4.934247341313485080e+00
4.650579131285184786e+01 6.076797528555667682e+00
2.788262674643477013e+01 -3.063308931346780994e+01
-4.172142714446786727e+01 1.502186989290984265e+01
-4.580417326454789162e+01 -4.473564365957800604e+00
4.504331076621142671e+01 1.544068669538529726e+01
1.710851858007194082e+01 -2.912639867616763922e+01
9.194673598546026838e+00 -3.257015521774787459e+01
-2.107707695267326287e+01 2.679098118215425828e+01
-2.675115272117424681e+01 -1.145219788266986338e+00
3.184093630990592061e+01 9.666995066728206965e+00
-4.889028600427549520e+01 1.922636808866327840e+01
-4.916402011289417118e+01 9.616292724872339548e+00
4.967017701914467409e+01 1.177525785577888229e+01
-1.635305065971052940e+01 -5.562745766860566654e+00
4.289209717020512613e+01 1.005456260352627673e+01
-1.743595307108150294e+01 9.160551555919315803e+00
-2.815847937280483038e+01 3.220700758088881344e+00
2.744018804274649526e+01 -1.613657081644726432e+01
-3.757116594128942921e+01 2.300345976301705164e+01
-4.512506588958899556e+01 -4.904423081095778514e+00
3.190388986321258002e+01 1.277656571917435535e+01
1.474189078946421816e+01 -2.113075942825834730e+01
-4.464380599101598790e+01 2.271280626367076749e+01
2.403043734429748568e+01 -8.509871016749871231e+00
1.520798598686100789e+01 -3.110553273577401612e+01
3.046046099852339495e+01 -1.560774885044441795e+01
-3.631940823771784466e+01 1.678381269125348041e+01
3.116380333605743758e+01 -3.739678327914814915e+00
5.829337052577129974e+00 -3.411485483524500495e+01
-2.388633167773588895e+01 3.159999036054482247e+01
2.047064226743230719e+01 -2.198620186736694748e+01
2.791374277231718892e+01 -1.211293362096695780e+01
-4.381328919365972752e+01 -5.564567321590566884e+00
1.471285229028508290e+01 -3.705136327122093576e+01
3.390611706263661773e+01 -5.013562410033059358e+00
2.245786381839229762e+01 -1.303349494449860124e+01
2.101200582519777171e+01 -3.870729535270452715e+01
-2.623880013509484499e+01 3.064091158085365407e+01
4.521162970910152978e+01 -7.403420389997410034e+00
-3.332630511795736794e+01 7.423881287551528096e+00
6.908048966310131433e+00 -3.011493816115206812e+01
-2.155011858914265588e+01 1.165591205277825715e+01
1.760163929068083633e+01 -2.227480027698055665e+01
3.819653018849624715e+01 -1.093282718694247535e+01
-4.551277445269333555e+01 7.708392334833651383e+00
-4.563377683307592747e+01 5.699288940642554202e+00
-4.283105723777841689e+01 6.816309565143494176e+00
2.823845066199220710e+01 -9.112878194924244113e+00
-5.094121647877067005e+01 2.080111913662277545e-01
-5.136589116332015692e+01 1.578537008465288949e+01
-4.413536972051876006e+01 9.811488482285541934e+00
-3.876568429721226039e+01 1.738150357849863070e+01
1.384791847102897577e+01 -3.182734144077109661e+01
2.681613721462145250e+01 -1.831899277536063853e+00
-4.411288530450717360e+01 1.389886261531623468e+01
-3.604558917238944815e+01 2.460570485176692301e+01
-5.271705747621744109e+01 1.274280165638847784e+01
2.352374728803714632e+01 -4.890404430669820002e+00
3.427976788764016192e+01 3.911100781567069973e+00
2.480893563987207173e+01 -2.121461060538722165e+01
-4.012997428643099340e+01 2.062491084429836263e+01
1.250960093466894918e+01 -3.466415743503147695e+01
-3.655846161958220364e+01 2.821364988279034947e+01
3.520540491410444162e+01 -4.270973154244409820e+00
-3.274706293196267382e+01 6.635595666682659655e+00
1.620734297657028122e+01 -2.473901089610881954e+01
3.562154544212442886e+01 -2.600578666174003928e+01
-4.539726193509694241e+01 1.885771166051115344e+01
2.152197766011023461e+01 3.274687693544097389e+00
3.677051796009550344e+01 1.893421620688583218e+01
-3.824309502289402474e+01 5.385382325714342500e+00
-5.640829667793195767e+01 9.082514924575830761e+00
-3.047007732027005034e+01 3.663743308972242207e+00
2.866215270896062250e+01 -1.320741475436683743e+01
-3.487409197488878476e+01 1.254234272028638841e+01
-1.467023892482189495e+01 2.793080944060156501e+00
-2.540450405296744307e+01 1.585549069361182006e+01
2.797733054598655755e+01 6.726151967787662223e+00
1.342421087891616516e+01 -1.633759695404192058e+01
2.185424296193189164e+01 1.153860545582060970e+00
-2.592899865973259832e+00 -2.516680293355219789e+01
-4.747726258107260122e+01 1.228680146696073550e+01
-2.314783617002618499e+01 1.105236392640022203e+01
-3.125769546966162338e+01 2.292949402739415632e+01
1.911659339586434569e+01 -1.658825136624448859e+01
2.057164606682282582e+01 -2.461883317565606788e+01
1.710711086305859396e+01 -1.348502928560747272e+01
-2.326707834297132749e+01 1.877841040581076015e+01
-3.168278540091662165e+01 1.625730965108219905e+01
-1.947874631465248285e+01 1.013229606820013906e+01
3.169230244222543647e+01 -1.004410577811356120e+01
3.977118228505263886e+01 -9.311815916481098299e+00
-5.705725893628312662e+01 9.441449099752555085e+00
-3.212921813521685976e+01 1.453784259750158903e+01
6.673632732770101939e+00 -2.420787120731520758e+01
-2.626528943663423732e+01 1.587957650645609142e+01
1.901022086664423583e+01 -3.000461144569062100e+01
1.486286969559353999e+01 -1.755228161093901562e+01
3.320594871498444434e+01 -1.122579546415689755e+01
7.052151863083886418e+00 -3.820732720325261766e+01
3.170735074045616386e+01 7.083916166944453252e+00
2.647727390518755541e+01 1.443855404433837641e+01
-3.359457429603226331e+01 1.979306638225301995e+01
-3.384597708733769394e+01 8.510444430019173723e+00
-1.975828501620936350e+01 3.786334813756659479e+00
-3.202031922977697320e+01 1.403457085587922926e+01
-2.687861453645541232e+01 8.221965921516575904e+00
-2.350342332701722725e+01 1.410407577686011571e+01
2.285224771950851874e+01 -1.098980010353936265e+01
-3.827343813609999756e+01 2.389075648872916346e+00
3.693632602882841809e+01 -1.730571718764351630e+01
1.656645431589997486e+01 -2.734737619860916169e+01
-4.385804729836912941e+01 1.268098239419013673e+01
-2.579870348463810714e+01 5.008726658702491896e+00
3.306043133732057981e+01 -1.747488471195856974e+01
2.246067720228022679e+01 9.590980408279650149e+00
-3.752818479999907453e+01 -3.611562813071257150e+00
-2.976832972415888534e+01 1.161243292021598705e+01
1.794203936510483288e+01 -8.939074920042072492e+00
4.189363253279952204e+01 -1.403448214521759674e+01
1.740011884856744828e+01 -3.794070855679813548e+01
2.175470554004339618e+01 -8.569656684567251048e+00
-2.393014543712016362e+01 1.178177819227704326e+01
-4.603078708640607886e+01 3.693740146610557051e+00
3.071190178213833732e+01 -2.475085207935707032e+01
3.003761030456984926e+01 -2.477215864640599108e+01
2.942688112096989883e+01 -8.458656954848196463e+00
-2.508062233266815610e+01 2.633086235986082002e+01
1.092527928093420186e+01 -1.998555250017463791e+01
3.516861244536104891e+01 1.624061068642420835e+00
3.007488246900706841e+01 -6.640782041097207378e-01
1.542693758983754826e+01 -2.237577801989272430e+01
-4.074708384343936274e+01 8.476273116918131123e+00
4.879370503996043773e+00 1.162465482942711958e-01
-4.717072395477707403e+01 8.715482268940902832e-01
2.682086889332756741e+01 -1.754152035280747413e+01
2.932309037538094643e+01 -1.942695554119972812e+01
1.350042654381454099e+01 -2.455974809864355635e+01
-3.143162316817920399e+01 -6.178136778835924048e+00
1.899453693230193352e+01 -2.548144357063826959e+01
2.365042800428206604e+01 -1.681198454851220703e+01
-2.631488213333300408e+01 5.835926418836457685e+00
-4.456570180085014954e+01 1.930431734915440956e+01
1.778370066655381621e+01 -3.089872934665259052e+01
-4.710199081042878078e+01 7.602454954353977667e-01
1.974706657172173152e+01 -3.269662802395086487e+01
-4.162430360050228728e+01 -8.603996808594694956e-01
-1.355483150148763372e+01 -3.387090595395881643e+00
-4.746214921037171308e+01 5.789000682663432151e+00
2.297519061510775273e+01 -9.343488745028745157e+00
1.934315570775995496e+01 -3.568101515614189623e+01
1.998336776012965643e+01 -3.081483119303785401e+01
-1.797669795513527546e+01 -3.499602131867078914e+00
1.578940311560409526e+01 -3.897891590523649086e+01
1.358514191085427925e+01 -2.722987155092557288e+01
-4.185467450067147865e+01 3.346520641348407654e+00
2.023897210491080401e+01 -2.254490344849413574e+01
-3.184604556554163324e+01 -7.633337212021050533e+00
2.863028001714794613e+01 2.041720609429359179e+00
2.931709738162665957e+01 -2.013462437198454325e+01
-4.361208518850179416e+01 -1.692929999785154627e-01
-2.812818645200042322e+00 -2.509488771699729881e+01
-3.336925981235336991e+01 2.854397241632348425e+01
3.890398384741985183e+01 1.137911462274947461e+01
2.547977880255427507e+01 -1.043347606299780317e+01
1.629692406956646522e+01 -1.407683441686038606e+01
1.493062300600146663e+01 -3.383339141577689446e+01
-3.605851059928830438e+01 2.398554657743267882e+01
3.526320942094348254e+01 -6.700443059671573387e+00
4.725802555958526341e+01 1.267725594564100788e+01
3.042819300893089007e+01 3.678343096577636029e+00
-5.455459453301534012e+01 6.419749433406595429e+00
-3.331407897317875211e+01 2.658956857478525393e+01
-2.585236141494276652e+01 2.483620381963647716e+01
8.005327912631484466e+00 -1.677390417592354765e+01
-2.370934909522031475e+01 2.507813874583547786e+01
3.787107729001412082e+01 1.503822996825566349e+01
4.621785331336070612e+01 1.319464324657725030e+01
2.868792897625541727e+01 1.463510649117750795e+01
2.633775147280312368e+01 4.784112350903606092e+00
6.426326681578724553e+00 -3.143625985252101529e+01
-2.117112390139392986e+01 1.555637783457502188e+01
-1.657366472532936541e+01 -7.517931407216791317e-01
2.615793390568574495e+01 9.983175537301800517e+00
-2.214345921613623247e+01 1.751179767884597283e+01
1.966041299203849135e+01 -2.793798137247199875e+01
6.797193010845061778e+00 -1.988139757665879515e+01
3.895186607050821692e+01 -5.768687935733342265e+00
-3.871621911466644406e+01 2.512608314432665679e+01
-4.161871915452587700e+01 1.692012881041678085e+01
-2.151782712956524080e+01 1.859577049068900934e+01
3.340569144331416851e+01 9.309329166943809852e+00
4.477364578884812829e+01 3.284071277656175902e-01
