-4.341989407327922379e+01 2.318488196226704190e+01
4.483653885969493302e+01 1.288750474914627908e+01
2.864098339398294168e+00 -4.739733650361502271e+01
9.712803735797741922e+00 -4.819963971553530513e+01
7.505955257890819965e+00 -3.751391535890681439e+01
-4.286674784559103557e+01 2.629218530896519823e+01
4.594882200039731401e+01 1.274957059362144918e+01
1.681629935777052864e+01 -2.161442094504325695e+01
-4.961680171043820309e+01 1.496381118454225678e+01
-5.138953794738945646e+01 1.628836871466272385e+01
2.395799604298755980e+01 -3.001600004739848870e+01
-3.173700297025978756e+01 1.642179357637912318e+01
-2.019036491966563673e+01 9.948187662511450924e+00
4.217342891774669766e+01 1.484419579036578396e+00
-3.513082711477745335e+01 2.361672664364191832e+01
3.625611353375238366e+01 -1.636622400857503834e+01
-1.124381641880350813e+01 1.793838892276004415e+01
-4.470929713608749267e+01 5.294782337276028983e+00
2.274969658564131691e+01 -4.672704831920364654e+01
1.204759791673659919e+01 -4.004343455990751011e+01
-4.713672148714011456e+01 1.659986519981335817e+01
3.957246854706209405e+01 -9.626993018799335999e+00
4.303333063008972914e+01 -5.024322437683067299e+00
-4.749908056660181188e+01 1.583888963719062204e+01
-2.116444742768374354e+01 1.311900935536650259e+01
-4.616356931838080868e+01 1.300214391176848672e+01
4.655360052654457093e+01 -9.982609068219641557e+00
1.187110894676090034e+01 -3.864991704361133884e+01
6.270082600379786264e+00 -5.064952613183015728e+01
3.751956530054582828e+01 -9.336483522710123939e-01
-1.221274004585583484e+01 1.670736259610742991e+01
2.190516851956947519e+01 -3.466477322030468144e+01
3.693187484497654083e+01 5.612017353610331938e+00
-2.117423502749107200e+01 1.980071638609960161e+01
-3.840956135788255921e+01 7.907301641250890079e+00
-4.333167464940041924e+01 2.880969094368580485e+01
-1.743063534763210498e+01 2.166328638810361795e+01
3.291806844977831048e+01 -2.866088471046069230e+01
1.894487264496222778e+01 -3.078002345183230304e+01
6.768428565932074585e-03 -5.079730512169420820e+01
3.174019408086750005e+01 -3.148439913869384199e+01
-2.285226235778413795e+01 3.588914225682215431e+01
-4.664874066865522195e+01 1.325277584148797771e+01
2.766878962116696172e+01 -2.728640218261167050e+01
4.278599977556216771e+01 -7.831301822392489953e+00
8.117933229864746636e+00 -4.757603853136128436e+01
-4.176270607393205836e+01 1.111668940014821416e+01
5.835023158522214537e+00 -4.590722878961770448e+01
4.632460556692052478e+01 1.367624136870450435e+01
4.022373613977888596e+01 5.511362882822402831e+00
-2.426297865159621381e+01 1.937457225772134350e+01
2.579879448286595434e+01 -1.269888079363486355e+01
-1.643322604290935018e+01 1.761167052086460316e+01
-3.805520671419151313e+01 3.020793989940660396e+00
3.214103252122329479e+01 -2.348243925780890962e+01
-4.390899516915570189e+01 1.921524659998765650e+00
2.458551813802194985e+01 -2.378137381911773929e+00
-1.566528298969860344e+01 1.448062791052419662e+01
3.134566064134919472e+01 -1.687453354422769181e+01
-5.172103272599812129e+01 5.247447472511857391e+00
-4.185949214054960521e+01 7.907306856920885529e+00
-1.057664658006832781e+01 1.876003048106307247e+01
1.410914645439055537e+00 -4.748483223097984052e+01
-1.498467619336931733e+01 1.682941157370510865e+01
2.684831304521954820e+01 -1.220132592951530803e+01
-9.296583981270282848e+00 2.459495784600325763e+01
3.398244102849793791e+01 -1.541428589228477719e+01
3.544977550952567924e+01 -3.045846112928438032e+01
2.727266544205170362e+01 -2.617143867550094782e+01
-1.703528875910458140e+01 1.943516282421471075e+01
3.464193044687551293e+01 -2.082290642271424019e+01
-3.778202455402334436e+01 2.094097888662001239e+01
-3.140254505361572868e+01 7.512745091658242558e+00
-3.901234833510773115e+01 2.027511281273086041e+01
3.731259537846877805e+01 -1.248759866733968771e+01
2.193420479240491616e+01 -3.911265989159554834e+01
4.237354626301247862e+01 -1.886755423621212957e+00
-4.428936744433491413e+01 1.084458267889965022e+01
-4.030743378721525971e+01 1.066704902585677139e+01
4.337042264972279071e+01 -2.282912111083519768e+00
4.436041673333750168e+01 -2.278716155266901300e+00
3.863236213514505124e+01 6.788730093607182603e+00
4.311952763397727040e+01 -3.781381650198801125e+00
6.593583159297276453e+00 -4.939046436081316926e+01
-3.427568384750934882e+01 2.104143356638871509e+01
1.296580475552773670e+01 -4.074878137976912029e+01
1.001844838242063496e+01 -3.615220449141567371e+01
-2.448475763903380509e-01 -4.386993224033656702e+01
4.323440890738242359e+01 6.239206496849602601e+00
1.532158763151443992e+01 -4.382438647466533865e+01
-3.982357484560971272e+01 2.758258962543574455e+01
2.326573271871516191e+00 -4.513355687312329678e+01
2.720668612872961845e+01 -2.950659238484229263e+01
2.943941691154016382e+01 -1.174671313672504525e+01
-3.852109021499431663e+01 2.725556509075598655e+01
-1.762231958195522452e+01 1.919639074599171380e+01
-1.947009341454208808e+01 2.049034307064906457e+01
-1.730460914857359001e+01 1.225270201739416720e+01
4.441174228906682231e+01 7.332266078029714862e+00
4.305177696167925205e+01 7.291374991461633925e+00
2.310569121227902301e+01 -2.486781955802265642e+01
-4.667578404276601844e+01 1.146080835323575364e+01
-2.625253371988109663e+01 3.440600503285885736e+01
1.853170548220927571e+01 -4.272654993558683856e+01
4.650320131582817851e+01 -9.017872333229529858e+00
-2.185272863080767536e+01 1.116733758660879872e+01
-3.139094791311395127e+01 3.009350188245235458e+01
-1.278402569529387733e+01 1.417298130500518027e+01
4.272875059706326795e+01 -1.789161128627191388e+01
-7.388334921344591466e-01 -4.332556342738196520e+01
-4.429322165684688883e+01 3.279979511189560526e+01
5.089108538625936262e+01 7.470060047065328668e+00
1.576927119689709755e+01 -4.308821792780970128e+01
-2.306370796826746172e+01 3.715927795441935189e+01
5.499029113413719472e+01 1.885774889044511582e+01
3.540495084848177498e+01 -4.925168324635871286e+00
4.717618862307961791e+01 1.059644531190064320e+01
4.576768974140429691e+01 1.560950206464583978e+01
3.838083975504786594e+01 -1.501627219548530512e+01
-4.778924171351896888e+01 3.528989378672626742e+01
-2.320869579313050579e+01 1.384530076786196240e+01
-1.593558755966271434e+01 1.627166581834786641e+01
-5.931491432734565450e+01 2.698255475036854989e+01
5.442249466819305326e+01 1.961661299440623907e+01
5.283142494727050575e+01 1.780347442671778779e+01
3.917850483829737840e+01 -1.533934168871298631e+01
-4.889982415379503777e+01 1.300541227105631137e+01
1.651521437192048580e+01 -2.254745509009392279e+01
4.941756502892409486e+01 6.650889351463565191e+00
1.668183671641581967e+01 -3.117005155441068354e+01
2.144524374137795419e+01 -4.034503197335094882e+01
4.521082294728797990e+01 1.146194541513205500e+01
-4.742897398998055536e+01 3.403983039064536342e+01
-4.339199899106979785e+01 1.883626088756072958e+00
5.076920427643956657e+01 1.680697849214546480e+01
5.073818244445748604e+01 1.124821265681929994e+01
-1.505458862761052785e+01 1.133060581697822045e+01
-5.405158158890821340e+01 2.921187804463358617e+01
2.889297912167121396e+01 -2.668444052762703933e+01
4.370780484149488387e+01 1.446919110853787593e+01
-3.569342175419197360e+01 6.960833389229255097e+00
1.023191582241018693e+01 -4.728376342442354030e+01
-5.123735705932232776e+01 2.961064721658965482e+01
5.520553924506771892e+01 1.172415104626145244e+01
8.534928773683846615e+00 -4.418551304467356999e+01
-4.424585581860628736e+01 2.465861765817780338e+01
3.817171793913932731e+01 -2.186651514423698117e+01
-5.144100471117444329e+01 1.474712181201566885e+01
-3.801983162865139576e+01 1.207569402283501603e+01
-5.241985900707501145e+01 1.069352855415011128e+01
-6.008358618017329889e+01 2.695767639913256630e+01
-4.166297950999124566e+01 2.503564122282598170e+00
-4.508429949340508358e+01 2.629589157195866989e+01
4.092347337978824839e+01 1.295402617566678849e+01
2.458950321533478700e+01 -2.471032738930448502e+01
1.948557277207903482e+01 -3.757436460823889490e+01
-4.515000529006831442e+01 2.535548487623231040e+01
4.081560645231017759e+01 1.333503424025117567e+01
3.911567001726792370e+01 7.913256425164956476e-02
-3.068954293518472198e+01 5.975093784896704285e+00
-4.100442541712693156e+01 3.306615668101509442e+01
1.355640798421055848e+01 -3.692111842698221835e+01
4.464943292690961130e+01 1.498421285127661839e+01
-5.580235158849572485e+01 2.342994787082229990e+01
-4.309266303582437274e+01 3.801991833089059725e+01
6.043136250506975671e+00 -4.765253945365639510e+01
-4.345355122476409804e+01 3.027515155241417233e+01
-5.206474269716159142e+01 3.116400529960917254e+01
4.919385642512740020e+01 9.743762650693152949e+00
3.513499901264847125e+01 2.648721846861015194e+00
-4.958386832907525843e+01 9.748714747447522200e+00
4.127224097693245852e+01 6.002292407954802123e+00
4.449332877428683553e+00 -4.139378123795102482e+01
-4.379374884704526494e+01 3.008741187827722641e+01
4.043407228654081109e+01 6.564625527079162026e+00
-4.311422991701502383e+01 3.185049105042761752e+01
-2.103470548831181119e+01 2.694332312136896945e+01
3.645169922383820449e+01 2.912166219179341375e+00
-3.627344137112676492e+01 1.300852752867439754e+01
5.033661938837639127e+01 1.871454917146720121e+01
-5.629198710906778302e+01 3.062004226904081960e+01
3.584484433149395954e+01 1.997182520993782795e+00
3.621048192780269659e+01 3.738278254899455089e+00
2.473849804563363364e+01 -2.827222321979679620e+01
-5.038832278447060986e+01 2.622194514325716241e+01
-4.957819919660917662e+01 3.162554955406497825e+01
-4.428872531989328820e+01 2.222521872900461304e+01
-5.381656743458979264e+01 2.603494675460866148e+01
1.812696884812779352e+00 -4.932571010975931358e+01
4.493025366176308211e+01 5.082516086852203685e+00
-1.443012379482386720e+01 1.151827181526791399e+01
-5.808219257463549212e+01 3.075603721073990116e+01
4.482928933286208917e+01 5.945176819320332484e+00
-5.790032095542139245e+01 2.970864867574861989e+01
4.941455979706623225e+01 1.092539216342463959e+01
4.164837197667979041e+01 4.964267227247758818e+00
1.975662583723250521e+01 -2.594013762324354389e+01
-4.983564168432098995e+01 2.528648291799538939e+01
5.353064605716811997e+01 4.955563362985643039e+00
-5.845721097191258764e+01 2.649171071024867175e+01
-4.772547945465035468e+01 3.121399436926426318e+01
5.238719634036742434e+01 1.177271769651264144e+01
-4.815702588093277114e+01 5.029569425222138790e+00
-5.480004718926652174e+01 2.580437383008112207e+01
3.834683314235335416e+01 8.802195306298038702e+00
5.178872646373999089e+01 4.761569718556591724e+00
-5.327145126941951503e+01 3.025097399814869803e+01
7.793561400357446267e+00 -5.067905861111821508e+01
-5.582147615700326782e+01 2.563510601987753645e+01
2.362486020491720495e+01 -4.455212533118000096e+01
-1.395225262738471983e+01 1.029487666400732415e+01
5.263221600798588184e+01 5.555888839435914939e+00
-5.697948142332483457e+01 2.966982212398552221e+01
-4.781411858487400224e+01 4.766282674206973269e+00
1.579658708914726972e+01 -4.598950432291383805e+01
5.465652484758849283e+01 1.425097177267887361e+01
3.335214529254715643e+01 -1.935556984107570244e+01
-5.465442991574832377e+01 3.543864849411424700e+01
5.347552852879637442e+01 3.201332874880521207e+00
-3.485262931076032089e+01 8.538926406247480116e+00
-1.349354248596590189e+01 1.759168524867041583e+01
-5.448544364363338133e+01 3.518317763771218409e+01
4.983635975735527524e+01 -1.069431333724671518e+01
-2.433755239286195859e+01 1.868519348809940794e+01
2.817673277328683668e+01 -2.268986139222236531e+01
-3.723098944407615107e+01 1.319452168730446795e+00
-3.986724871404682347e+01 3.351433314624875237e+01
4.790210012838195297e+01 8.597682274485688225e+00
1.190157370360802247e+01 -3.608481066319834696e+01
2.137252127656818246e+01 -3.397812295355145551e+01
3.952699887630903675e+01 -1.440374672100139541e+01
5.216802649486979249e+01 1.719818582156679909e+01
-4.318407414528692101e+01 3.745510063823438873e+00
-2.239732472812627506e+01 2.417778136660274058e+01
4.166664331888489414e+01 -2.198777701424722508e+01
4.687551129705200736e+01 -1.350722850677852094e+01
1.874934285601800710e+01 -2.753467473681417133e+01
5.047118022200125154e+01 6.327997769749290846e+00
-2.369521561555653477e+01 3.011373983919526154e+01
-4.180678231410342960e+01 3.070989691499777763e+01
4.791487471427347344e+01 -1.011225710644999864e+01
-1.792452508299917113e+01 2.487262376521594121e+01
-4.661055934813073520e+01 2.612458761950690445e+01
5.228551859371413713e+01 8.814997415382249457e+00
3.419733114264814589e+01 -2.967072060713978132e+01
5.503195149112529805e+01 1.526185456207659108e+01
-3.735627586186776483e+01 4.288675672365375391e+00
5.385464449754890381e+01 6.489094575713218127e+00
3.479126764397260274e+01 -3.066858905846448735e+01
-5.284203647188543584e+01 2.460081925318356966e+01
2.606501301000013271e+01 -1.797692996465653081e+01
-3.740478881633502795e+01 7.295052079773000742e+00
5.526605028117078433e+01 1.128974216186199087e+01
-5.222443150325499772e+01 6.439772034093836695e+00
2.516480668362288498e+01 -1.588012860783784141e+01
-5.114867577367829199e+01 2.178752996854112922e+01
3.588973668602120881e+01 -1.461898374358261199e+00
6.162039548367027386e+00 -4.254146830922343980e+01
-5.269423537382191824e+01 2.037583266186945608e+01
3.215704511136640065e+01 -1.516239733682655810e+01
2.614267303013417276e+01 -2.827467612641028438e+01
-4.834687538201394830e+01 2.922996026648640822e+01
3.357974596124731193e+01 -3.938757803099976584e+00
2.042376534293369161e+01 -3.130947051658111846e+01
2.002667613766640287e+01 -4.107602122426334290e+01
2.274011845000743293e+01 -3.806153727662470487e+01
2.360556667791827223e+01 -1.351002050924479647e+01
1.906939348098271836e+01 -3.177864328495893531e+01
2.560871427874074868e+01 -6.213291291096955327e+00
-5.149389683253179584e+01 1.097563565099842364e+01
2.747945976228413656e+01 -9.342071993056393353e+00
2.613020945627637204e+01 -5.746997925752388880e+00
2.609793686484570685e+01 -7.610301941698383033e+00
-5.034443699907638603e+01 1.783221959329431883e+01
-2.891753102957374821e+01 2.077797419105517562e+01
3.937201460427650801e+01 -8.926658913132230921e+00
2.965313160705409956e+01 -6.025412641873471919e+00
-5.606845753529596266e+01 3.228047597427821813e+01
-5.241064143067458758e+01 1.923648002210945762e+01
1.323005475968724021e+01 -4.429519950201810019e+01
-5.246848779872417623e+01 2.130618384464706594e+01
-2.895136546597264626e+01 3.498865475882964660e+01
2.744861876477759211e+01 -3.982550054177447230e+00
-3.682989892926984510e+01 2.734472948412759408e+01
-3.074835409611018022e+01 1.844299252849060977e+01
2.899686129239066901e+01 -6.431209600899356005e+00
-3.822946415014007471e+01 2.584486427021650812e+01
-3.504407652712792043e+01 1.767263790463360351e+01
2.513045541610172862e+01 -3.810022881282216556e+00
-5.337751377061192670e+01 1.744274423182136147e+01
-2.736675878248371063e+01 1.876662094671134184e+01
-5.354994435048539714e+01 1.792691216936664489e+01
1.363626665050672315e+01 -3.388721111033623146e+01
-4.823962922858866165e+01 3.386053224760448188e+01
4.474683719234950985e+01 4.179593578555090838e-01
-6.025873882695837125e+01 2.873222219495742635e+01
4.251344079203953186e+01 1.477869977687787184e+01
-5.110193123121051428e+01 3.219842254961805850e+01
4.223992919305474913e+01 -8.187015313356667434e+00
1.130800781064421301e+01 -3.444370873644466258e+01
5.219714937385170117e+00 -4.786779041506267163e+01
-4.133506037953038259e+01 1.780973364433318329e+00
3.380646129746491368e+01 -2.800037240745385958e+01
4.839275789538795181e+01 -1.109578305855645830e+01
-4.529377970203177028e+01 2.917499328250092816e+01
4.116768913204031044e+00 -4.270986974462856267e+01
-5.064088386868117908e+01 3.372044998165873864e+01
5.294014708962088633e+01 2.391002759603998662e+00
-4.724066006491668901e+01 3.804879368708797216e+01
-3.900556672130251457e+01 2.440056641830446793e+01
3.558161694087309712e+01 -1.848442549690843251e+01
3.980149531596036638e+01 1.226820375406790831e+01
-4.863645871485561401e+01 3.662236552431845382e+01
-3.462652912334770150e+01 7.321848402667402667e+00
2.477921679528423482e+01 -8.011515945037723796e+00
-4.825739386926716890e+01 3.145560530909667918e+01
4.899079005679600840e+01 -9.673354969798353409e+00
5.074755837405407988e+01 1.011515436089079678e+01
1.738756902029497553e+01 -3.533429857878245883e+01
-2.033064307451999397e+01 2.428372537881835314e+01
-2.189565366214727149e+01 1.157112804161231701e+01
5.523200705051938542e+01 1.674602873154600502e+01
8.698235594043900676e+00 -4.910401715025817992e+01
7.650737251199914546e+00 -4.494966933663123854e+01
-4.929787945120658321e+01 3.514663776759914526e+01
-4.405603154575650393e+01 4.305800316405762551e+00
4.689881283289044944e+01 1.419140582976456511e+00
-1.766933147977118779e+01 2.336465998416497669e+01
-1.889488318566469616e+01 1.234551668679590897e+01
4.781508890512635901e+01 1.230909929105509271e+01
-4.812884841054154350e+01 7.661735587099588685e+00
5.070269487593422753e+01 1.262248104570205243e+01
-4.373247441084892984e+01 2.028644639579747633e+01
-3.732841183316293865e+01 1.207673423607981178e+01
2.796469269667966273e+01 -2.414469011542426813e+01
-2.425615663326546212e+01 3.116521198633541090e+01
-3.073825104633237260e+01 1.558028795018492474e+01
4.604589620491332624e+01 -1.122541914543730890e+01
1.307614005244057687e+01 -3.601773164718738229e+01
-2.903224126033681429e+01 1.982896806300737680e+01
4.025096779270382541e+01 -1.295461054017505020e+01
1.515289799040631813e+01 -4.224253909716005495e+01
3.481126770202936171e+01 -2.225299582994861680e+01
-3.160746178168237464e+01 2.992438119990754331e+01
3.864787765890427096e+01 -1.336396137859951949e+01
8.527667904860057879e-01 -4.983123568049023788e+01
-3.385280052340474555e+01 3.469815858593801039e+01
4.436696274689754205e+01 -1.275351504732344132e+01
4.440847424345005834e+01 -1.183770234680450528e+01
-2.939770444175016806e+01 1.282803584594670632e+01
4.116621564975956993e+00 -4.614226523098136568e+01
4.218277500486065890e+01 -1.865521943267802385e+01
3.735217049438217174e+01 -2.219075581994915680e+01
2.020516448813858545e+01 -3.992672100250190681e+01
-2.601267800921482021e+01 2.660220422818774466e+01
4.449628847259539555e+01 -1.395530975600720325e+01
-3.725328386556954996e+01 1.844148006205524482e+01
5.872403457787159553e+00 -4.352342223182492376e+01
-4.339318615550516256e+01 1.797602203341012839e+01
1.748447974393218729e+01 -4.434045743349177826e+01
3.790300707679691783e+01 -2.051249036648001933e+01
-2.638166377505389093e+01 1.750066356998346606e+01
-1.902244099118792775e+01 1.923329281802982038e+01
-2.264620822155420043e+01 1.880187694842565449e+01
3.429361028659388211e+01 -1.859457018087383418e+01
-3.484378061672850180e+01 4.139071096516303783e+00
-2.123163994644306740e+01 2.509049201886841729e+01
-2.176551191050744904e+01 2.326783210785218614e+01
-2.378850548195817538e+01 2.796203794946393373e+01
9.588129959598715502e+00 -5.050564878119958934e+01
3.734882062410716230e+01 -1.758574497190971542e+01
-4.348813140423625612e+01 8.009177968768097955e+00
-2.306018611289974984e+01 3.569537606806803609e+01
-1.535470790306233546e+01 2.102709911791307462e+01
3.898020353483698131e+01 -1.777391000278446498e+01
5.422148976630487738e+01 4.066090651715636106e+00
1.809968869942645142e+01 -3.609517516489550815e+01
-2.517128102290633862e+01 3.247570158038837462e+01
9.290698985787845032e+00 -3.625955794822984046e+01
-3.275465555539269502e+01 3.340305934981559233e+01
3.988373613438970722e+01 -1.137740336237444083e+01
-3.770085926689150568e+01 1.782002964020092861e+01
4.850955020062911238e+00 -4.445151529402329516e+01
2.406325366962299839e+01 -1.406414944087298480e+01
-2.583715073740333423e+01 2.348622662589891874e+01
2.733643630947869596e+01 -7.346296398702889086e+00
5.350621941145486460e+01 1.342659620781133967e+01
-2.771584210490025413e+01 1.759372287998254691e+01
-1.058088532214319422e+01 2.313518520359186681e+01
-4.412386255320569006e+01 1.311748891326262445e+01
2.656834552620003009e+01 -1.575192020409219040e+01
-3.873227183387447070e+01 1.912900650936293090e+01
-5.290614128478383549e+01 7.251208292261057231e+00
-4.314952725957591184e+01 1.553388257431489095e+01
3.257112772181019267e+01 -4.055161922655130091e+00
2.466485521530970715e+01 -3.193297509561606162e+01
4.037758841690220635e+01 3.466982785620452923e+00
-8.400273492459314539e+00 2.541023655786955970e+01
-1.991463265837972685e+01 1.538999592926697879e+01
-4.245366060600802882e+01 1.768208057894359087e+01
-3.184486560981887138e+01 2.833118974948213875e+01
2.548437184377008435e+01 -3.195151171509786892e+01
8.149189794140140108e+00 -3.840348615232797158e+01
2.091844099494431219e+01 -3.205729113569620381e+01
-4.638656052773828264e+01 3.729470591331284623e+01
-3.701588005928056901e+01 2.640473924270525075e+01
-4.394169368545395571e+01 1.434332776336170134e+01
3.193296812108967231e+01 -2.157173588112848961e+01
2.685748974095587016e+01 -1.120302070689178287e+01
-3.231856698698975094e+01 3.149365133248161541e+01
-3.551960209015957304e+01 2.824719089260694815e+01
5.979867524808505586e+00 -3.808494520917809467e+01
-3.898655712079541047e+01 2.836294319537885755e+01
1.431750361664622240e+01 -4.517867920538228788e+01
1.942084766868825696e+01 -2.674503208846274305e+01
3.123638642725599013e+01 -4.289883182011380747e+00
4.252572973745039620e-01 -4.865027391030395876e+01
4.136751313089939686e+01 -5.119707078234700948e-01
4.518765772503211053e+01 -8.018572088106051154e+00
-3.281648734284969748e+01 3.059735897775195568e+01
-3.088090899611299989e+01 6.640378920470593194e+00
-5.200567396519860353e+01 7.439881994892544981e+00
-3.518507922999165771e+01 2.871335464660431924e+01
-3.905372185076351599e+01 1.336734879309470259e+01
-4.402517238630262142e+01 2.135635845460588200e+01
3.550896569154237170e+01 -2.074428434759176909e+01
-2.579080373630168310e+01 2.594259334279027129e+01
3.971007356426287771e+01 -2.127470734599751268e+01
1.044154478821878840e+01 -3.206867852085278514e+01
-2.266854433928103063e+01 2.541041148547751050e+01
-3.386146855734860139e+01 1.426568530249599753e+01
3.478861588902033475e+01 -2.877640315101335489e+01
4.597706682068400852e+01 -1.703863312855742862e+01
-3.616738346610326715e+01 5.823045426599763097e+00
-3.426394687292033581e+01 2.190421928000134955e+01
4.006886120181033561e+01 -1.764368586716229714e+01
3.682097781534999825e+01 -1.209335062670976058e+01
2.378045002400195784e+01 -4.404964300551417011e+01
2.603812644766734863e+01 -2.670558395900759052e+01
-3.992959716721206576e+01 1.389014414175229817e+01
-1.997484176861959426e+01 1.671138839266289011e+01
3.280221241796653686e+01 -2.278082054621471642e+01
2.215807224343758364e+01 -2.966049935356272016e+01
3.273763200430465758e+01 -1.680129362051536646e+01
-4.336631089631187308e+01 3.435487062454684093e+01
1.958456918062144680e+01 -3.689164073018489631e+01
4.562356221054265859e+01 -6.351666534178927570e+00
4.325212115765708631e+01 -1.648133039707238723e+01
1.123935850656718927e+01 -3.959401714085251456e+01
-3.153007951729307479e+01 1.876078708103972303e+01
-5.143657848143499223e+01 9.302719188600086397e+00
-1.722427891207104622e+01 1.548899405684949748e+01
2.370915830443338379e+01 -2.922363033841572033e+01
2.887677422162946073e+01 -2.827540810365175261e+01
4.098441158257249306e+00 -3.991606485271184113e+01
-4.292917655748772177e+01 7.950304526702819174e+00
1.112466532326779678e+01 -3.741139930758336618e+01
2.509989706550689803e+01 -2.939595205498175901e+01
-3.332511547151420928e+01 1.508482232084402419e+01
-1.782692766842722065e+01 1.671923318461390906e+01
1.566242713230878714e+01 -3.427697878276212862e+01
-1.635902897696315961e+01 1.516171481680207300e+01
1.420082662183473055e+01 -4.404298620676921416e+01
-3.734065757755663384e+01 1.673584228097815796e+01
-4.881348091818630763e+01 9.010862840433711440e+00
-1.854873993107021590e+01 1.819229869485139517e+01
4.036103987925502423e+01 -1.920231859684421494e+01
1.090812312381825677e+01 -5.051616566605152059e+01
1.761247983272066975e+01 -4.310073822220083173e+01
-3.591078713486046325e+01 3.622871500139916101e+00
5.580257246328980791e+00 -4.987596349372837068e+01
9.766794265601077996e+00 -3.739589468037668496e+01
-2.809979671606577867e+01 1.937716251520230415e+01
1.119890438114231124e+01 -3.190725201805505762e+01
-3.617655317995500752e+01 9.353738457638989701e+00
4.216220302655706575e+01 3.180873414466191207e+00
1.769903422356651035e+01 -3.885328774887806702e+01
-2.163752938708607942e+01 1.446953494074170621e+01
-8.232439478015853851e+00 2.555843342072033764e+01
-2.817522881882895192e+01 3.474846601002701618e+01
4.914985313092125807e+01 1.725422675459814315e+01
3.535992358612384123e+01 -2.403344047875611977e+01
1.472924252132093592e+01 -3.185560078044095889e+01
1.352565133531778230e+01 -4.566152478651798674e+01
-2.601477317740671680e+01 3.320210359191241878e+01
3.194231755482226021e+01 -1.667936837359496138e+01
5.176575555137493723e+01 1.859217786436499509e+01
4.418242934633401120e+01 4.369216747665649159e+00
-1.230091540512324144e+01 1.358167659685532769e+01
-4.534904608437925333e+01 3.761320095687361942e+01
-2.169485104966832623e+01 2.953366058346910705e+01
1.565130733878378244e+01 -2.324106161780771274e+01
-4.278684237680888458e+01 3.337385731383097465e+01
5.189499632026838327e+01 1.527636652954512719e+01
5.334716861036593372e+01 1.936843116351161243e+01
4.979822165367303910e+01 -6.190206152468982204e+00
4.390936242632555064e+01 1.706539509853447045e+00
2.944142160226909777e+00 -4.821664195550535226e+01
-5.406446096320741646e+01 2.075668700140016654e+01
-5.036942215428632608e+01 5.614951062945520377e+00
4.043432360282106686e+01 2.209983064351452864e+00
-4.770278667647745152e+01 2.517455587336266376e+01
1.700111152869796527e+01 -3.706928810543561781e+01
2.894404191331933873e+01 -3.251168660466464644e+01
3.888704385729734980e+01 -2.194273903776779555e+00
-2.537930062741352799e+01 3.368575904934407106e+01
-2.715242579533718370e+01 3.165184982306962880e+01
-4.742069694485779507e+01 2.366891642275369279e+01
4.683059659772174399e+01 6.699024853781886613e+00
4.046886126168323727e+01 7.577369455473770721e+00
