-4.666858736624413950e+02 -4.626338812531145095e+02
-2.363618182383069950e+02 2.473970924125150646e+02
3.133326403842911501e-01 -9.642141755271913084e+00
4.350518063759319602e+02 -5.425655624630746843e+02
-3.330572903049025513e+02 -8.347003373972980000e+01
1.210082201551616699e+01 -6.751583213654746487e+02
-1.128740169766944348e+02 -3.493690148238235338e+02
2.586177759184234901e+02 6.342799042265785374e+02
3.376932122435807742e+02 6.563844834813660611e+01
6.335986407824900652e+02 -1.441381416982042083e+02
1.039860330291610069e+02 3.223060723911690957e+02
2.268951473710875746e+02 -2.667648840025075287e+02
-5.686435625081506942e+02 3.629579952045305049e+02
-6.755378689191907142e+02 -4.943671288492119231e+01
5.667111684310377768e+02 3.341339703536361867e+02
-1.818075081979261824e+02 6.164652110495560464e+02
