2.137530484470649128e+01 2.097943974103409914e+01
-3.296519441502130121e+01 -2.013966216727095304e+00
2.216606948868972538e+01 2.278028731311714949e+01
-1.402285590084489364e+01 -3.223995316056387850e+01
-2.599736549025946175e+01 -5.688896737086054145e+00
-1.260092722107905594e+01 -2.424238178275390609e+01
2.435503732983388758e+01 1.721727322543219429e+01
-2.344300285031707887e+01 -2.004457474073512913e+01
3.620507503632088486e+01 1.208125536864185534e+01
-3.416991137018767688e+01 -7.200036475497456401e+00
-3.032158746346850720e+01 -2.022175094456794220e+00
-2.051905944471748100e+01 -2.110419322625345728e+01
-1.190437572706451874e+01 -1.823014760486027441e+01
1.863223763771005537e+01 1.530322909968057843e+01
3.270144538294354675e+01 1.395525521976102823e+01
-1.520654194691951844e+01 -1.614038952016461437e+01
-3.007796590493846978e+01 -3.020678355650276536e+00
-1.473273238325104195e+01 -2.177138855570157006e+01
-2.460008599624271497e+01 -9.943682794062447261e-01
-8.100327557150142965e+00 -2.516313346172227838e+01
3.616827128863859286e+01 1.753909438997785841e+01
-2.507429260242278701e+01 -1.059806545624880769e+01
-3.765821441464989761e+01 3.387577314887690871e+00
-2.892603168060574959e+01 -8.609366145217085986e+00
2.634141223536772003e+01 2.987242653859004093e+01
1.876951226714070486e+01 1.449863517837233395e+01
-1.193421262932959159e+01 -1.692744506640681834e+01
1.965292880269139886e+01 1.737163433863515749e+01
-1.039891610255832433e+01 -2.501962313508069613e+01
-9.165043559871550727e+00 -1.446450759099275096e+01
3.486165679330617451e+01 1.427851657687616083e+01
-2.582592449477795782e+01 -1.551197963656445467e+01
1.412375872465287863e+01 1.173856410188368393e+01
2.125618658155193330e+01 1.041590251500595521e+01
3.618268788488396837e+01 1.148416698497067934e+01
3.535944840890138607e+01 1.489762266212988173e+01
-2.147697242155087238e+01 -7.970200709389878568e+00
-2.350310077413825027e+01 -1.727064375004638208e+01
-2.298436964123407122e+01 -1.060465795092102681e+01
2.813530236234628035e+01 2.036444824124790287e+01
3.371412149742430842e+01 2.168459200061495551e+01
1.802691470827342002e+01 1.222091843893841023e+01
2.084144988421464717e+01 1.784138518421104180e+01
-1.226308243019153998e+01 -2.085870215908490266e+01
-1.168399520926846868e+01 -1.918363625014431761e+01
-3.456526332321848116e+01 9.064820137567984881e-01
2.287668065745042512e+01 1.927585456040379697e+01
-2.940032978741407987e+01 -1.650113818728704995e+00
-2.989711928188179257e+01 5.336240774933995734e-01
1.879325575285999150e+01 2.274400428387645690e+01
3.413516972719639142e+01 1.704109140181708071e+01
3.730179242750843116e+01 1.635673988507751631e+01
-8.927969548155221702e+00 -2.727670001068823780e+01
-9.867726319442214233e+00 -2.697219065732890542e+01
-2.916069276940104515e+01 -7.020992863436625875e+00
2.386405716646334696e+01 2.822283868645184057e+01
-2.807846152395306305e+01 5.746999008946476195e-01
3.218048878166018056e+01 1.498722376818253998e+01
3.152731087050048586e+01 2.675942837860285550e+01
-1.971430822792374826e+01 -1.509511684405638121e+01
-3.498070497588047800e+01 -3.912870360396945024e+00
2.217186392264207129e+01 2.733721317898604042e+01
-1.109676213715951754e+01 -3.039547244015671623e+01
-9.613597755516556376e+00 -3.138151220114122708e+01
1.330492242628969635e+01 2.554124801501192010e+01
-8.042903754773906400e+00 -3.838216359474891703e+01
-7.839087291533505919e+00 -3.635430210685131414e+01
-2.025643645822044192e+01 -1.721559188626216041e+01
-1.210517880252622014e+01 -3.011518531412651711e+01
-2.406625080005025907e+01 -3.794598045279719223e+00
-2.676920643231837360e+01 -1.223676480859566151e+00
-1.431120351063150942e+01 -3.137705818413981262e+01
1.930699962052188923e+01 2.871163624837759798e+01
2.554140430568144993e+01 8.960551469770024369e+00
-1.052098619747734709e+01 -3.326135161239975702e+01
-2.218642480807672257e+01 -1.097827801169136031e+01
-3.349137023370362698e+01 -9.269428711718649128e-01
1.549831374729817668e+01 2.836418949608738771e+01
-9.480441496470879414e+00 -3.485975292568412698e+01
-3.212876088306742162e+01 6.687368750757672897e-01
2.066869281824746452e+01 2.165591863664522521e+01
1.659212009147091393e+01 1.622328989880296035e+01
2.341939097161405670e+01 1.416082129089707742e+01
1.562489134517108447e+01 1.387783241447729488e+01
2.602347645609440718e+01 8.894968801714028928e+00
2.062333664826837065e+01 2.309879118944340703e+01
-8.671111893997053954e+00 -2.168878143371063771e+01
-2.574749425424837312e+01 -5.340888600132598363e-01
-1.495464242952174772e+01 -2.304870538454774476e+01
2.282038198063325751e+01 2.453410379398224705e+01
1.971593508382871107e+01 2.439636175324361744e+01
1.991783766936767819e+01 2.620088565113957912e+01
1.681680564136109979e+01 2.757125553259666262e+01
-1.174650470458684026e+01 -3.249224061962904386e+01
-1.022011242155348576e+01 -2.582777397079765436e+01
-3.341407186017168840e+01 2.845254955063309943e+00
1.958473738386438612e+01 2.606477025187831842e+01
2.245164441122945931e+01 2.605916200004167038e+01
-1.687076286451230445e+01 -2.205733463065003264e+01
-5.941609716254686369e+00 -3.583432629755851906e+01
1.479661180012215915e+01 2.572531808058741021e+01
-1.637918826324453292e+01 -2.180834227767958922e+01
1.449417762092880224e+01 2.759954832729794916e+01
-1.155761054235963847e+01 -2.711694957403792117e+01
3.690557328963705430e+01 1.447240023086292560e+01
-1.168533102711554150e+01 -3.363888263684923885e+01
-1.108471919598846434e+01 -2.606174801586896450e+01
-9.103388195300532004e+00 -3.270395432103610034e+01
1.684438048524148712e+01 1.031630336380889190e+01
-1.015339967343969541e+01 -2.916433851694743495e+01
1.673206104717453968e+01 2.649509368273249876e+01
1.379398539363405796e+01 2.604602067390592524e+01
-3.318263072520252166e+01 -6.293635132750771355e+00
1.698080327313830296e+01 1.051456145342337756e+01
-7.584943398222477207e+00 -3.242150548064838489e+01
-2.389885829602244272e+01 -1.380450203581477986e+01
-1.543421538117428504e+01 -1.755736010375967027e+01
3.206815667709124540e+01 1.651137721189872565e+01
-1.955767412825801799e+01 -1.140069776646649835e+01
2.926248727945003125e+01 8.950861740873151007e+00
-1.263963566071754840e+01 -3.190575487589569192e+01
-7.289496404888450520e+00 -3.552789245432402510e+01
3.085617983490135074e+01 1.984515062328845403e+01
-1.696376691816398719e+01 -1.536682843421000122e+01
-2.980405841453050186e+01 -6.046196567143968359e+00
-1.234099350049551092e+01 -2.932409737957944174e+01
2.141633842151211908e+01 2.507962461270792431e+01
-8.472006229736951610e+00 -3.028845611506591595e+01
-2.615746051849464138e+01 -1.069929129975412962e+01
2.779287473127002173e+01 9.984709190641760657e+00
-1.897075375779506246e+01 -8.000989660305348750e+00
2.908646459924669969e+01 1.184048701440629436e+01
1.433739437194917699e+01 1.072177687626879639e+01
-2.043273842329364953e+01 -7.806881338786459068e+00
-2.511949484742628513e+01 -1.725632750346284183e+01
-9.006289881380574514e+00 -2.016990343081436521e+01
-2.398407861911740468e+01 -5.437229971941325957e+00
-7.038877849219447036e+00 -1.678357168507837471e+01
1.589498674312876147e+01 1.463046636049362448e+01
2.788657952479870872e+01 1.582094435460658133e+01
-2.138834817002956612e+01 -2.103673943081389908e+01
3.458617603296750787e+01 2.470461350689206270e+01
-8.334812150606218495e+00 -1.691247203449125891e+01
2.984875965452962987e+01 2.422351931778144163e+01
-6.936019362094532958e+00 -1.858854087152467827e+01
1.767303672248041835e+01 2.154347824934948363e+01
-8.923916219449246512e+00 -1.569420088270145719e+01
3.028952227929872620e+01 1.572490450167612153e+01
1.502433727999223478e+01 1.653959008295795741e+01
1.866930250855457984e+01 2.860099155840715568e+01
-1.419334755891152433e+01 -2.580789519980468327e+01
1.735853738409953451e+01 2.864346923326512240e+01
-3.132194066463920379e+01 -4.592577563781179428e+00
-3.622961496258579928e+01 1.067268082854654576e+00
1.773643404374906396e+01 3.018992049808800004e+01
-1.433731382338572580e+01 -2.846855816984758647e+01
1.717906327667617461e+01 2.075449747324138983e+01
-2.251915337939601258e+01 -1.584571523130707504e+01
-9.071193501237814871e+00 -2.260975949132500062e+01
1.973553188597812991e+01 3.095955529545718576e+01
-1.485206328044609592e+01 -1.704748519716096311e+01
-1.078201965147881580e+01 -3.211215848663285755e+01
-2.556392690397068534e+01 -2.898966756200327399e+00
3.148345150399422465e+01 1.895291238170282355e+01
-3.302884222651850621e+01 6.221625128557762840e-01
3.209858965619815052e+01 1.243856096570937630e+01
-1.388365718521190928e+01 -3.377742480371101408e+01
1.650201701785043440e+01 8.732259408561686698e+00
2.021329422253128527e+01 1.966830397862899815e+01
2.368060322163397302e+01 1.387458496411129616e+01
-2.069345840617629761e+01 -1.069207895749018888e+01
2.486305425839230665e+01 2.662142189303938977e+01
-3.022065361785893955e+01 -4.911476403585001371e+00
2.864029458639816283e+01 1.604077343069170425e+01
-2.046716829756192979e+01 -1.872618899648709956e+01
-3.012310289246729056e+01 -2.832934821263460301e-01
-2.405162620653763028e+01 -1.252605465631978454e+01
3.129286868959336232e+01 2.681828304183012435e+01
-1.918631821568304474e+01 -1.826997777269137657e+01
-1.816094791018779731e+01 -1.242424033626909718e+01
-1.744541545134618943e+01 -1.254696108487547690e+01
-3.551589228523454977e+01 2.200884388541869185e+00
-2.682489440774309841e+01 -4.451966794147665385e-01
2.638671653190735356e+01 2.367622925558874769e+01
2.658126869629409939e+01 2.064370826954954197e+01
-2.177140201359190641e+01 -1.854434915173419185e+01
3.489054464308949832e+01 1.744097602726257534e+01
3.033468069497868314e+01 1.196131927238579173e+01
2.601321506873255629e+01 2.553790913968019893e+01
-3.547789691730399397e+01 -5.814758223018721139e-01
-2.181322639246585382e+01 -1.689717415233925735e+01
1.980007344641238021e+01 9.773005127615919108e+00
2.619823745183818886e+01 2.981837281738871326e+01
-2.092731664204296749e+01 -1.598557462506466109e+01
-1.508903025061295899e+01 -2.861889989352926378e+01
2.525963833341160480e+01 2.713513564362430941e+01
3.395348029043084637e+01 2.561934552876057936e+01
-2.004455113300251412e+01 -1.989579353169459353e+01
-6.726462970280145726e+00 -3.196117805102901599e+01
3.034473182002496117e+01 1.667169825210627110e+01
2.631387094891595879e+01 2.082087773610197701e+01
1.379742835222830522e+01 1.078620671379187890e+01
-8.647738550987060790e+00 -1.912709325282981254e+01
3.470661459725972975e+01 2.659925006357064348e+01
2.950930227811237572e+01 2.773287476569400312e+01
-3.181890112499983658e+01 -2.215202256694855265e+00
2.047649993197240903e+01 2.993859079819809565e+01
1.989580921798816249e+01 1.428904740050892563e+01
-2.098326032119647166e+01 -1.267557183029322587e+01
3.249539241775754306e+01 2.608385524297795754e+01
3.065796510600886293e+01 2.456805738695703667e+01
-9.124121624066505731e+00 -1.830128037720028189e+01
-3.682585612509921447e+01 2.832838080889365173e+00
-1.319452098723064815e+01 -2.227086778974266679e+01
3.123231347677202052e+01 2.453883940975450173e+01
2.315263306400963117e+01 1.534105060632322726e+01
2.085222708837710925e+01 1.960128199477547639e+01
2.738440163426759710e+01 2.292201827528501568e+01
-3.336270919709009064e+01 -4.007467691854563085e+00
2.998664948733110336e+01 2.013961267541758104e+01
2.135243408698724821e+01 1.251847541779133444e+01
2.813228345081831350e+01 1.072523804128709912e+01
2.379442030595799196e+01 1.919667938157980203e+01
-1.816284251898035507e+01 -2.050846147874394987e+01
2.225052193984186388e+01 1.553360901264477079e+01
3.433669389353773482e+01 1.952530813707586077e+01
-2.508435314325749133e+01 -5.814170897688741846e+00
-2.475434612971267612e+01 -1.595259046037405248e+01
-2.917146383628099215e+01 -2.925571238776383698e+00
2.696136001541573890e+01 1.837560493268330220e+01
-2.617317459605791541e+01 -6.445515533240165240e+00
-3.294608847359702253e+01 3.603746255592382042e+00
2.019298565582852945e+01 1.003261056525588124e+01
-3.068960815485513649e+01 -3.623900162768908473e+00
-2.545503271128860945e+01 -7.131511675249838866e+00
2.170177904111404743e+01 1.284472982739186619e+01
3.439914672360296777e+01 1.605973382971484043e+01
-2.679718703105541877e+01 -3.777689899221204239e+00
3.429089664298336260e+01 1.789469970681900080e+01
-2.061916978477969309e+01 -1.375970472065857741e+01
-2.874634920212002243e+01 5.472184822217365970e-03
-3.524817871967167804e+01 1.274094520394188912e+00
2.937572424729537701e+01 1.552849852478751380e+01
-1.185038033826672255e+01 -2.506420936176042602e+01
-2.553173858793786266e+01 -1.304435605392455422e+01
-2.558556756497317863e+01 -1.610787428995219628e+01
-6.785007732531073366e+00 -3.657674077923726941e+01
2.149948781468002679e+01 2.956092420863635795e+01
-3.163374843595391184e+01 -9.124070577329751686e+00
2.107716015287794420e+01 2.679284657484849319e+01
-8.326605536299680921e+00 -3.487769902653594301e+01
-7.641058725123119899e+00 -3.778799309771767412e+01
-1.340083741892676095e+01 -2.505986341397542816e+01
1.731494743550674897e+01 2.570653156461633060e+01
-1.662722079984304102e+01 -2.356932192941921755e+01
