-7.198331741975983356e+00 6.918667799788067008e+00
1.981724848415066464e+00 5.842799583738626623e+00
-3.619920316652776471e+00 2.925974675869913444e+00
-1.886219469696863715e+00 1.446917521989551680e+01
7.758259074103938779e+00 -8.615507864212004208e+00
-8.464142483192715893e-01 1.127748385482224869e+01
-4.498005031756517447e+00 1.240912851986382393e+01
-1.918027196068383677e+00 -9.837307113441617901e+00
5.988135114754933319e+00 -5.762962193419862267e+00
7.750460590240773051e+00 5.118071882675040207e+00
-5.094115487501201578e+00 9.796161229036313145e+00
1.207035188772003220e-01 8.142147497601659012e+00
-3.510642429111123786e+00 -1.819256788796087987e+00
-8.755988588200247946e+00 1.057765756283224867e+01
8.982000611820637914e+00 -1.016533310757994535e+01
1.111814592539598223e+01 -8.894244103804531676e+00
-7.972730477091641177e+00 5.925387346967886382e-01
-9.382065827762081867e+00 8.178404808570384488e-04
-1.159733285369272515e+01 7.715840461636652492e+00
5.645324043117390111e+00 -2.381087848178513600e+00
-1.237209063033451173e+01 3.112198558486858335e+00
2.203856785440484745e-01 4.427545338902674210e+00
-2.129593967945133226e+00 1.100138048802735691e+00
3.504690590495786129e+00 -1.224939442511659138e+01
-6.273367468525494622e-03 -1.649885974164386315e+00
5.567497870588451470e+00 5.316996404579072966e+00
-1.403059602560293273e+00 -1.321984947619088224e+01
5.079374608243949929e+00 -9.231728630711653949e+00
3.325846554007085842e+00 9.010249879246732263e+00
-1.758655174247408803e+00 -1.585346214875279180e+01
-2.708542661271125862e+00 8.556577623089403062e+00
9.487951854785399153e-01 -1.018126547787181302e+01
6.095966845215455621e+00 -1.227771889583566889e+01
4.379660882965716873e+00 2.358944646097578701e+00
3.277006821533354208e-01 -6.786869411912997307e+00
-4.669635173536606843e+00 5.565516135044880741e+00
2.090123473367309970e+00 -1.471532842992342083e+01
1.036877163106001642e+00 1.921853652769939247e+00
8.564568586784393034e+00 -5.209079032536790166e+00
-9.448114535207920994e+00 5.673096036986516211e+00
3.085104916088167837e+00 1.279622258272937430e+01
3.515943806025354057e+00 -7.904735738282112401e+00
6.642150948499611296e+00 7.895124348790186986e+00
5.751212676072973373e+00 -1.584031358454356209e+01
-6.690270349233273350e+00 3.762325304852652597e+00
-2.014625064728487125e+00 5.312076821958903849e+00
