1.516493204197719491e+00 -3.783744697418800040e+00
2.961088220569741747e+00 -6.136990085546930596e-01
3.571353958645537841e+00 -2.410718169090360519e+00
3.371443486482109009e+00 -3.495415426553103000e+00
-3.705162846524415521e+00 2.827832511182612141e+00
3.036955782062680687e+00 -1.685239518083077925e+00
3.248828920055063740e+00 -9.811954311207483626e-01
-5.365276987198744685e+00 1.910145729455795083e+00
-4.772102415484750004e+00 2.426197639992357935e+00
3.257199384400709441e+00 1.069839020385591200e+00
2.354686312756442579e+00 -3.429963321620493666e+00
3.735269814285951728e+00 -3.933872003571828868e-01
4.054380774676801913e+00 5.145491102464045952e-01
2.013384938851241479e+00 -2.891999432825405059e+00
-3.437186700370759240e+00 1.898546713338343128e+00
-3.772950589750436734e+00 3.208721682150670773e+00
1.953662153283347580e+00 -4.211990373888863104e+00
2.881838929634842117e+00 -3.553849392409381913e+00
1.405204626902375464e+00 -3.247442018470973579e+00
-2.522495600244997860e+00 1.442328797855211953e+00
1.884912442474474092e+00 -3.977208599672979350e+00
2.653773458782159977e+00 -8.361207454657713090e-01
1.662131978226472517e+00 -2.064187730228784101e+00
-4.312374147606541364e+00 4.400879660059127119e+00
-2.730904256222382198e+00 2.209680282811053775e+00
2.915166080874509902e+00 1.175624472354447336e+00
1.594751449592804571e+00 -2.889212502141007111e+00
-3.532583399363886212e+00 1.344341743077015705e+00
-3.827226457464144804e+00 1.994207378919329088e+00
2.047512739760607658e+00 -7.915244592460063400e-01
-4.133697456072719767e+00 1.148837000691337762e+00
2.253455557728734515e+00 -1.299537767905024621e+00
-4.718662791384760524e+00 1.193313528133831625e+00
-4.268230671073729887e+00 2.855129263897211889e+00
3.786173294469908246e+00 1.229108385887067501e+00
-5.042858079847492903e+00 2.470645534200847759e+00
3.544754800811678930e+00 -2.215507424542081605e+00
-4.409995075030993306e+00 9.105008049260805425e-01
3.866160884357292105e+00 -1.685982118143788400e+00
-3.763924897350919174e+00 2.256297474144038695e+00
-3.453288889342492674e+00 3.581590084182276978e+00
2.561377341001983776e+00 -2.560340154120832157e+00
-2.794725641382464598e+00 2.814502059957713520e+00
-3.601675969592484261e+00 3.868500009751783431e+00
3.361201441242716914e+00 4.105726987887092783e-01
-4.715193644932718087e+00 3.433635031268102544e+00
3.386212093265527301e+00 8.812239839918568629e-01
-4.364501825984432593e+00 4.413777816073790383e+00
3.155422922487529647e+00 -3.749605011118985587e+00
2.891430646711632413e+00 -1.679073620546042589e+00
2.318790703633668571e+00 -3.443584294198225315e+00
