-1.900650389473700841e+01 -2.121283639535972654e+01
2.944323214870832572e+01 -4.170969100944471819e+00
1.329713724320772528e+01 3.141445596408811980e+01
4.182158948070777704e+00 3.797030537269471040e+01
4.523020725089584637e+00 4.015161742518736077e+01
-2.587263102143517202e+01 -2.976764671011532570e+01
2.622393909647066934e+01 -2.822670683489103993e+00
6.510865341574273657e+00 1.204938926482812356e+01
6.627065946127731477e-01 -1.463231716771364610e+01
4.072707101009575004e-01 -3.312412459335843096e+01
4.347792800023772664e+00 2.086943135282475836e+01
-2.670893414394551613e+01 -1.976683567708642286e+01
-2.914490136157438016e+01 -4.717567819742161106e+00
3.203169571559364215e+01 -2.217078922008207886e+00
-1.571026168897233255e+01 -1.789336143266342916e+01
2.397018952830327976e+01 1.902844161181075222e+01
-3.975252360019533171e+01 -7.382039902851549762e+00
-1.494929253067092212e+01 -6.349842346925121284e+00
-5.231759972305559003e+00 1.734054797315450358e+01
7.423295289908984351e+00 3.305046143326519825e+01
-1.302405424842566184e+01 -1.563046075609772423e+01
3.482345620974816569e+01 1.221216411364154197e+01
2.180996575395711190e+01 7.401126556261353961e+00
-8.251801621067931691e+00 -1.478318847872345287e+01
-2.683128388707989842e+01 -9.251134662332558989e+00
-4.451455753688626338e+00 -1.189925184489735699e+01
2.226383801819747532e+01 9.821531455246931941e+00
9.791132320862390159e+00 3.687647464742089198e+01
-1.094458141988869260e+00 2.933763130092062354e+01
3.270698508698891516e+01 1.611018273348955532e+01
-4.388725562075966735e+01 -1.056427529980485502e+01
5.675064132202367162e+00 3.045455405848547770e+01
1.923600657075813203e+01 4.521803439317902296e+00
-2.854163608969867383e+01 -3.229663199790888228e+01
-2.217880458969113633e+01 -1.192009463709301542e+01
-2.351957367097069707e+01 -2.660903915376662354e+01
-4.049941540782369742e+01 -1.513339174456235448e+01
1.539701938534624759e+01 1.760563632550578816e+01
1.532264507796045727e+01 2.765639331498207198e+01
-4.703403928818052082e-02 -6.565887025426472512e+00
1.258966415919505444e+01 2.828373770716588709e+01
-2.721774504849899401e+01 -1.133353533117031375e+01
-4.765863732894781712e+00 -1.430037077737667239e+01
1.411776167874508303e+01 2.051102705815179306e+01
2.371444507570087978e+01 -4.420131879753602888e+00
7.896936508450181691e+00 3.469280156894948419e+01
-1.661081561102848880e+01 -1.398796966411995868e+01
1.038915132053175538e+00 2.064936272851793575e+01
2.901029129589077726e+01 -2.746209593866393739e+00
2.042225150141218748e+01 4.776903320229814121e+00
-3.434333050600443471e+01 -1.335416358625700717e+01
3.196101468401507262e+01 2.741434505870739358e+01
-3.303147608839657323e+01 -1.260476759562783400e+01
-4.199135728018055236e-01 -6.870869870811659119e+00
9.554677563672914431e+00 1.945610013822061291e+01
-2.686443356856541786e+00 -9.866699666969417137e+00
5.734166075302604249e+00 -1.008666113078577897e+00
-3.840834266237298777e+01 -1.101307161700902348e+01
1.933711025862542954e+01 2.275883651309427691e+01
-1.096158159751277772e+01 -1.356235696567327231e+00
-1.959792684107299365e+01 -4.264231125998484195e+00
-6.603604339881373519e+00 1.627156455205485486e+01
-3.130425624913267146e+00 3.067902662164584271e+01
-4.026078789117524082e+01 -1.275234627710095836e+01
1.979268833640286829e+01 3.089329577565689267e+00
-1.791968145698323767e+01 8.714409328729850301e+00
1.579847227726135195e+01 9.344477997714005113e+00
3.898671001566363259e+00 1.841904865106486255e+01
1.952323163823411534e+01 2.942859803854661394e+01
-3.083084627670497468e+01 -5.593499800036052960e+00
1.744450965419184385e+01 1.588822833847919114e+01
-1.987174170166232301e+01 -1.986702062390637380e+01
-3.317705402504977741e+01 -1.611667304548123170e+01
-2.478773816369147553e+01 -1.547184404025261450e+01
3.706345466100698616e+01 1.134848984931655380e+01
4.983693633784475274e+00 3.767518120134572968e+01
2.356382301184537553e+01 2.312283941706863466e+00
-1.445279346597529013e+01 -9.313064645776741202e+00
-1.715904562455980908e+01 -1.178764431880857444e+01
2.060088808028889318e+01 9.247248031049991823e+00
3.035771551090510911e+01 2.148950977654142136e+01
3.371592572656253850e+01 -1.174005240083415558e+01
1.803232022052100447e+01 4.550608504403385268e+00
7.481002369419884168e+00 2.603952120364885303e+01
-2.615681947896577952e+01 -1.631889308276558026e+01
-8.895428761114471783e+00 2.946994919721997164e+01
6.130779950457069916e+00 3.259961057013666874e+01
-1.879446176999952645e+00 2.332013104622622279e+01
2.924757697488030317e+01 -9.596778003570349824e+00
3.857670055271540832e+00 2.588487742743535946e+01
-3.090777582529318224e+01 -2.919855073229656028e+01
7.678371089720457121e-01 2.905820522012169960e+01
1.353380565853899853e+01 3.651700113904153966e+01
1.685733182407403419e+01 3.029896941287098855e+00
-1.601700884875960185e+01 -4.036468360142202982e+01
-3.595339864208661140e+01 -7.323584806108026868e+00
-3.055633575210556430e+01 -3.028335869350307874e+01
-4.563634127374675842e+01 -1.340946148786638936e+01
3.814204115433257414e+01 1.371417062878719939e+01
3.097690288197680530e+01 -3.470069019713373226e+00
9.016105930145897673e+00 3.087991664851109874e+01
-1.395507619430303947e+01 -4.675172350757716089e+00
-2.636221964460451161e+01 -3.289646563170384042e+01
7.176965544799128516e+00 3.904451744150431125e+01
2.554248802956814401e+01 2.161416798793013783e+01
-2.791386211825454211e+01 -6.092581759230381699e+00
-3.065564315572235543e+01 -8.390737299441538566e-01
-4.437712674334520102e+01 -1.126478569382304684e+01
3.153319739002663269e+01 1.356636732010249702e+01
-1.775143420767036240e+00 2.255082676575084477e+01
-2.346917368433366136e+01 -2.948859197524976139e+01
3.265824715222449726e+01 9.137299497976192342e+00
1.046793407533500364e+01 2.728397590619979241e+01
-2.218121157670972110e+01 -3.231133723190411189e+01
3.148797700044167769e+01 2.263034027605516307e+00
1.759266062956927357e+01 1.141954612666906677e+01
3.710884461334886453e+01 1.701050262233146260e+00
3.029764298968218483e+01 -5.213766082979947925e+00
1.635236007508078870e+01 3.037292954950194712e+01
-1.979916370842040152e+01 -3.511836686393998264e+01
-2.920599352460190801e+01 -1.914398202114962544e+01
-4.014457629682067363e+01 -1.464980205524734025e+01
9.771588951085503627e-01 -2.852071226066998477e+01
3.076227190356720342e+01 4.760823934100606003e+00
3.695478542993415516e+01 -1.203314433223579227e+00
2.158182188078169617e+01 1.636830359442932803e+01
-5.426565457239092893e+00 -1.077863026045981165e+01
1.030476528363772282e+01 1.542002260579524808e+01
2.544863989338631072e+01 6.270068094739373876e+00
1.165027227653122388e+01 2.016362480829576853e+01
1.084896012647180008e+01 3.685419860114480883e+01
2.928131592938740013e+01 7.523952401719739669e+00
-2.212570283837149532e+01 -2.768814736435466273e+01
-2.074163710953248341e+01 -9.732247034162520904e+00
3.309491501789782575e+01 -6.534129549797861536e+00
3.880716398858656646e+01 -6.181935449472724109e+00
-3.304864210238243771e+01 -1.125001343017518884e+01
-1.084963550351965367e+01 -2.954655530189279133e+01
2.040302837175917361e+01 -8.547844243666379072e+00
3.595104406654847651e+01 -7.791557429182936367e+00
-2.575920631401895022e+01 -8.677349474223335690e+00
3.312434731795359966e+00 2.805332687179998530e+01
-7.454803855328901108e+00 -2.297631788393319852e+01
3.937048622716508817e+01 -2.562270485531863873e+00
-3.367931115118455998e-01 3.443844259377185324e+01
-1.850304460398792372e+01 -9.902378959550640403e+00
3.005394859560040999e+01 2.084214720589998038e+01
-1.416461456698243104e+01 -2.198136243678391466e+01
-2.045392035209376758e+01 -1.395753348904614732e+01
-3.944474100264265370e+00 -1.217494602311278484e+01
-9.227148736811125573e+00 -3.000875796547722629e+01
-2.094938412435848463e+01 -9.427394922191700388e+00
-2.318078349430730611e+01 -1.956651423007531321e+01
2.130875657809154333e+01 -2.600018639427050804e+00
3.287568721474320199e+01 2.532219192154330045e+01
7.753752691578034151e-01 1.756277222695903717e+01
-1.572013577561558328e+01 -3.242916458969797588e+01
3.512824784763572694e+01 -8.478872077815722275e-01
1.621551374232689113e+01 9.195601897491716414e+00
-1.197881808791046154e+01 -1.186419265908438980e+01
-2.396539771702090604e+01 -3.661556744688268594e+01
5.825646555181810626e+00 1.904958795673027439e+01
2.464039986741948596e+01 7.986687466720006512e+00
-2.344649673915844890e+00 -2.989472768865510233e+01
-2.394432948439250453e+01 -2.135120027958963007e+01
-5.558082231556777941e+00 2.062671104560534374e+01
-1.932747358194081855e+01 -2.916704719439895399e+01
-1.330529909484294926e+01 -2.657846229781866043e+01
2.853558669486534782e+01 4.715535805878094955e+00
1.234371779593193530e+01 1.472279313833914527e+00
-1.163570373355261189e+01 -5.794980838394918621e+00
3.004379990691730384e+01 -9.050230708147088521e+00
1.550776896378766700e+00 3.066344779003284415e+01
-1.134882147353934378e+01 -3.870662904493588741e+01
3.203788876162929000e+01 -4.413076024035720302e+00
-2.346434098519387490e+01 -2.432697466296135502e+01
-3.568485519065816192e+01 -2.004959362638275877e+01
4.020819300072191282e+01 1.023406266691773858e+01
-2.655729764863594511e+01 1.130175758775273431e+00
3.847024071788337807e+01 -2.542514300072474254e-01
-1.986435447399981413e+01 -3.642237025184323329e+01
1.639049507244760662e+01 -1.075305851678676650e+00
3.557289408067423864e+01 1.078676838250205527e+01
1.312639808282288634e+01 2.176744275080134017e+01
-5.472451938821246031e+00 -2.536691415245912751e+01
-1.062840293080670406e+01 -2.525548688589153912e+01
-1.767707161281865780e+01 -1.772469090295509986e+01
-6.551098275374772406e+00 -3.733762519624438170e+01
-2.954126090335683852e+00 3.221774131076223568e+01
2.401414300183571271e+01 -2.547323664539077548e+00
-4.242010833946830672e+01 -4.976875904576543164e+00
-9.988900380257788925e+00 -3.707529589854897267e+01
2.537300003107768731e+01 -9.949516085464953363e+00
-4.602363821016608902e+00 -3.165463936620093932e+01
3.517291309756478768e+01 2.749986485277117865e+00
3.614178644941674889e+01 -7.012823352728696058e+00
1.704710175415698004e+01 3.775312240319954071e+01
-1.262382000761170353e+01 -3.294011777312950073e+01
2.723355724365081443e+01 1.081841053359784688e+01
-2.627055492227660771e+00 -2.968069644797785145e+01
-9.562196032233782006e+00 -2.508771141159497375e+01
3.879720336763433863e+01 5.771993363253689502e+00
-1.139525900360717614e+01 -1.181920057557068304e+01
-2.216732316171275308e+00 -2.605853453822111021e+01
3.327843256888328938e+01 -1.207538911662636316e+01
3.198132817408379225e+01 1.072287982716248678e+01
-9.853715750931391071e+00 -3.591387110896393153e+01
-3.966363289654599278e+00 2.387329175612408605e+01
-5.943086619202100351e+00 -2.422762171286889554e+01
-8.223572946348314261e+00 -1.678221776994206715e+00
-4.001360173865130321e+01 -6.207911558998285173e+00
4.096675326762950675e+01 6.545642863214059304e+00
-4.366351414683604659e+00 -2.813654328396045656e+01
-1.663886885891809442e+01 -1.127556248023701002e+01
8.825467728631771536e+00 3.951936598786775789e+01
3.640494601114257733e+01 2.222520990325513868e+00
1.045273166135252474e+01 1.335517001642364932e+01
-9.600059192322339285e+00 -3.403586031703637360e+01
3.550147004183794053e+01 7.984374875165430652e+00
-2.587748433714768126e+01 -7.181542604000990870e+00
-3.926468561276512048e+01 -1.149861468488351868e+01
-8.469035275185309075e+00 -3.383382855223918284e+01
3.302749013337643191e+01 -1.960844628605391549e+00
-3.687019421407962483e+01 -7.598308811967442011e+00
2.617180672409680042e+01 2.256599195985762307e+01
-2.200551660925235353e+01 -4.563037093445194703e-01
-2.216440463988944742e+01 -2.594473080662029574e+01
2.346474734356523584e+01 -8.035438604121333261e-01
2.357080114704801055e+00 3.511963212910282550e+01
1.074177550442121465e+01 2.442137375953111444e+01
3.301260180699977553e+01 1.262839692812077175e+01
4.244352106437940364e+01 2.053001071323745208e+00
-1.731254086284114990e+01 -7.745391822694331019e+00
-3.511920055651346928e+01 -1.468452962868475353e+01
2.041527304766896833e+01 2.262234755298568345e+01
1.937433894826303415e+01 1.775226163081828545e+01
1.055968566844737211e+01 2.911137315506862322e+01
3.918520877452178297e+01 9.027824286926975361e+00
-3.393320886983623552e+01 -2.249724041998015522e+01
-2.392069985192410186e+01 -2.625193223089805628e+01
2.583492799789615191e+01 -8.405214783652608546e+00
-3.645656960750669384e+01 -1.801507060329673138e+01
-1.821584331188857675e+01 -3.240518972425595479e+01
3.440956553510921623e+01 8.026857820755740391e+00
-2.869731827395549217e+00 1.681067981424078539e+01
2.604523519809933418e+01 -8.523944621891372808e-01
-2.825412937648667722e+01 -8.472832826023932284e+00
3.512407027224115552e+01 -3.948263955324210261e+00
1.584959715341215336e+01 2.405286559061670459e+01
5.211165777109283415e-01 -1.494848798256066758e+01
2.732518705533324521e+01 3.135932947648733915e+01
-2.432024358099545580e+01 -1.333306082813112958e+01
3.937401825044411652e+01 7.210335328169138691e+00
-7.133399923587544045e+00 -4.016680260403419744e+00
1.701241138675902320e+01 3.342930175502628032e+01
-1.294006088382496245e+01 -2.345459595760591753e+01
1.191951005664232710e+01 2.268068163347573274e-01
-6.924034485054850308e+00 3.081228871815542902e+01
-1.877609468482549460e+01 -3.169515213598607772e+01
1.707397988952649825e+01 5.741000193812549668e+00
2.610487406536998378e+01 2.944280659615194295e+01
-1.366627141032017789e+01 -3.147801949794988019e+01
3.336229464173219839e+01 1.708156748912647416e+01
9.424126417975042358e+00 1.906308151000068918e+01
1.174590146986299821e+01 3.663866964223318234e+01
1.200168805373017378e+01 3.909287891246640356e+01
1.327823003427575443e+01 9.370503875942691963e+00
-1.116535660239637018e+00 3.673838823307585244e+01
8.505164435796240596e+00 6.813234185269271492e+00
-1.025764658248025363e+01 -1.780237782256359225e+01
1.031612723060275805e+01 6.323993150875105052e+00
3.478979453213918660e+00 7.625474043516988765e+00
7.392066066320273521e+00 1.783250763123289395e-01
-8.608196470086422636e+00 -2.374654690294315884e+01
-2.481467097876842942e+01 -3.752617463010514598e+01
2.902860975795058351e+01 1.301925540882220744e+01
1.782144059562665817e+01 -5.222790958714647047e+00
-8.929783863326164806e+00 -2.792158171017912949e+01
2.882701417747952632e+00 -2.100940899585367561e+01
-1.689492614250715619e+00 4.049544244853062480e+01
-1.596107602971220096e+01 -2.735100262557510575e+01
-2.755673841352084708e+01 -3.429657505204108503e+01
3.405229946155739640e+01 1.840403035025340372e+01
-2.039084296839378396e+01 -3.828287462016448472e+01
-3.848877963120046530e+01 -2.303449633881811920e+01
2.312374180289651093e+01 1.296645382782194744e+01
-9.247749428780645431e+00 -2.718260572677754894e+01
-3.552359394480141930e+01 -1.081763735872832122e+01
4.903282434050995064e+00 8.516438139031277998e+00
-4.413063708827724141e-01 -2.073575512858385039e+01
-2.792057652001986412e+01 -1.415515865888289682e+01
3.524941363350399204e+00 -2.123816990656002446e+01
1.372244655630302645e+01 3.355885246508243114e+01
-1.416194341564291825e+01 -3.306546941955818397e+01
3.061738366026636626e+01 1.013920311389605367e+01
-1.760171402038740496e+01 -3.523509559756771381e+01
3.110072987133841593e+01 -1.265351249260200373e-01
-1.217180178798506418e+01 -2.846454896078419949e+01
2.473909576157151236e+01 1.107768338644087791e+01
-5.600186118066227792e+00 3.471114902813551595e+01
5.978088511802511995e+00 3.514099911299022949e+01
-3.055924728785048572e+01 -9.382312479542903816e+00
2.011054326424885730e+01 1.386193608537039879e+01
2.820540430397030107e+01 6.310582739336497937e+00
-1.959133104635120404e+01 -2.553528376337051498e+01
1.151316951359753871e+00 3.149759859774873405e+01
-1.667534737891689289e+01 -2.716863250176707822e+01
1.948144609324341658e+01 1.651218315137766268e+01
-1.543615692420034691e+01 -3.511493910955285003e+01
-4.660193185113096881e+00 -2.138531614708773176e+01
2.076496333571584785e+01 2.604821727775913232e+01
2.979333948357948003e+01 1.001543771686652207e+00
-6.681479820465965780e+00 -2.046604121759219552e+01
-2.962769602528407376e+01 -1.624226184069337364e+01
6.218458864788793505e+00 7.034916022282797776e+00
-7.740640534852470722e+00 -2.206695872781395806e+01
2.718911480112363321e+01 -5.592967686050109855e+00
2.774748027204105938e+01 2.469720150287325888e-01
-4.647613753496684375e+00 3.568014192250231531e+01
-3.993529520605707006e+01 -1.908485982507756873e+01
-3.080487724103744540e+01 -1.251727010599072010e+01
3.562375495795066627e+01 5.121324619306733439e+00
7.142547077449585835e+00 2.531613559057748475e+01
-4.511446421136803053e+00 3.018668498345353157e+01
-2.018694897416890655e+01 -3.241351354556684328e+01
-1.090586746449848654e+01 -9.581614656526719287e+00
2.498192673673751329e+01 1.079789390681074712e+00
-4.103397871198511382e+01 -1.908050298302973857e+01
-3.883461742419984120e+01 -4.672470878133184513e+00
3.427208123191086742e+01 1.750656350019488938e+00
-1.036487406238325981e+01 -1.103663181826992457e+01
3.201821821720115224e+01 5.696817495503101014e+00
-1.934387498294964303e+01 -4.855948797170105635e+00
-1.004756968146008411e+01 -1.432396661759986678e+01
2.167232573253048145e+01 3.412738498545981969e+01
-2.009089070588499837e+01 -2.867103610165552752e+01
-3.154320428737944226e+01 -1.316084290845489413e+01
2.765658005331791358e+01 1.742575968932713693e+01
-8.436386274143456987e+00 2.995085444819519083e+01
-2.621040642715470526e+01 -2.327423634342647674e+01
2.526819122584241839e+01 2.559734438764664333e+01
1.253437736495340005e+01 2.239838034176367643e+01
1.196753738091281427e+01 1.475001819567865269e+01
-2.947169460281328668e+01 -2.632613668188097122e+01
4.242277707923087604e+01 1.517224434547857292e+01
1.792120888459766137e+00 2.288225923845847376e+01
-2.250747466004798980e+01 -3.344058181681953812e+01
2.182192545490561741e+01 9.237186995516095678e+00
2.250437947817786721e+01 -5.618695395824590655e+00
-2.131437007401901340e+01 -6.398860427408729734e+00
-3.272760572443762506e+00 2.764530437179026734e+01
2.093878035589752784e+01 3.377968388921856047e+01
1.834548399982053724e+01 1.871026852130129825e+01
6.489570344269470326e+00 2.380621884367592855e+01
-2.400494788851984396e+01 -1.802460041014689196e+01
1.945511163796464515e+01 1.981490600789856771e+01
-1.305899977417438684e+01 -1.924599028264386646e+01
-2.381797482853941439e+00 2.576123196797745862e+01
-4.949347103382057966e+00 -2.198663317604507483e+01
-4.141495023523042107e+00 1.808502919376349638e+01
1.697780814166974039e+01 1.737552571238665067e+01
-3.276026670735414825e+01 -1.912153862225543577e+01
-2.923474111183616131e+01 -3.199095466485417560e+01
-3.803052722093641336e+01 -1.456106831921950118e+01
1.882805703918057816e+01 7.412969270637584707e+00
-4.633258720181270718e+01 -1.417046819607485197e+01
-3.605048522077652962e+01 -1.840907089833935828e+01
-3.925901483741768772e+01 -2.168101370028068331e+01
-2.355078785826356125e+01 -2.031709955042752469e+01
1.177172247240307446e+00 2.500915964626695498e+01
2.638299930715915309e+01 1.547445378466717258e+01
-8.996532111366590811e+00 -2.843668259770679274e+00
-3.485134494539509120e+01 -2.755474469945403371e+01
-3.246135077822876269e+01 -4.407518162760805325e+00
2.642321520500200549e+01 1.549204132192027039e+01
3.288033058826056276e+01 6.109469351762133016e+00
5.690229425528095852e+00 2.789921248718194136e+01
-2.111623243948089623e+01 -2.180167054225362477e+01
7.656094866639940655e+00 2.821766570035054755e+01
-3.130107367335685353e+01 -3.512446129992061117e+01
2.142263834240868192e+01 1.960287290338933275e+01
-2.448382227765261732e+01 -1.051157128448077138e+01
2.529592581660335515e+00 3.828816808764609192e+01
1.237719399790840447e+00 1.569520034996763336e+01
-2.562823988757084237e+01 -3.446987404778846464e+00
1.044908005673182494e+01 4.879078787307395082e+00
2.598254315543703896e+01 -6.883506137617906973e+00
-2.894666239673525610e+01 -2.215490976387468436e+01
-1.292195022443587504e+01 4.709110878030242198e+00
-1.357303688792025653e+01 -1.959814408967303478e+01
1.110074003073251525e+01 1.126745091621661565e+01
-1.795904522656671531e+01 -2.140565054187484506e+01
-1.463053670053848876e+01 5.069322944034208023e-01
-1.412552386743156951e+01 -1.505571117899819100e+01
1.929641486588767307e+01 -1.731271909843261902e-01
1.366420361682003737e+01 3.388376222520581393e+01
3.423271663927548047e+01 4.755425521665231692e+00
-1.968944779158334057e+01 6.113504899038044726e+00
-3.435806122686891229e+01 -1.856845739790169958e+01
-1.682210045059029113e+01 -2.125126749175234053e+01
-3.069806347508206557e+01 -2.671902135295150771e+01
1.678018232501609930e+01 2.073750823998307879e+01
6.936743838581334032e+00 3.079238341952614988e+01
1.445267026589935178e+01 2.315887289567212903e+01
-1.508103525536733791e+01 -3.388042802900979922e+01
-1.750365891426646314e+01 -3.041951454401645449e+01
-1.466664660551618660e+01 -6.021405508511716853e+00
1.157144387063615554e+01 1.547712157198302840e+01
1.398632574458203237e+01 7.313494040205782198e+00
-3.429879821803844919e+01 -3.192700372078627069e+01
-3.280582842142697331e+01 -3.038199198508331023e+01
7.450621987414354663e+00 1.641127913105473013e+01
-1.945286658800489121e+01 -2.460315352947034384e+01
9.919259237726155476e+00 2.676837782541057820e+01
2.347114757855279521e+01 2.965835179944227562e+01
1.462171504843081493e+01 4.365150145919256097e+00
4.497123306042591473e+00 3.309294601788801771e+01
2.720421605834171075e+01 8.487645916434042093e+00
2.170869531888208925e+01 1.239008557349416684e+01
-2.793472542109381607e+01 -2.752858455775544400e+01
-2.425724884642209389e+01 -8.211754926864868409e+00
-1.506547675117844953e+01 -3.567652375565625089e+00
-2.929004085731494555e+01 -2.464232918038745268e+01
-1.880220615010467000e+01 -1.576406202607944174e+01
-1.459546323335872486e+01 -1.374593666636171108e+01
2.440470176216864573e+01 2.067089321275059888e+01
-3.891758458133819687e+01 -2.671368137398865272e+01
1.236352828964045969e+01 1.674468778208510500e+01
5.048560284305708024e+00 1.146223771092134136e+01
-2.838503307989902780e+01 -1.951147631545395811e+01
-2.057556702067243748e+01 -1.598091729553041063e+01
8.224332086007942522e+00 2.839657367341678196e+01
1.881170228425314761e+01 1.177678281058243748e+01
-1.054825748509102645e+01 -1.347674201486079326e+01
-2.597496674038377407e+01 -2.486831380643244316e+01
2.108119893091834740e+01 1.842752171681640405e+01
3.828803496585782540e+01 1.751639108079159968e+01
-2.061010178051984276e+00 2.089663366950458467e+01
2.290213922987824802e+01 1.601760239232031680e+01
-8.811981366040962271e+00 -1.111958209181525881e+01
-3.115165214119341286e+01 -1.686656266022539796e+01
9.761508097032222109e-01 1.205725703490406886e+01
5.586786182214187768e+00 1.558217351737370393e+01
1.728090072149040068e+01 1.413755967409049141e+01
-3.491722244233974948e+01 -2.324989752221964068e+01
1.466648843258753843e+01 3.024730644976170169e+01
2.617283322332150419e+01 8.648444750804335612e+00
3.134096235528737395e+01 7.265215533660590808e+00
3.377088300293462630e+00 2.449620740927318607e+01
-2.112649456645936397e+01 -1.762347812679282200e+01
1.567963443216661013e+01 -1.662308015270512085e+00
-3.387447952007651253e+01 -7.782580981761172190e+00
8.559783017249889880e+00 2.419873980163226435e+01
1.234407521937313312e+01 2.594479966963116269e+01
-6.360410216582518039e+00 2.647334372211807008e+01
-1.887443038582148702e+01 -2.919285253351621812e+00
1.024148785226401692e+01 3.417072173865672369e+01
1.010684452816630419e+01 2.310855626170406651e+01
-1.871567806695342640e+01 -1.275649767607908203e+01
-3.497017304742840338e+01 -6.723685861648561968e+00
5.077992765420328958e+00 2.689179904591320991e+01
-3.767754441471301163e+01 -1.062374812495958665e+01
8.829294181720509727e+00 3.270223330672498463e+01
-3.133597992523324649e+01 -1.410014848895305484e+01
-1.095417133111168262e+01 -5.148634844674430333e+00
-2.972919172058720960e+01 -1.103014873376669236e+01
2.511649960810766657e+01 1.235040023999141034e+01
4.161076836151281988e+00 2.368380160845932281e+01
4.616232338128432922e+00 1.947015291859673169e+01
-3.572711284845016877e+01 -3.224695004376596508e+00
4.857089591906299519e-01 2.785980729533756062e+01
4.203340973962599314e+00 3.055666190319200481e+01
-2.810961497564704104e+01 -2.323546818728481256e+01
9.825509411390530579e-01 2.035743088850561833e+01
-1.605099191650031898e+01 -8.724154696528598762e+00
2.801413287113657447e+01 3.680195855114105630e+00
-6.100801694357751437e+00 2.193012104546100005e+01
-3.569773447070839012e+01 -5.251610039367490934e+00
-1.984118407677472717e+01 5.332430085199437286e+00
-2.331192209064212406e+01 -3.142144489904912419e+01
2.538240790847411787e+01 5.252734574187831740e+00
2.305611192951005961e+01 2.492707099916020042e+01
7.254385018332040191e-01 3.353065939406693730e+01
-1.223146837182590652e+00 2.530845976750727999e+01
-3.204599492812484840e+01 -2.579698653970751820e+01
1.558286816767359717e+01 1.244648383443153783e+01
3.048351038234253707e+01 1.782413391535853320e+00
2.856849068297534444e+01 -8.777967117450522494e-01
-4.226106201871145629e+01 -1.042517173660996121e+01
-1.331146040869239577e+01 -3.629766061645361219e+01
-2.239056367205922626e+01 -3.864385611618280869e+00
1.722873595496381682e+01 2.689200615303889563e+01
-1.589647663805666156e+01 -3.838135437163131769e+01
2.660183026344190083e+01 1.453744138465724346e-02
3.711979684699254989e+01 -2.274886557511036411e+00
2.113191840739192884e+01 -3.686673520381787417e-01
2.359634495034227797e+01 3.021775286921090320e+00
2.419314201623167015e+00 2.538030041596707065e+01
-1.489714958410316470e+01 -2.346131697594860555e+01
-8.069111536406349927e+00 -7.571653801199396128e+00
3.530350498033902085e+01 1.419912837185823840e+01
-1.132843535044234251e+01 -3.473989058917326389e+01
7.762690592510463894e+00 2.154747610372742272e+01
1.412137219052448778e+01 1.257880012789588697e+01
3.096070296341573069e+01 1.254408533896086908e+01
-2.552276868695817313e+01 -2.720928651395783859e+01
-2.422734555155137315e+01 -1.585756986070529351e+01
-1.470701483932135822e+01 -2.925516071171461618e+01
3.860907525153329800e+01 2.228374738825053214e+00
3.061769535739641057e+01 1.584020801332994388e+01
