1.143780326452357343e+01 3.612199558775611941e+00
-1.320709215833888983e+01 1.585526043801572582e+00
5.414432172808144372e+00 -8.204449952714895744e+00
1.302364376571060411e+01 1.709436308027697082e+00
8.859061222759246235e+00 -4.866741899961080975e+00
7.329899975256105371e+00 -3.874955473693098007e+00
1.096932902601956883e+01 1.696379451055252119e+00
1.004327429977455566e+01 -8.333718291323926053e+00
9.184673028563970831e+00 8.765009651155537540e-01
9.541072174803698402e+00 2.023257259496043403e+00
-9.269783318128046901e+00 4.927907770740712401e+00
6.152967791417755627e+00 -8.142567538227131196e-01
9.590437478590770226e+00 -1.252261503131320231e+00
9.818346740496483704e+00 -2.595179118521237172e+00
1.021010340081648238e+01 1.340006101122750148e-01
-1.153732107095733639e+01 5.059321712508416446e+00
-1.056341408365626222e+01 6.249379919064905309e+00
7.754203303226189448e+00 -5.273609820714605156e+00
1.062199727653657000e+01 5.824849457795284735e+00
-1.489031328068906745e+01 1.389293331791305430e+00
9.328259625819882217e+00 -8.454926141673835716e+00
8.537982223602842424e+00 -7.057186604474292579e+00
1.192633038452093608e+01 1.320270337407316363e+00
1.388526946480327062e+01 3.446678443633823363e+00
7.507788707516934501e+00 -8.471923472571749159e+00
6.965125584978551387e+00 -1.096995492663577920e+01
8.760851462162522196e+00 -7.185425988544355214e+00
-1.310584687169352947e+01 -6.124295838189436347e-01
-1.366081922019071193e+01 2.550720197081217666e+00
-1.269685624482573871e+01 6.886378479811983588e+00
-1.264538803809209178e+01 1.169424737399408665e+00
-1.112084356372006155e+01 1.378227105577551237e+00
6.844141366440135599e+00 -8.142426699677143276e+00
8.711295776238308974e+00 -8.217554080530280913e+00
-1.371266537399615970e+01 9.871597952427096923e-01
6.451238053335701217e+00 -1.032125483533110710e+01
8.780044782214593724e+00 -3.255321723148678625e+00
-1.653540507291770467e+01 6.679441021558472968e+00
6.278966653202162185e+00 -8.863118990769283556e+00
-1.052097014216786874e+01 6.786965422651602076e+00
6.716394992761816063e+00 -7.068593325089756796e+00
-1.241009400117276584e+01 -4.458211213059099509e-01
-1.159299462750913712e+01 1.551420177193506555e-01
1.289991920200437292e+01 5.851461948791715884e+00
1.177122337858781442e+01 -6.428782736175635115e+00
7.961266645365324024e+00 -8.945410358744901202e+00
8.424150763326183622e+00 1.473949885021441419e+00
1.268372427329893171e+01 -6.967781850244922914e-01
8.265254786817044064e+00 -2.218175701384115239e+00
9.497081653644437793e+00 -5.618245091011920600e+00
-1.608594517066567775e+01 1.524991867353914010e+00
1.146262466509449141e+01 -3.900107652979889483e+00
-1.690698221950250613e+01 4.691885446048402741e+00
-8.933556433985417655e+00 4.664896245964942345e+00
5.286452735507945810e+00 -6.085610284628022448e+00
1.013793459335753866e+01 3.167554205307961279e+00
1.019352828975002190e+01 4.878315569821391584e+00
9.744359188514682302e+00 -6.610369161599571441e+00
-1.393028657090280653e+01 -1.660557869919363272e+00
6.876593901534103992e+00 -8.948894131840576804e+00
1.279297179052616862e+01 3.067413397319615598e+00
-1.358553722657917362e+01 2.975683584425179884e+00
-1.361131888760601605e+01 6.863508922154942127e+00
1.127620401261563288e+01 -4.807822214864055921e-01
-1.182438472649626959e+01 2.198186965215750632e+00
-1.737467415259288828e+01 3.985070972386612009e+00
9.624317136758993030e+00 -1.175652074856902152e-01
1.183977560360326464e+01 -1.972562272309571929e+00
1.075027704442355514e+01 2.377228537879807480e+00
-1.288536608442090525e+01 4.063988725712727401e+00
-1.416481604570077479e+01 4.155313254937269996e+00
1.143142156219400896e+01 5.144780388405010285e+00
1.041436428416814053e+01 -2.697710275441950856e+00
-1.104128980085982548e+01 6.633485912890897396e+00
-1.433361814614836405e+01 -3.905604437570501242e-01
9.598935794347381645e+00 -1.872832682641390134e+00
-1.165152292232433773e+01 2.717708900287694629e+00
8.696337431601932622e+00 -4.671493794579233416e+00
-1.645947868139383985e+01 -4.636471918750265792e-02
1.135577550796258173e+01 -1.135195731130171914e+00
-1.666407274588511456e+01 7.539444018423987481e-01
-1.649831817053794936e+01 1.601405188587290862e+00
-1.294265902908917454e+01 2.326736030239108466e+00
-1.195614314623497165e+01 3.479983534513287680e+00
-1.341614866460313849e+01 6.297246063339178690e+00
-1.129124926965859466e+01 7.387662533887153771e+00
-1.551298911920104651e+01 2.785610779673227455e+00
1.002969003689862504e+01 -3.523106287161844818e+00
-9.614514164870447743e+00 7.337748572696131788e+00
-1.557850444900312326e+01 5.437415591025086314e+00
-1.542161529404314102e+01 3.842867527470685385e+00
8.793917214707569485e+00 3.961948969322664382e+00
1.078574558259075644e+01 3.154220838051841724e+00
-1.349710658908393945e+01 5.845919937759466833e+00
-1.639923209497995416e+01 5.463273400323407358e+00
1.224420674897007721e+01 3.171769472289703629e+00
1.071652181295408823e+01 5.975173055706145320e+00
-1.719580798676281930e+01 4.289866669237417440e+00
7.746401091871225830e+00 -6.881369095772838840e+00
9.156412202484364826e+00 -8.263734699132261330e-01
6.255991537373085443e+00 -6.018184880064955777e+00
6.888630389431918744e+00 -3.968534680563266637e+00
