-8.548482659954348861e+00 -4.350252382587476596e+00
9.166781517351981989e+00 3.402069475183263081e-01
9.514099314769162152e-01 2.767823570499126529e+00
3.509354939559508058e+00 2.260563340560260148e-01
6.683076326512593646e-01 -3.865075376633117621e+00
-7.161107058660228120e+00 -8.153189309362636195e+00
5.852311794770401754e+00 6.669258000621699267e+00
4.922402221035765635e+00 1.289773455376424405e+00
-5.057445176910919216e+00 -4.813911897522666905e+00
-7.722022331752504520e+00 2.390212172956787562e+00
5.677147359981759678e+00 -2.396249798024183697e+00
2.973356940407465565e+00 -1.151080761227683824e-02
5.403331649793369884e+00 5.020040586153126760e+00
-7.995852119492369958e+00 5.204984156939868711e+00
-4.529570484832261990e+00 -7.780314071894577133e+00
1.283336650463241302e+00 -1.103372518737420593e+00
-4.696032994244437653e+00 -2.294144445384929565e+00
-1.967933654197115523e+00 1.964553072388052213e+00
7.674107779569744103e+00 4.801899256198620236e+00
-5.605871922860526269e+00 4.716201868120963425e+00
-3.666958992759998814e+00 2.242080357238872834e-01
-3.424398491522085752e+00 2.417106552533967445e+00
4.076531243977790653e-01 -5.613982044876783206e+00
-1.650312192062919570e+00 2.730676072229387685e+00
-1.699736279374948866e+00 -6.666074448418664922e+00
5.541288888123838241e+00 3.654487916886541843e-01
3.723156563088107607e+00 3.510196784331991005e+00
4.632666598040549033e+00 -3.668399771285601130e+00
4.049569334534036003e+00 5.145855237689707984e+00
-5.970817406331708099e+00 -7.265994051126181130e-01
1.445530566427279062e+00 -9.231450666171882702e+00
5.711993390629898082e-01 -2.105113037657995623e+00
4.807804536786428606e+00 -6.129252870457899682e-01
6.180689618933971063e-01 4.622038355282633404e+00
1.180272164823510828e+00 -7.365026626516766761e+00
6.752344787386033609e+00 -6.243511550376912744e+00
-3.180470265401467600e+00 9.557756712724273740e+00
5.721307142504632459e+00 -2.208377538432077625e+00
5.706069158978446798e-02 5.200277481822400460e+00
6.141447182276624339e+00 -3.341617619544865914e+00
-8.201546839177852322e-01 -2.919869105049619051e+00
2.353444746583386760e+00 2.253794175174852921e+00
-1.216263951226807416e+00 -2.276067897510180238e+00
1.326810523267772934e+00 -2.923449399334193011e+00
1.910649289661062733e+00 1.265435541569976063e+00
5.463402688107771965e+00 -6.188047226937666068e+00
6.169256356988000789e+00 2.372094921935009371e+00
1.397611404641641686e+00 -4.730345294732352990e+00
-2.835994392597868785e+00 -3.342046943194046715e+00
5.532784993190340700e-02 2.100362893038851375e+00
-4.838681592981267876e+00 1.395541341305767569e+00
-3.883307005554534896e+00 -2.967817360754646749e+00
-3.811412530705778234e+00 -2.027735630502624176e+00
6.920070035803219000e+00 -5.246144050620324961e+00
5.248716907674070065e+00 5.138811366030379801e+00
3.586422096984340335e+00 9.931548861835673980e-01
-1.319677146112768984e+00 2.536999208121228033e+00
4.278519294266288076e-01 7.400769581494277993e+00
9.059210238109405289e-01 1.721921104018036219e+00
9.182787688487383804e+00 -2.999073059764876259e+00
-5.426458592327851882e+00 2.841511348376349222e+00
6.578934183936480551e+00 6.731806682136127762e+00
-8.544766573672054610e-01 -1.014422049401445758e+00
3.845332848989911234e+00 -1.403056723891688895e+00
4.956914630218814288e+00 -9.034881104041000199e+00
-2.379266199573174312e+00 -4.128710081321854908e+00
-3.701612514253074249e+00 4.073714016983512209e+00
-4.681090534655951707e+00 -4.685622174114025817e+00
1.221292209558075381e+00 5.197586090625235578e+00
3.439549643406643042e+00 -2.421313173295210230e+00
-4.731380476573664673e+00 5.453717759007062682e+00
4.761137782832555176e-01 -1.276217488729552707e-01
2.217025419122622409e+00 -1.556157965357821693e+00
4.579359806081787276e+00 8.564462807944776657e+00
-1.083765759941500040e+00 6.145226722277259412e+00
2.149696700052648790e+00 -3.892102495265816309e+00
1.089146108965155291e+00 -8.544627875454204047e-02
-2.664605874012915820e-01 -5.293446430647338191e-02
-3.982612440133002973e+00 -2.350261865755590845e-02
-7.573796098281180278e-01 8.010223755747688301e+00
7.004385246749452065e+00 1.338845299658236510e+00
1.577158141865465102e-01 2.247441626380227486e+00
-7.547600851325222404e-01 6.440561314650032898e-01
1.544704841021424579e+00 3.312825145877038580e+00
-1.322204700284012269e+00 3.814363867135551089e+00
4.526726526025741215e+00 3.755027807431213782e-01
8.189350927446884754e+00 6.874134900717972840e+00
6.976072297509739784e+00 3.283773872908207991e+00
3.802476355655858953e+00 8.018584512578447843e+00
-1.878772910270437801e+00 -3.448948532818451707e+00
-9.238257487999192996e-01 -7.632220595101466998e+00
-6.106631225653199602e-01 -8.746163801023277173e+00
-2.202657113368748920e+00 -2.503424997075953229e+00
-1.627604845054902438e-01 5.335450926961939899e+00
-3.411616257004538966e+00 -1.422069201988956699e+00
-2.146348804130687515e+00 -9.804956461378093735e+00
3.200229124728990016e+00 -5.093942782814679937e+00
2.706043257521674184e-01 3.651654533060942232e+00
-3.720482982466253752e+00 -4.698980828673727572e+00
-6.866089325333884830e+00 9.375902323927476356e-01
8.182389514131734876e-01 9.369774141241554943e+00
6.563114201980988938e+00 -5.888801276008423180e+00
4.154415822607246400e-01 -2.917735338918632237e+00
-3.382638135404059110e+00 7.310184534354581487e+00
-6.587127579780185371e+00 -2.453322101336969929e+00
-2.129859621622682830e+00 -9.760302760455867588e-02
-6.490390678433626270e+00 -6.539909416321833646e+00
1.550106297906336916e+00 -6.705886250609283117e+00
1.065753877941391758e+00 -8.487289253888933516e+00
6.344106265844682291e+00 2.394027375947282543e+00
1.930675380311515532e+00 -4.889981222432234625e-02
-2.471628488915440958e+00 5.680261101016513159e+00
2.106245200284710517e+00 4.103225262396055228e+00
-2.817389807727966211e+00 1.321034697903375132e+00
5.275120918552731464e-01 8.494486981163898776e+00
-3.690459785918617008e+00 -6.952175351584059193e+00
-2.444860789096091391e+00 4.060249680932448868e+00
2.114074679141427104e+00 1.018348278584382527e+01
-1.847885974627487826e+00 -4.354055528645880635e+00
-8.848072864684510819e+00 -3.365600423494760629e-01
3.909207891186841977e+00 -7.813335127666331203e+00
-6.849907124221287447e+00 -3.029993908422958793e+00
4.033698082392219497e+00 2.854151559969414720e+00
2.219081822644840329e+00 7.858945771607830366e+00
-4.756090010204713003e+00 5.070980107391385161e+00
6.116111109229193099e-01 6.984916982302626032e+00
1.668262806282335919e+00 5.583918189308664459e+00
-3.709278091402419264e+00 -7.396852310021527543e+00
3.469196841036108925e+00 -4.083562704996746007e+00
-3.183452663125844850e+00 -8.577219687703905748e+00
-6.483619655686823968e+00 -6.760559573272682421e+00
7.013010693668046081e+00 -4.391328662298373264e-01
-8.290613754045690342e-01 -3.584651670898972853e+00
-6.405999511574401950e+00 6.711163755804831155e+00
8.159083592104265037e+00 2.431406976137770570e+00
-3.110229965490447945e+00 -5.348316775839083270e+00
-2.024255456652768181e+00 -1.358745591961858512e+00
-7.933285036518169520e+00 -2.453539212544650461e+00
9.209464154913732159e+00 1.602138483636583954e+00
-5.323040052858828197e+00 -9.704676552694329050e-01
7.089179729705572974e+00 -2.207696172544494573e+00
-8.849960250183922739e+00 -4.459321317101505144e+00
-6.196533754156355656e+00 8.266774845732670629e-01
-1.884811549977670531e+00 1.491061933220057867e+00
-4.482900391768628090e+00 7.061526602169533540e+00
-6.318288647840488714e+00 6.599866560332563914e+00
-8.469494490404811948e-01 1.115579945470325685e+00
-2.382517520909172681e+00 5.593790228902265405e+00
-8.611766154898866432e+00 7.509466568212186388e-02
-1.101678133446364560e+00 -5.104125830123013685e+00
3.567346428356583221e+00 7.929003903549284971e+00
3.009742920761634188e+00 -3.855450122089699061e+00
-6.838149469027867688e+00 -3.729500611629531281e+00
