-2.878022742422914959e+01 -2.458445564313874598e+01
-2.369803814236600914e+01 4.806995694867741520e+01
5.973770211580640144e-01 -5.384966722854123589e+01
-1.238947480520719679e+01 -2.079792670118900233e+01
8.346129534551979035e+00 -4.691217674815960237e+01
3.805313530075183337e+01 -4.368591079957950996e+01
1.723401512534073632e+01 2.011856314141446944e+00
2.067200633613685312e+01 -4.308073288107296861e+01
2.557186060592134424e+01 -1.564513723154655445e+01
3.380624749870493417e+01 -1.760091142126860220e+01
-4.636326558703133038e+00 1.121558343390037749e+01
2.039459905016014929e+01 2.008311728853669464e+01
2.483959121413452920e+01 -8.528505760249487366e+00
2.948009707101742816e+00 -1.573680283408229919e+01
4.827465340966457319e+01 -1.093438397403348006e+01
8.070190631723363595e+00 2.113194966258607010e+01
-4.120227740909852443e+00 6.008304426059526548e+01
5.216305163994308991e+00 -3.295104092447866151e+01
2.462726371115645918e+01 2.790250707566584332e+00
-6.830542607413199185e+00 4.449209236159642700e+01
1.334200076001205826e+00 -2.895151203239561966e+01
-2.727419453960169271e+00 -9.631326077034135125e+00
1.994359321939192034e-02 -2.093564138214526693e+01
4.647124794225923239e+01 -3.100661381895004354e+01
9.090815491790069203e+00 -7.276111463236666133e+00
-1.526522678217416740e+01 -4.442248974408153117e+01
2.231089739044516662e+01 -2.127522512160310342e+01
-8.573983766703198839e+00 2.061722539814543609e+01
-1.459320483100731813e+01 -3.175322808572074962e+01
-2.546827508808814500e+01 5.754638090531255301e+00
1.314883679232095126e+01 4.892885298949173745e+01
-1.358935321584059785e+01 4.450543543605394348e+01
-6.440472151021952030e+00 -3.145037412400970211e+01
-3.992067661976236082e+00 -4.730419306797630696e+01
4.824884117449225407e+00 3.120045314125106728e+01
8.248947313524130465e+00 -2.335312499081456039e+01
1.550474182305552695e+01 -6.763607269897279117e+00
-4.085004615119466820e+01 3.976902386763834585e+01
1.492109624333382634e+01 -3.540173931974715060e+01
-2.110158326073567281e+01 2.169385204749037754e+01
1.199315523836171948e+01 -1.261354874230218748e+01
-2.656660669595305535e+01 5.935732460859032500e+01
3.133570596153544496e+00 9.722559879851832676e+00
-9.944973146371761885e+00 -2.200714022870661424e+00
-1.008824349535222353e+01 -9.642720514807981758e+00
3.534748526336002783e+00 -6.925565803244558616e+00
9.897821751815893521e+00 1.392206711424811116e+00
-3.427597089810552689e+01 -1.985517127599213438e+01
-1.941250762353460857e+01 -2.331561313061454754e+01
6.581820322910758136e+00 -4.032162995560872787e+01
-1.046326750363789415e+01 5.599387299891019865e+01
2.484708583757173272e+01 -3.860270346442469247e+01
-3.755727881331165463e+01 1.141457548667649391e+01
1.893632310668274421e+00 4.964726883400685864e+01
9.735921151010897390e+00 -1.725214414569680699e+01
3.642527763222765458e+01 -1.038852589988313291e+01
2.829493872171296687e+01 -2.784098077495987056e+01
1.067325162844139896e+01 -2.854155536110860680e+01
-5.258033048622584582e-01 4.023732741323640738e+01
-7.680863342130496818e+00 -4.050150109767987061e+01
-2.636969344393321535e+01 -3.786117408940622653e+01
1.539300505277423170e+01 3.538667641085933724e+01
-1.733586590950055140e+01 1.506606912326796710e+01
2.818086829910508584e+01 -1.179110727818936555e+00
-3.532942921801851544e+00 3.415592552985239649e+01
-3.475138580540613198e+00 2.756046798798677955e+01
-2.046579547966045354e+01 -7.784996038424151443e+00
1.887456358688498170e+01 -2.878440856597635644e+01
4.517427360499175393e+01 -1.864686043970886686e+01
-3.561476742558260611e+01 5.460889134908040887e+01
-1.748007676340107608e+01 2.793384976027109090e+01
3.480464562916559146e+01 1.290541916696036928e+01
4.273879703202455005e+01 -4.596509958132180551e-01
-1.143601318420617829e+01 6.502018398987618575e+00
-3.732577807897477840e+01 2.778384079532609263e+01
4.687100617750285636e+01 -3.501844131694374695e+00
-3.749015762880240743e+01 -3.719999699634769286e+00
1.800382266878195736e+01 -1.493528867958822559e+01
-2.966438009478456905e+01 4.181916231886255986e+01
-2.136279834188626481e+01 -1.253452021319209919e+01
-2.458986647484604759e+01 4.257998381570625668e+01
-1.473993067448166272e+01 6.603332365106437862e+01
1.037340630095726901e+01 3.873800761407429150e+01
-2.037739350454202025e+01 3.498823415871446230e+01
-4.727859966440490780e+01 2.175799229779252641e+01
-1.431436670047214932e+01 1.980526048314440146e+01
-7.875926854613060968e+00 3.356341800667767217e+01
3.255613063149547681e+00 -5.570310477941186056e-01
-2.999013379455204031e+01 2.079553666499798226e+01
1.415768624072829773e+00 2.164184136342901255e+01
-1.515535716458327720e+01 5.801520075597883874e+01
-5.406402951739793572e+00 -2.348975913580860819e+01
2.443356446688015993e+01 -4.878731202254883215e+01
-2.718305439482225339e+01 9.602812294588508379e+00
-2.641210052784709461e+01 3.262505796247972256e+01
3.484785070439510690e+01 -2.710509018720840047e+01
-1.399711190142120287e+01 -5.877728205728476496e+01
-1.462264987743821187e+01 3.920000783857239668e+01
2.013024932468280070e+00 -3.871974772432240997e+01
1.634702074678531858e+01 -5.822547294723340627e+01
-5.346473853310177660e+00 -1.422914496380122884e+01
1.414931095588846155e+01 -2.204755912816943209e+01
