1.307495308430792669e+01 1.625919429657206150e+00
-2.540811562407835211e+01 1.507356432449947548e+01
-1.039340349887245019e+01 1.684066630829414990e+01
-8.908193466119106674e+00 9.305724972222979119e+00
5.471484530373162514e+00 -6.092308545180947554e+00
7.248680260113023799e+00 2.935025222521497668e+01
-1.737369258297256280e+01 2.347635298407995563e+01
-1.680150977030208992e+01 7.443649729656243608e+00
1.812604643767850021e+01 1.499907060453315388e+01
5.332724500278128055e+00 8.960577596937820966e-01
-1.198531404684148960e+01 -1.330856152618429356e+01
-2.308677013978640957e+01 1.350196913776266827e+00
6.347052262878212225e-01 1.772979322682923797e+00
1.173291573970531410e+00 9.537525754715158399e+00
1.156835002630098508e+01 -1.834737368602140872e+00
-1.744739226485168970e+01 -2.616792788740614029e+01
1.583771899624279778e+00 -3.446239842591658942e+01
-1.232327444345657996e+00 1.501991103439043407e+01
2.889961563945039913e+01 -2.235252712139079279e+00
-1.048955772437870415e+01 -3.385770088540608214e+01
2.381827884155045982e+00 2.934323633130968290e+01
1.561064278948480499e+01 2.092156421456828852e+01
-3.692008582204011624e+00 -1.215113922790269196e+00
3.018068306713461624e+01 -1.335650907638644969e-01
4.981689936618702852e+00 2.333087991424538998e+01
1.381089681788403567e+01 1.129432080078306733e+01
1.490467469091766972e+01 2.551715153824519433e+01
1.100636168223586786e+01 -2.809274967229904263e+01
-4.785290109901540134e+00 -3.139783691683125966e+01
-1.066390769166540942e+01 2.705289978769211601e+01
-9.864275961855215158e+00 -2.792410290064639611e+01
-8.921898060960348431e+00 -8.252132678572444036e+00
2.789225312801169210e+01 -1.145578566412051202e+01
-4.406692129161550397e+00 1.934035733035356941e+01
-3.293736492225757040e+00 -2.518710253156453405e+01
1.269359995735101521e+01 6.682047141886125807e+00
1.091819928895126779e+01 2.902941435588819630e+01
-2.233573582375395716e+01 -3.150373337617037706e+01
-7.450188364082922510e-01 2.420436253608752253e+01
1.163682286949122791e+01 -1.248633707731116260e+01
4.298049337012712079e-01 3.499057312419297716e+01
-1.019067788375705419e+01 -1.759239072473391730e+01
-4.902319981791080639e-01 -1.284552821461462280e+01
1.331696888007422608e+01 -8.728967559028234291e+00
-7.177123126732865899e+00 2.757049790929997712e+01
-7.987703687915032269e+00 1.216413771854030479e+01
2.283834094049393926e+01 1.163746496631566352e+01
8.787365888221909671e+00 1.968043814763576194e+01
8.854797023049636451e+00 1.372672286600150748e+01
3.768757508244516607e+00 1.389551761906805893e+01
-2.873864989426737182e+00 -9.587130034505298326e+00
-1.522675071400565372e+01 4.653192388174142380e+00
-2.431249370180047009e+01 -2.221944282137115678e+01
-1.079539614965345784e+01 -1.058717486076870884e+00
5.018028658643497231e+00 1.901636585439564087e+01
7.573122252291033085e+00 2.780667897324399895e+00
1.895243257905559275e+01 -8.855400281634167925e+00
8.633471047213461702e+00 8.148941245066231076e+00
-9.865599533731860049e+00 -2.220166447921778996e+01
-5.015067426758963443e+00 2.364059356974264858e+01
1.824000202282704564e+01 -1.777046929117628737e+00
1.678534413606529796e+01 -2.015553910114774894e+01
2.218616021415903639e+00 -1.459320397833875660e+01
2.610243527036526956e+00 4.990327481733807247e+00
-4.659530684215694052e+00 -2.231647907205761427e+01
-2.902361073069674191e+01 -1.439774238032703479e+01
-2.964642999434052406e+00 9.076655949502812959e+00
-7.155918721400149174e+00 3.242743594999812728e+01
1.925345273937464086e+01 3.445781398850617183e+00
-1.876555865566410475e+01 1.549894849815546394e+01
-1.802324366200309447e+00 -1.955425448002712585e+01
2.152431413555450845e+01 1.822875095509987631e+01
2.548522420884672712e+01 3.193593444804882164e+00
-1.513443790120674670e+01 1.583430612572686869e+01
-2.085744541450340961e+01 -2.037594739355036921e+01
4.928571779526690344e-01 -1.824890135938968871e+00
-2.005500227681067216e+01 -1.437865440958922214e+00
2.063549499531559661e+01 2.685392970972758064e+01
2.939634295239482942e+00 -2.561153537488015530e+01
6.881266473641671766e+00 1.049476312634772945e+01
-5.332894664883260916e+00 -3.907013294319651919e+01
-6.945335387169407682e+00 -3.367113285479848628e+01
7.307180016342378792e+00 -1.871259134549749348e+01
-1.723630000637707838e+01 -7.997066160305894122e+00
-1.588554622167174735e+01 -1.397783289968355014e+01
-1.431421579352004692e+01 -3.607750766650104168e+01
-1.295127412766357722e+01 -6.205820828058562277e+00
-3.003331856537538869e+00 3.718467819665014051e+00
-1.244931223552293176e+01 -2.362913649449887288e+01
-2.008130757425047719e+01 -2.929939653636638042e+01
-4.991368589759051844e+00 -1.483104699006318405e+01
9.010202914450434974e+00 3.607518485482656700e+01
2.385838592668292080e+01 1.651858928296681128e+01
-2.258213475235115197e+01 -1.147280861576408206e+01
-2.916826215144408252e+01 -5.187797247931205114e+00
3.049654927581418917e+01 1.362208527046502837e+01
2.250191196257051374e+01 -2.880004006751134327e+00
-3.048814046945921419e+01 -1.770916691313348323e+01
1.398343242180713020e+01 1.465788642176753243e+01
1.974566623528728115e+01 6.684864992464489397e+00
1.611380633277196273e+00 1.937874675051424234e+01
8.732120922275317554e+00 -4.551002080869237076e+00
