1.174090995030188100e-01 1.278127320743413442e+01
-1.181517137972465292e+01 -3.125364679847489668e+00
1.600769575019538848e+01 4.651926352963423383e+00
3.236068228676615366e+00 1.017208062245818923e+01
9.817050697881297694e+00 1.039825009589041116e+01
-1.115457591741849086e+01 -1.729760376054171545e+01
6.944155531388816804e+00 4.472995897052260084e+00
1.824531570366473954e+00 9.200734824923380017e+00
8.524484646653837316e+00 8.315155361962047742e-01
8.458977915903215461e+00 7.313747434398024438e+00
1.101273922844943698e+01 1.127693173183283726e+01
4.892233172095874494e+00 5.079882715313433827e+00
1.968908067689628227e+00 7.002281569878648249e+00
1.039573675620294679e+01 3.104349871680891937e+00
5.354497786144497340e+00 1.017021422681269804e+01
-6.691398318684819158e-01 8.009029416552850833e+00
-7.471729947187863985e+00 -5.851556197969504325e+00
9.108508944166343824e+00 1.113092436231826277e+01
5.905261518157853828e+00 2.982319297972690020e+00
3.768928078310316288e+00 1.266830995048665187e+01
-1.718803189377780427e+01 -9.739433530923394144e+00
6.331769351300548188e+00 6.547366280075002543e+00
-1.762263984974680042e+01 -6.777421334308485257e+00
5.820322104793699047e+00 6.822638378440003315e+00
7.184842528581867782e+00 1.046290110385219485e+01
3.862721574448590545e+00 6.982864871117291372e+00
-1.148186745796556352e+01 -9.323832867490695619e+00
-9.148410573039722493e+00 -7.509606875252456071e+00
-6.690781569303858589e+00 -5.898237864189603386e+00
1.421087959744486362e+01 6.240836264582116932e+00
-8.322056731260730755e-01 1.115349870730532444e+01
-6.193616272607831874e+00 -1.273391655886067042e+01
1.175593521628785609e+01 -1.457757671494313775e-02
1.125515791150302647e+01 4.665910672338598353e+00
3.034321686293425469e+00 8.470687351384066588e+00
-1.268370006168344766e+01 -7.189958608257275507e+00
4.698451382543006538e+00 8.403010736642155365e+00
1.211497932629304497e+00 1.453754290337287358e+01
-9.779748539971643950e+00 -1.404967144860107986e+01
1.560653897837525861e+01 1.027180999684348395e+00
1.418098630215821387e+01 3.430257017956448884e+00
1.721105556664515390e+01 2.457956795691130125e+00
1.800873743779234815e+01 4.119094113432562487e+00
1.474644490148168074e+01 6.284993658982008721e-03
7.813743397923802902e+00 2.701023603229040226e+00
-5.142444878959141263e+00 -1.039530100829822779e+01
-2.681291723248850900e+00 8.030294882370901277e+00
-2.637750028021406123e+00 1.006220341485926717e+01
-6.787062941318867892e+00 -1.004018374500921418e+01
-9.237400741337292942e+00 -5.619740785058067623e+00
-4.205284561443614955e+00 -5.573210490236289338e+00
-1.315906250191766347e+01 -5.573561166149255897e+00
-8.875352305231592354e+00 -9.909185041396549209e+00
2.592672936055981925e-01 8.474739886246274168e+00
1.489919955978671773e+01 7.414576986794846114e+00
-8.342844609270045453e+00 -1.436715490534544948e+01
-6.080120505284777543e+00 -1.459638351894098562e+01
1.041743362441900800e+01 1.052559199735114692e+00
1.222380127858239440e+01 1.813078495848357674e+00
-7.732194154993822899e+00 -1.310010438655468157e+01
-1.142396217897437971e+01 -1.322849546515134733e+01
1.559296441187861326e+01 3.465501579258144726e+00
1.036002987896083027e+01 8.527432728225509351e+00
-5.436447025328404514e+00 -1.266598006695818235e+01
1.154535331884743243e+01 4.602350315302716766e+00
-1.887713208756844452e+01 -1.036995170646847342e+01
1.338221505222303875e+01 8.018091990471454267e-01
-5.650236607503036801e+00 -7.078182681234789442e+00
1.183639034571827864e+01 7.085871131552235802e+00
-3.808123494739888315e+00 -1.145111118723492893e+01
-5.566159359914379046e+00 -1.470570504962661751e+01
5.503936375494228317e-01 9.950135024414986873e+00
-5.050085257645115178e+00 -6.687603157628576156e+00
1.240401960403217885e+01 2.670474638829211766e+00
1.068188278274313596e+01 1.318854774748251302e+01
5.592076917591338514e+00 1.188710172383720298e+01
-1.462916603926213988e+01 -5.085985728504979875e+00
6.180061700312867501e+00 9.252476747589204464e-01
1.820715001997964544e+00 1.145798705672661200e+01
1.059393557684254716e+01 -1.799691190759062254e+00
-1.016844583280183834e+01 -1.218934369996546607e+01
6.073050911897283299e+00 1.019363200599339514e+01
2.551463436625058812e+00 3.275305258261370422e+00
1.023486626767696350e+01 3.940531866295482910e+00
7.210069088722667274e+00 4.022906006902626785e+00
-1.141296268934555691e+01 -1.692074091981529449e+01
9.292785877687810725e+00 3.785939183355937931e+00
2.765999111827345480e+00 2.738087231730302662e+00
-1.588683529999290656e+01 -9.558280951950806070e+00
3.705752443578395283e+00 -9.417870777668368998e-01
1.478423302732218758e+01 4.990052136597146415e+00
-5.606420465979123691e+00 -1.107247224131433327e+01
-9.463103221585610347e-01 1.212899341612271975e+01
-3.840078574327530525e+00 1.150167370906841668e+01
-9.505416134991953925e+00 -3.476817738610562980e+00
8.923471471281182232e+00 5.013344964616105237e+00
-3.607437703958129571e+00 -1.390625458785750190e+01
1.127170800469959744e+01 1.329265973456021044e+00
2.562114733283923917e-02 7.067310691853299964e+00
-1.430903934458359927e+01 -8.252675602469595972e+00
-2.351401017328672349e+00 1.160910469073605888e+01
1.697590040326548788e+01 6.614026890829747707e+00
-6.980555212188805925e+00 -8.810339031364730289e+00
-1.369235592418090341e+01 -6.841021887256196088e+00
3.646146186857150084e+00 1.118651502158908961e+01
-8.281192083211662336e+00 -1.279001275285875394e+01
-1.562779689639226888e+01 -6.884040101236397646e+00
3.817811003181899476e+00 8.217552779752319125e+00
8.538296225116612348e+00 1.364889321710449011e+01
-5.627279993122871193e-01 7.800045096269629497e+00
-1.008901137437597662e+01 -1.011105894459614873e+01
-9.100592922958824715e+00 -9.504658194576846242e+00
-1.076008028860128896e+01 -1.278479261205445816e+01
2.917701530939756704e+00 5.988180592326744822e+00
9.090936864106947013e+00 5.715551703146979357e+00
-7.793386819565413681e+00 -7.786915883432004470e+00
-1.460416159623824939e+01 -1.256903482998266597e+01
8.980093263256806679e+00 9.472914800260667789e+00
-9.116005626663277184e+00 -1.460146598788186623e+01
-1.375941952108464505e+01 -1.367882795325997769e+01
8.410114707647341703e+00 5.074430296291842363e-02
1.465371334996983599e+01 2.410656172666403307e+00
-1.675537488520128448e+01 -7.088979372232064868e+00
-1.150151257482362865e+01 -1.430970214565140530e+01
7.254465080915059261e+00 8.729871384979301041e+00
-1.404134288241665196e+01 -1.519322660420384530e+01
-4.108735525494070728e+00 9.697336825573369623e+00
-1.104672552880056102e+01 -1.065809893154181687e+01
-6.331350383844451812e+00 -8.068509019574332086e+00
-1.297360939196116547e+01 -9.812439022901925156e+00
-1.135834887387784065e+01 -5.900977271819990655e+00
-7.212700563098487727e+00 -3.575156776689585314e+00
-1.644583188518513595e+01 -1.349010449254898880e+01
1.163837188645202403e+01 7.970181548455956388e+00
-1.073145344607567608e+01 -7.593732257810227537e+00
-1.292935355499224848e+01 -1.150386176697242568e+01
-1.197349344622566747e+01 -7.138001306578407146e+00
-2.508706052406718179e+00 5.630643277973930161e+00
1.010668787736217711e+00 1.159617440198911176e+01
-3.466395740491714950e+00 -8.397698359831043291e+00
-1.422452215177115775e+01 -1.282526574203805403e+01
-7.001573572731503159e-01 6.355447131957102869e+00
6.395946995807349822e+00 8.934789376852103615e+00
7.094034962201105632e-01 5.636443744318476057e+00
-2.257569162456376066e+00 1.054598235836063935e+01
-1.611620042037608869e+01 -9.511299582421338883e+00
1.285639593877312947e+01 6.743783506225138780e+00
1.230359006974486391e+01 1.041529749204642030e+01
1.311118514495705689e+01 4.891110152129929389e+00
4.596071981102587856e+00 1.504319091132272845e+01
-7.592681013658328482e+00 -1.181656053871668277e+01
1.310230289239975932e+01 9.169905766730828134e+00
1.087296901587604836e+01 6.575747590265569542e+00
