2.426413646627220810e+00 -1.665072130092394431e+01
5.440385515105891301e+01 -2.684526654856571426e+01
7.999373822181182980e+00 2.146688091515878227e+01
3.580327368374810959e+01 1.180809793569500599e+01
1.994057354027344431e+01 2.277285707888396615e+01
-1.268647663024773919e+01 -5.296242320801158598e+01
-6.635291244647372366e+01 2.016933096996286068e+01
-4.903055353423868468e+01 -2.268259431514163982e+00
3.599025722775690639e+01 3.464042497669912279e+01
2.701990551040241684e+01 -4.551586147382360537e+01
-1.877429831369790847e+01 6.382429893524921738e+01
-6.412549082198780503e+00 4.962567794109109087e+01
1.784884760273644133e+01 -7.669761513939872088e+01
-1.233581166787145733e+01 -3.589340216109643222e+01
-2.499022128991222758e+01 -5.223259357919695134e+01
3.143644880729436863e+01 1.889964130174903545e+01
2.010219000870819528e+01 -4.129629130506672396e+01
2.275937417729398504e+00 2.824976901305936394e+01
-5.537992592406114767e+01 -4.656623281265481751e+01
-3.430216173430652304e+01 4.048285988121691048e+01
-3.697221558375880335e+01 5.945399653008588636e+00
-3.662178869822992766e+01 -1.275558729026752758e+01
4.026966720067936656e+00 -2.647719676801261102e+01
-1.382373297563579229e+01 3.123999045303746769e+01
-4.279613701729793007e+01 2.066946601141400564e+01
4.607616356538281721e+00 1.673201120305465039e+01
-2.047357670585548917e+01 1.629775263140588848e+01
1.199092088613511820e+01 -1.707330243235948330e+01
1.125597663363202550e+01 2.112948614184599005e+00
4.927240713361277358e+01 -6.004600298383126145e+00
-2.468465835477128056e+00 7.166322356436579000e+00
-5.976270824932026215e+00 -6.266046022583162767e+01
6.241106485027786732e+01 -5.852084233656176693e+00
3.917757635066240596e+01 -4.535914681782898583e+00
5.963306670760133432e-01 -6.706177475486205242e-02
3.983105228402471454e+01 5.389987924099370531e+01
-8.165476644049437738e+00 1.048692800009782466e+01
7.732803935883244151e+01 9.963952038951322976e+00
5.693698433506455814e+01 1.736621813181722374e+01
-2.088017853260220846e+01 7.930042347093490207e+00
-4.204336354661006681e+01 -1.616335781485409129e+01
-1.697944488131454577e+01 -2.217707335762951004e+01
4.523469651031643934e+01 2.267579067993784747e+01
1.919513951304450572e+00 -9.935793812105471190e+00
3.966810834458589596e+01 6.137838420356981572e+01
-6.891177471252775888e+01 1.239945545221770473e+00
5.008367997551771822e+01 5.792996708119665245e-02
1.700031683718709274e+01 3.007900201602694423e+01
-6.591072800609302895e+00 3.607940337281625176e+01
5.930713529199188372e+01 2.356969937264874915e+01
-3.018825594732989614e+01 -3.121786188032346843e+01
5.175708394306516169e+01 -4.002817305089079980e+01
-1.220018227914733444e+01 5.887284232009234314e-02
-9.202102292498608449e+00 -5.802610234678325263e+00
-8.329912711584004370e+00 -3.009596243231206003e+01
4.130951874500460264e+01 -1.704058744524281721e+01
-3.173830209791024259e+01 -2.626952135841481351e+00
1.131497083762190492e+00 -4.286940959090338765e+01
-2.407562298728980821e+01 2.467247300823768086e+01
1.784295484277688004e+01 8.415011864490919535e+00
-4.422850694248477765e+01 -2.816261695115600716e+01
-3.461022118814909732e+01 3.055626238529070449e+01
3.359595689928273998e+01 -3.208886523761631793e+01
-6.915254129224182122e+01 -2.166590377508285670e+01
5.060034369529102349e+01 -2.042992294153888722e+01
5.403062853556247269e+00 4.227589632799599428e+01
3.136153006853760861e+00 -3.356350968751868891e+01
1.939472917810523711e+01 -1.089446389851967112e+01
-1.290920196683822319e+01 2.440102748498525287e+01
1.994964804685992021e+01 5.911611211030316326e+01
2.467621857995179013e+01 -2.452948346332523855e+01
4.685068038157516668e+01 4.537151193729187781e+01
-2.380850433231780627e+01 5.431294459606328928e+01
3.100584923962420447e+01 6.468005434010214216e+00
-5.352890656283883430e+01 3.300634566967627137e+01
-5.273080443019194519e+01 -1.511382044353446652e+01
-6.524687495785321367e+00 2.042268627846149087e+01
-5.278995280852409877e+01 4.347808958181982320e+01
-3.679477421028883555e+01 -4.118791754105082248e+01
4.491117123772504982e+01 1.536254446329175671e+01
1.377977447227364216e+01 -5.089106690806864464e+01
-1.863905847268761562e+01 -3.775926293092035735e+01
-5.298349603921137430e+01 1.106481989452854542e+01
2.473400820350072848e+01 -3.786350350193295355e+00
1.569595195842884117e+01 4.493825832124552733e+01
-2.943516570378574215e+01 -6.339445219742046334e+01
9.604594968277224254e+00 -7.411786411765016069e+00
-2.001345025395010424e+01 -1.069814429536543798e+01
3.636905996631288218e+01 -5.685428301812741836e+01
-2.933089819293699207e+01 1.564000473409779879e+01
3.208667096781898209e+01 -1.489693143694996103e+01
3.228876187874368142e+00 6.560623746151838986e+01
-5.071283771745909519e+01 5.069890917696571364e+01
-8.698638410900599638e+00 -1.486461382798849407e+01
-1.914434630453095920e+01 3.981812449868987613e+01
1.510933581090931277e+01 -2.833738961905680398e+01
-2.870889014119665106e+01 -2.178315045194423050e+01
-2.251826950284111817e+01 -1.589321486033984066e+01
2.270923936159584500e+01 3.568631770048749985e+01
-2.193777751993962966e+01 -1.881984620127114427e+00
8.471154876328785832e+00 7.437546388459568725e+00
8.654719774670450505e+00 -5.923711566010222640e+01
