-3.069419610218240280e+01 9.399643053305373641e+00
2.142725113715734508e+01 -2.862322823889566337e+01
2.301069936724643838e+01 -2.549063170305462833e+01
-3.198513429450993328e+01 9.962698027931450540e+00
3.373378530578832368e+01 1.461701162065550186e+01
-2.359381207635533784e+01 6.824016188046307718e+00
2.084106585320548177e+01 -1.734388906538976372e+01
3.282584703101631618e+01 1.659492039999980406e+01
-3.285064337870475271e+01 8.904677421208878840e+00
2.979917567584913485e+01 -2.616460367467229986e+00
-4.649763338426323145e+01 -5.144903518529341468e+00
-2.760603042100863647e+01 -1.334676056300968749e+00
2.650153858662432427e+01 -3.240290416855070532e+01
1.743187998683709949e+01 -2.643592290882807561e+01
-2.632979889046463384e+01 8.969860881429092103e+00
3.183325011510352809e+01 2.147050625390156675e+00
2.736683028603067314e+01 1.153448898665714095e+00
-2.470523823476526815e+01 7.026889750575825211e+00
-4.132919207951397311e+01 -4.371182960468900092e+00
3.534876576189104469e+01 1.465157839736578316e+00
1.913159795497776727e+01 -2.258776863428118276e+01
2.142777069041549609e+01 -3.083694213149173180e+01
3.079583349081564947e+01 4.119549177000836337e+00
-4.698935665493370806e+01 -3.956121170408315901e+00
2.210026476341975865e+01 -1.742285515562166509e+01
2.956470601637974838e+01 7.871296373896064402e+00
-4.782973219188920666e+01 8.722358382857585690e-01
2.129956787162788245e+01 -8.411841562173369979e+00
2.188989589620237552e+01 -1.637401680000833792e+01
2.393159896235620820e+01 -3.540549513774018919e+01
2.362259613084655641e+01 -1.074185929464366396e+01
-4.564215757035264431e+01 1.570963367228474894e+01
-2.408459092179305117e+01 4.330319268952041334e+00
2.951001415208488865e+01 6.313267179021025965e-01
2.410765638260983934e+01 -2.895558044853353152e+01
-2.575547856452153539e+01 2.463970380434987728e+00
2.480535951396337779e+01 -3.082714082306298664e+01
3.197255768936722475e+01 1.385684934673454549e+01
3.625468336329350905e+01 1.078676758395115520e+01
2.771322719228756881e+01 -1.644981590262664284e+01
3.228901211081634415e+01 -1.772123363132015328e+01
-4.531332830135063006e+01 -1.639754327312750837e+00
2.300036862410801319e+01 -3.686129385140457071e+00
-1.827191283295733726e+01 2.977418820902693497e+00
-2.330491218890596272e+01 -2.636913244811212476e+00
-4.687218093104502259e+01 -7.104537354325889176e+00
-4.303974020308181281e+01 -8.498139577792570565e-01
2.960752619548465958e+01 -1.295152329971489102e+01
-4.782689627729381954e+01 1.747399837496589114e+01
2.588723095903172933e+01 -3.031997676000272701e+00
2.739987180188444071e+01 -1.104169254635103847e+01
-3.411919249912408958e+01 1.791450763192647511e+00
-3.765407118943847564e+01 1.488476532978390887e+00
-2.355594058999016127e+01 1.433386027123017437e+00
-2.615520141765704309e+01 1.054398521272942535e+00
3.696145983377748934e+01 2.564994093808660391e+00
3.678470278390218340e+01 1.303572240162646168e+01
2.826305130073459537e+01 2.338798016135822611e+00
2.359140521540012969e+01 -2.790496870460654577e+01
-3.272538794418844788e+01 1.152084733787242143e+01
2.698744150466944447e+01 -1.825549911094389799e+01
1.897884181055289332e+01 -3.250175268479356561e+01
1.780684535671616686e+01 -2.419798171715031998e+01
-3.628274846823844513e+01 1.006844589581062621e+01
2.587567990082254710e+01 1.394054006873267859e+00
-4.452486763810995285e+01 1.609710396136136312e+00
-4.480416501035251287e+01 3.099645638685736060e+00
-4.317390298630162704e+01 -3.282690366939291948e+00
4.034121777701911071e+01 1.087707527871457991e+01
3.843778009693821929e+01 9.365316789689993371e+00
2.137829506347374675e+01 -1.402344772794500116e+01
-2.347434552689789555e+01 2.880766930282461225e+00
-3.868879903767132333e+01 1.595070026781075434e+01
2.071705746967581518e+01 -2.252819101683921943e+01
-4.045873005435538516e+01 -3.862263252659687396e+00
-4.076133796156715761e+01 4.500202186174672825e+00
3.014643350834071356e+01 -9.016148623890160252e+00
1.727731961781619319e+01 -3.167389360545023891e+01
-3.592116414573389704e+01 1.432062491198897192e+01
4.179554655410100850e+01 1.050302523414844913e+01
3.903051320042762740e+01 1.986337263853582868e+01
3.776291567955043149e+01 1.652242688258813530e+01
-3.232580963131562157e+01 2.096702096184758091e+01
-2.290433065279128755e+01 1.915389007317712000e+01
3.966838969469274900e+01 2.094836190307720258e+01
4.325441794676825680e+01 1.686130577516702544e+01
3.317654276500622501e+01 -7.012529282322731206e+00
4.377386536191092148e+01 9.543748462310794878e+00
2.831378851215494308e+01 -2.258066946845852385e+01
2.154563340365093183e+01 -2.359529974410741815e+01
3.288517507682141172e+01 1.038256498987161791e+01
-3.160323694519535209e+01 2.052824914764157427e+01
-2.859630207311417038e+01 -3.146069978755285934e+00
4.359382413919430377e+01 1.275543195931564533e+01
-4.282504290406778580e+01 -6.183789683733189158e+00
-2.423499347201976661e+01 1.383580069986255978e+01
2.921884275387646568e+01 -1.000962664597002494e+01
1.753288054552785269e+01 -3.019229955299374879e+01
-2.742573499587416208e+01 2.037580035931986444e+01
3.365956458922030237e+01 1.614747120860040042e+01
2.534183622252927037e+01 -2.630622118861813874e+01
-2.957201547501033545e+01 1.027934374362596337e+01
2.445108737407604949e+01 -6.680177452140284799e+00
-2.282870316296250124e+01 7.303290459282584024e+00
-2.825315728569508877e+01 4.672950199014193728e+00
-2.207613364294681801e+01 2.477601775911100201e+00
-2.863795559956098558e+01 -5.165880292962826914e+00
-2.964746167972428381e+01 1.133867596840876857e+01
2.647231401048167854e+01 7.418962520579539976e+00
2.321918280751088659e+01 -1.741387661457461533e+01
-2.867932116774447948e+01 1.117088426976679827e+01
3.403008727836373026e+01 7.366841844526358152e+00
-3.374116388179703563e+01 1.211965820792138260e+01
2.126889784028376340e+01 -1.464238324999297269e+01
3.456759186183364818e+01 9.769513933691893470e+00
-2.326004625184891594e+01 1.644201057722750292e+01
-3.617902664111715438e+01 1.680631201216387893e+01
-3.278619386647150691e+01 1.537580845375488892e+01
-2.857375015486778125e+01 1.908635232741929855e+01
3.859408742732870934e+01 1.300759942599293240e+01
2.941654090007559219e+01 5.639981257032603779e+00
-2.208538304805564323e+01 5.193149613065108028e+00
3.831579105571281474e+01 1.063995137886849562e+01
2.777451267305771410e+01 -2.712544434370229496e+01
-3.250480378786121349e+01 1.587407487400898631e+01
3.545047496811886134e+01 1.040247506635772545e+01
-3.624089371254169833e+01 1.374174220232297472e+01
-4.417754024462647777e+01 8.068387174279047613e+00
3.039480638272900492e+01 6.706790694425684762e+00
4.150882574340528208e+01 1.830885548819652442e+01
-2.558776344607458242e+01 1.801333591439041371e+01
3.199678066953535804e+01 7.475756680167064516e+00
-2.618767081456177337e+01 1.171863184287096793e+01
-2.974974858181363402e+01 1.510106775839584436e+01
-2.473960063014397548e+01 1.374263998975773404e+01
2.211403187594330078e+01 -3.345241988408135114e+01
3.795827374136237609e+01 1.162207505154980325e+01
-4.258137000151696583e+01 -6.625250239430810595e+00
-2.421055763984973552e+01 1.803482183891510360e+01
3.939929951828987242e+01 1.408429263187841940e+01
3.567334735607774121e+01 1.252006782697108633e+01
-2.646485762782676332e+01 1.614019811440163465e+01
3.919198089660436324e+01 1.652205902267988691e+01
-2.014922514624297989e+01 -1.288286744048979360e+00
3.759828784288069414e+01 1.441525098284493644e+01
3.616205011254093193e+01 8.600148266299445510e+00
-2.872896443143422474e+01 1.817348860139136235e+01
2.158289726872413894e+01 -3.195941072421559426e+01
-2.453154038546748339e+01 1.625134896922502037e+01
1.599367991436070646e+01 -2.074522617289167670e+01
-4.302959545412124243e+01 -7.501406726081428111e+00
4.155439867567223899e+01 1.189508788279936624e+01
-2.419225279598963141e+01 1.877140135324784609e+01
-1.961523599365949266e+01 -1.734767894686967127e+00
4.076896089182925920e+01 1.511280157408589275e+01
2.605149043030059630e+01 -7.706864542165830834e+00
4.263148756705542297e+01 9.452101077580175925e+00
-4.581658737931148551e+01 -4.183264651446807925e+00
-3.019573266550125723e+01 1.765995285362879130e+01
2.795785102052997928e+01 1.449619116590621815e+01
-4.016200273080549010e+01 -2.555050018779136956e+00
3.225717004924378273e+01 -9.878845376349966401e+00
-3.137367328720030812e+01 -5.958409548829090241e+00
3.852440914533569583e+01 1.220238368961799935e+01
2.674474555152846733e+01 -1.742912134145239378e+01
4.001490653523146790e+01 1.791603112515748819e+01
-2.754499456320057149e+01 -3.609406280064725081e+00
-4.581262330241663250e+01 5.573569744755991984e+00
3.647429913385398237e+01 -5.896693599166233923e+00
1.705699933542613778e+01 -1.864577270712982582e+01
4.086700421274149164e+01 6.829196334520431400e+00
-4.056989245217569362e+01 1.297743821397467023e+01
-3.289963582452482882e+01 1.423541086692952007e+01
4.129354934667451005e+01 1.369975915039671044e+01
2.155341561316686594e+01 -5.763651166655241909e+00
-3.101869817759297732e+01 -5.308013342520837341e+00
2.209787781793173522e+01 9.423339852548294759e-01
-3.335648328214983138e+01 -3.668702922651208453e+00
-1.972774558273548706e+01 1.224827029168555903e+00
3.299351098381028180e+01 -1.076449463544290808e+01
-2.770286202391050878e+01 1.423062643451613063e+01
2.657391635625041459e+01 -2.412662428427185191e+01
-2.344250916391624884e+01 9.088984857517727889e+00
2.774617140371280399e+01 -9.694834982758920860e-01
2.598183582170297257e+01 -1.274536037387398224e+01
2.588579412199388230e+01 7.750115719340409548e+00
2.877592494188291283e+01 -1.417967861465664292e+01
2.951178808873666171e+01 -2.201217382008517731e+01
2.366155414138683000e+01 -2.058208553926105822e+01
2.307964296041859242e+01 4.664697954230587307e+00
-2.159347297319455450e+01 3.215087106532603212e+00
-5.159541372621402644e+01 6.241227274697142668e+00
3.280821069086802311e+01 3.659464999127281515e-01
-3.445343306522496363e+01 2.285729961270549992e+01
-2.228461377263867860e+01 1.079468090311670458e+01
-3.938234093484981457e+01 1.918647023727576695e+01
2.605666932371397593e+01 4.446745057511332533e+00
-3.721024678342635639e+01 7.490989605439877685e+00
-4.770939598516794433e+01 7.094521015996314794e+00
2.361286352735168848e+01 6.065829242037033886e+00
-3.649663226500744884e+01 8.267066967439655301e+00
-3.439059903280769248e+01 3.974106725738046908e+00
3.121951784501534988e+01 -2.131478560669815892e+01
-2.227906535302035351e+01 8.544689941017756141e+00
-4.911036460076631727e+01 4.229442696634145626e+00
-2.166897481037597117e+01 8.248955304530969812e+00
-3.083763692284171398e+01 2.001793494631921178e+01
3.582400630661663143e+01 1.478169342763955818e+01
-2.402102325449860132e+01 2.003773368026652335e+01
-2.949211880834507937e+01 1.983517786135145400e+01
3.406457575612949995e+01 -2.308307852868033638e+00
2.253877504640487928e+01 -2.061205231688967388e+01
2.236049445599077501e+01 -2.976928506224011173e+01
-2.830604640181178411e+01 -4.148181502325904546e+00
2.356109177154376511e+01 -7.871470444861459193e+00
2.834738273658135910e+01 1.422687584335952593e+01
-3.297740439131558077e+01 1.825700237547437865e+01
4.079832934464715066e+01 5.327785570609893995e+00
-3.431991055990226158e+01 8.484644623672966901e+00
2.945569395573278726e+01 -3.806967368859494716e+00
4.077500601446082129e+01 9.066785059514442580e+00
-3.459545483186464310e+01 2.250919675490850835e+01
-2.846825397498857413e+01 1.485145579270064431e+01
3.599622669933194885e+01 1.656429495535864493e+00
3.971353530814364063e+01 1.274007457412087874e+01
2.441006912779864635e+01 -1.612973821994962265e+01
-4.593410166141357820e+01 4.980738258615469150e+00
-4.028673473039614095e+01 -4.162361100368134004e+00
1.964305908841888382e+01 -3.018365749358233785e+01
2.261992550793224410e+01 -2.774329913212767096e+01
3.650090755010231192e+01 5.792566226135579477e+00
-4.839991361492636202e+01 4.154737332419948803e-01
-4.416259221635042564e+01 -4.931762705958578685e+00
3.068493526478198419e+01 1.074398430299199703e+01
-2.593448865412691617e+01 -4.149940786425046824e+00
-2.932142725877476153e+01 8.828281600065867707e+00
-2.826065046948822612e+01 4.147045950681670590e+00
3.018364028776161234e+01 -1.190284636913654914e+01
-3.870813705114349546e+01 1.321382467349704015e+01
3.035327000540386777e+01 2.148357713869973873e-01
2.369566229993880313e+01 -2.008531826280395904e+01
-5.061887649022052216e+01 6.196067797817826239e+00
3.284721010399164243e+01 -5.121030729402594517e+00
1.929050828903156045e+01 -2.377496905769004698e+01
2.679856058712959310e+01 -6.716072242639373968e+00
-4.082008757175338332e+01 5.060373377910959647e+00
3.104154156006475418e+01 -6.033487997432307459e+00
2.363546878015212016e+01 -3.433546816178818517e+01
-3.671993394501185293e+01 1.953342612744096130e+01
3.342260359089128485e+01 -1.380532356822987916e+00
3.450599991698832980e+01 -1.786245877592208542e-01
-3.679344479718510996e+01 -1.333416481558404421e+00
2.345674748706092672e+01 -3.006736037923896632e+01
2.420668907145373083e+01 -8.363211818274830733e+00
2.183990877904508210e+01 -2.356087562555585535e+01
-4.111670529887363301e+01 9.239162804479354563e+00
3.151570476742547555e+01 -2.099396357534105029e+00
-3.336190817679369758e+01 4.393661152699444017e+00
2.529299641804903942e+01 -2.722786676648977178e+01
2.005650866677644117e+01 -2.533166586004877985e+01
2.584486781270672040e+01 -6.066582525012672811e+00
-4.882926591580292808e+01 3.519412454360409281e+00
-4.537665054995355973e+01 1.140506492699198127e+00
-4.263381218301439191e+01 2.378595776287782293e+00
-3.485709601359606324e+01 -4.704364852910221551e+00
-4.155850268138870973e+01 1.126162257812599421e+01
1.925013560022194881e+01 -2.922822349569715428e+01
2.726667871085758321e+01 -4.346736086772059693e+00
-2.270791532405695889e+01 -1.139740691913228687e+00
-4.564176111104808342e+01 1.593811420223433828e+01
-4.848400656542954579e+01 -8.120960037506349538e-01
3.044452131824454000e+01 -7.446245475416641391e+00
3.816841941460069876e+01 7.645986509592198388e+00
-4.128076213003581785e+01 1.207611980224810999e+01
-3.736560675229274153e+01 4.739687730183136161e+00
3.346205366794508507e+01 2.667433314397096744e+00
-3.293859708090806038e+01 5.599727851059795647e+00
2.467073880121792229e+01 -2.824058928102504851e+01
3.595055704796551055e+01 1.788582564812790565e+01
-4.891951730847260649e+01 6.123703999634502182e+00
-3.212081433334925862e+01 6.127913698650361951e+00
-1.947640611302970370e+01 2.748456002651669561e+00
2.646091674989492404e+01 5.518564610623547750e+00
-4.857137296519636749e+01 1.801784410799668379e+01
-3.918794139094578810e+01 8.730380302393237812e+00
1.905373379618757212e+01 -2.092201724248666395e+01
-3.367259977803851712e+01 1.974759238035507636e+01
-3.169507150917607419e+01 3.850376642302400843e+00
2.821849041859126928e+01 -6.310450167369793029e+00
-3.922255201771762501e+01 4.449792472951615174e+00
-3.789975234702506413e+01 6.745720323135313556e+00
1.884010415879685496e+01 -2.743537862665189664e+01
1.935355459242543930e+01 -1.674671120035249317e+01
2.609011954960521962e+01 3.715018610700837165e+00
2.407589022738500617e+01 -3.291200757717570724e+01
3.211515202449525930e+01 5.094996899207505869e+00
3.118531228609454686e+01 1.058645344760355433e+00
-3.733645446480932861e+01 5.970114390060841103e+00
-2.802023994460710199e+01 5.945901566345976441e+00
-2.924894202133086196e+01 8.426026179817037942e+00
2.947819174176204271e+01 -7.402582975259318410e+00
-4.194476200105070518e+01 7.977685146860920895e+00
1.705079341866665033e+01 -1.965520871209733045e+01
-4.410774225390140657e+01 4.830652887981888632e+00
-2.949915481855284227e+01 2.613563850453195503e+00
3.124777374539550578e+01 1.715465613703914372e+01
-3.263378891664498838e+01 -4.211027290801770739e+00
-3.114868571034701006e+01 1.201368903277093025e+01
2.980316807428511794e+01 -5.665869087011366823e+00
3.041648357682563386e+01 5.753241226133356534e+00
-2.668283083169123771e+01 6.694519957855625591e+00
-4.177644379794354990e+01 2.053793122300711982e+00
2.512891342268866879e+01 -1.443139972856194397e+01
2.513955794396515131e+01 -4.947816576606823169e+00
1.973643556995836690e+01 -1.994599015940047337e+01
-3.293428636556225797e+01 1.505798395006424428e+00
-4.362642361518986434e+01 2.292229222008943246e-01
2.088442731224095184e+01 -1.928114064274020123e+01
2.739730005889252951e+01 -2.900580876206036152e+01
-2.308128411117849055e+01 -1.911411419451358951e+00
2.078309913586321400e+01 -2.092147689315189041e+01
2.659274815977390460e+01 -1.319876078603737390e+01
-2.928224079791602819e+01 2.272709907530915618e+00
-4.175363066595531336e+01 6.140079431486223926e-01
2.523571611669899895e+01 -2.115422361811453911e+01
-4.434507017741757551e+01 -1.064948107806443778e+00
-4.017542656046756377e+01 7.214433595567114610e-01
-4.312576345021650326e+01 1.741982850867539456e+00
3.132972601033311477e+01 -8.045743927545675689e+00
2.545095031978576827e+01 -1.869548488835198441e+01
2.321657044388854629e+01 -3.181547773703340454e+01
-5.034202955073468644e+01 5.362739880474661547e+00
-3.156979984750713442e+01 2.663470001885143823e+00
3.489722654957640913e+01 8.586753855842244931e+00
2.331634460313243906e+01 -2.284874558916103382e+01
-4.881333093628025210e+01 1.818989828724027191e+01
-3.900429315023732357e+01 1.867205238025619352e+01
4.111851889064033116e+01 1.720079716426743843e+01
2.700329333634780582e+01 -8.498451960684237250e+00
2.557359930382327917e+01 -2.329517423760312411e+01
2.102648914888393961e+01 -2.699784887982369952e+01
2.296356007987319359e+01 -4.331116368547519357e+00
4.268750314566489124e+01 1.957509542831694915e+01
-3.473207044119296683e+01 1.968358250999747483e+01
-4.375231036339021529e+01 1.099540717382906685e+01
2.829064393509450070e+01 -3.283874049483647894e+01
-3.426554403372571045e+01 1.599848129411903308e+01
4.244616653152370844e+01 1.675390672994188890e+01
4.122702123883576064e+01 2.036173151635569667e+01
3.813260530386448011e+01 -3.413505814933859850e-01
3.376405705187783468e+01 1.207813431194941245e+01
-2.071843840729134456e+01 3.703345837519369521e-01
3.325650645369884018e+01 8.752408980452575094e+00
-3.154881469483243706e+01 1.640230613252163039e+01
1.804204673911375423e+01 -1.554552792153113927e+01
3.379892408497520506e+01 6.022127828487948698e+00
3.716572023842014971e+01 1.725812445904260173e+01
