-3.043814638535636163e+01 1.912524664628096005e+00
2.571299673269161801e+01 1.367793661806746819e+01
-3.269035489994522692e+01 1.793772397551210318e+00
2.481597261665020326e+01 -2.103903723150037663e+01
2.765349641436541361e+01 7.148684416823829935e+00
2.074731857276174551e+01 -2.135410138479292996e+01
-3.121132155536025010e+01 7.076606352006623801e+00
2.955520487821689457e+01 -7.146369631866992478e+00
-2.876077022438231268e+01 2.224326032848644275e+01
3.172049670163947255e+01 1.627577545891453425e+01
2.872460276433550419e+01 1.258140429299293928e+01
2.798987500450961718e+01 -1.004281176172226786e+01
2.316693681283394923e+01 -1.359042609294636605e+01
-2.512121552517754708e+01 4.903854774647317782e+00
-2.687386354986265502e+01 1.572772245581725592e+01
2.586632667922509299e+01 -1.407845450845123558e+01
2.928927660973144143e+01 1.128989755575281073e+01
1.859111015429995106e+01 -1.563056176513439510e+01
3.015074050019191532e+01 7.268018351069338578e+00
1.659876995776814823e+01 -1.954268673946610591e+01
-2.789750609460200437e+01 1.887784159223807734e+01
2.818471364079406172e+01 9.885503891968128176e-02
2.303762749655620468e+01 1.933916175488286626e+01
2.956679615491319169e+01 4.161704488276392055e+00
-4.160426863354781801e+01 8.010582903017123613e+00
-2.482258156631559132e+01 3.760767122269947471e+00
2.311682148404973702e+01 -1.206374766046278602e+01
-2.693286766545527300e+01 2.635146616868322411e+00
1.803142603868256444e+01 -2.205635273387748541e+01
1.594606404403367428e+01 -9.215914604009554978e+00
-3.014589325056793712e+01 2.034428661273272709e+01
2.300502043157718290e+01 -3.585519229021282950e+00
-1.733349334424942967e+01 2.119035577177781349e+00
-2.257060647722743241e+01 4.403264095799714894e+00
-2.884360194519771881e+01 2.311184489586808866e+01
-2.925809597531314665e+01 2.062171010874781629e+01
2.152016269805405102e+01 -2.367017308250290775e+00
2.373811800361178825e+01 -6.389469657816732706e+00
2.621271682238440448e+01 1.467670837672929052e+00
-2.937569926151200761e+01 1.077496945212419810e+01
-2.317680106268644380e+01 1.772547685317318766e+01
-2.410271772351492103e+01 2.978512730026259270e+00
-2.738693611540178452e+01 3.663766453004193568e+00
2.181530405541905537e+01 -1.916859045277116991e+01
2.193366107089746109e+01 -1.324131754798190030e+01
2.684226819175650292e+01 1.774879917850716282e+01
-2.978395045076994307e+01 4.691298658713979997e+00
3.008991814340117443e+01 1.279329072505751341e+01
3.170510482654534457e+01 1.134568125665452420e+01
-3.387395579117965383e+01 7.197512015400854501e+00
-2.938325354955294344e+01 1.756169722995975846e+01
-2.596159506247739657e+01 1.830240109411093030e+01
1.782029628212762162e+01 -2.424991854253867629e+01
1.816962113382254174e+01 -2.077166820525573598e+01
2.537646071409016457e+01 8.935172064440669359e+00
-3.988015393654006147e+01 5.453408466542700062e+00
3.008918995853558798e+01 8.992547544821734462e+00
-2.792585055779683501e+01 1.546477763232290137e+01
-3.423802597645299528e+01 1.388640023917413835e+01
2.687211173970095501e+01 -3.889359748584980903e+00
2.292031925590355712e+01 1.219650593417951612e+01
-3.870343352186566932e+01 2.980553028851764097e+00
2.184261688508417620e+01 -2.631005529037896196e+01
2.424167614079348709e+01 -2.698140293336316375e+01
-3.604679217728189400e+01 -5.639897541249183632e+00
2.883415439939383162e+01 -3.046667292461603083e+01
2.724686820729075265e+01 -2.960444091496791330e+01
2.613064136878283961e+01 -6.974877534902018006e+00
2.111986501966578089e+01 -2.716462685721784354e+01
2.381157688805162920e+01 6.686179774825055766e+00
3.321653200166876019e+01 8.902584543345421153e+00
2.450652268035088710e+01 -1.986727761929212832e+01
-3.926580220561287859e+01 7.124326212413500947e-01
-1.971974266725901614e+01 1.108502463351485190e+01
2.414103693591122379e+01 -2.513113035277508445e+01
2.759581600142922397e+01 -1.619376640745506579e+00
2.649305350745538945e+01 1.440343097780636938e+01
-3.822102849028279081e+01 -2.937283207765309268e+00
2.616371433353196352e+01 -2.669635064593507678e+01
2.777603532596703317e+01 1.566624351255258496e+01
-3.160077158917356144e+01 2.570142607053225614e+00
-2.568371014518463369e+01 8.692704963575027532e-01
-2.326508665380466567e+01 8.707922088212939116e+00
-2.329802488594054566e+01 1.105303389093514221e+00
-1.985307887988669506e+01 1.170101460245254010e+01
-3.374627396527448298e+01 2.411181638926020554e+00
2.195569164624945202e+01 -1.609818321037482747e+01
3.191682325837642153e+01 7.688475776777107917e+00
1.814904277236206909e+01 -1.645806310326868527e+01
-3.841799325252701180e+01 1.535032465973378724e+00
-4.093632866811158522e+01 4.327285244597460334e+00
-3.612913631802270942e+01 1.605877662503413905e+00
-3.740067268621402974e+01 -1.844817878240047726e+00
2.395662933197906952e+01 -2.368496722613872763e+01
1.933589141520927512e+01 -2.326365404169185069e+01
2.528869040805868806e+01 1.608568595574311644e+01
-3.636785045742669098e+01 1.366298034387276594e+00
-3.615438330420953861e+01 3.410446121452136214e+00
1.655935100868170551e+01 -1.625110818304033700e+01
2.601510739628978541e+01 -3.062888466402132082e+01
-3.674311371859112541e+01 -3.884243521782954289e+00
1.706109365747406059e+01 -1.559274724177930871e+01
-3.446547089591023649e+01 -2.414458233372277718e+00
1.940384764290613262e+01 -2.019521679961502159e+01
-2.557650515898571442e+01 2.014908522392600787e+01
2.474097179782836164e+01 -2.406182379231154655e+01
1.975465019259924304e+01 -2.259020223658153270e+01
2.362218938068903640e+01 -2.693911024301502266e+01
-1.922385955435925453e+01 4.942546762844547636e+00
1.960727950892748339e+01 -2.547891929461705374e+01
-3.635439977866288785e+01 -1.685107452771149372e+00
-3.582992200058421162e+01 -4.926463928122307934e+00
3.126822795617380990e+01 1.371899828617045891e+01
-1.963184464748488978e+01 5.020683655492343966e+00
2.322210353993167331e+01 -2.897749377291484052e+01
2.446923432165813850e+01 -2.023263566767286914e+00
2.665004662173065242e+01 -1.826033783725269899e+01
-2.899746333669301634e+01 1.571555877554680514e+01
2.432622590542759156e+01 7.362232837927495943e-01
-2.027808313795160799e+01 1.362731044955150672e+01
2.379723081729751399e+01 -2.218762596472761217e+01
2.588894206527305641e+01 -2.945222168052696787e+01
-3.083370380589486714e+01 1.375523659955369027e+01
2.722468637198424091e+01 -1.538001809019174004e+01
2.570849032062608686e+01 1.010517157525435650e+01
2.107012081311957274e+01 -2.610520942895480090e+01
-3.650122204305581874e+01 4.608964085382149634e+00
2.162289104866058054e+01 -2.424248672118612902e+01
2.899277210209289279e+01 7.814521104159785070e-01
-2.238384745279977750e+01 1.323882513017514384e+01
2.237679129770343422e+01 1.566025495362517450e+00
-2.444066456398635623e+01 1.340966380709942740e+01
-1.791878099690867643e+01 1.764003333609026836e+00
2.215222652106976753e+01 -7.940039833480937448e-01
2.194911271298416366e+01 -5.835939747080403528e+00
2.048687211201874803e+01 -1.389646685838795115e+01
2.451270295884152262e+01 6.840466128988189176e+00
1.746270375136559494e+01 -1.177105374921196201e+01
-2.451470074326681470e+01 7.639554723688196658e-01
-3.561204973506063709e+01 2.052687394117056030e+01
2.922210909418703650e+01 -9.105394704290107555e+00
-3.803337008875643477e+01 1.256628252427725911e+01
1.679156170548116833e+01 -1.008619348986453090e+01
-3.341394138660984936e+01 8.592774072320093381e+00
1.777485922637064064e+01 -1.325633119752271405e+01
-3.314903979402776457e+01 7.031446446787074755e+00
1.839488228343306631e+01 -1.051835770980124884e+01
-3.308120550855631592e+01 2.015245003828151482e+01
-2.490874206770649835e+01 -5.986428811811074224e-01
-3.915747103230420834e+01 2.370335420134668247e-01
1.622434903680031937e+01 -2.219091670797382321e+01
-3.863480616516509514e+01 -1.245664376035160226e+00
2.547323489116982742e+01 1.129545362091453775e+01
2.535271194901731562e+01 1.883584587418323508e+01
-4.053243139198130507e+01 -9.371516643592767704e-01
1.719342555006568674e+01 -2.696512343064136985e+01
-3.267970363504609566e+01 5.740222418584128405e+00
2.797757389951861384e+01 -5.560613429139373842e+00
2.203804228361462947e+01 -1.673924675576436982e+01
-4.188804069044131495e+01 6.104083360257517299e-01
2.590089042544795817e+01 -1.899472472579555671e+01
2.321534101248681381e+01 -2.451393618886159231e+01
3.174857746612843457e+01 6.724163550337939554e+00
-3.046430893420169994e+01 1.471968210058319393e+01
2.722206395599699036e+01 1.631186853764894451e+01
-2.530829099783334613e+01 1.631191005181442577e+01
2.586776782855440970e+01 -2.174047452262187363e+01
-1.811634832318706501e+01 6.397698664862096152e+00
-2.873062740159449646e+01 2.850629647521421006e+00
-2.387707940338859203e+01 8.958985303304974224e+00
2.482609507188668374e+01 1.242362365578981498e+00
-3.792498240854551739e+01 5.754603241932954916e+00
2.740592730302021351e+01 1.035872592761013600e+01
-3.472238907318219248e+01 2.014959640752449488e+01
2.611822499633725059e+01 -8.754486592355027241e+00
3.102712740678450842e+01 1.131551099442029695e+01
2.605189317667582927e+01 -2.370360758772154686e+00
-3.443642985274371426e+01 1.356375233943557745e+01
2.517479052067539769e+01 -8.340011103341765875e+00
2.558947237059044255e+01 -1.233609117971428049e+01
2.523460741433034116e+01 -1.198524115279557378e+01
2.585643392428028875e+01 1.724173580526789706e+01
3.297928687682031068e+01 9.383320141282796456e+00
-3.700227789868500849e+01 9.056334997089269478e+00
-2.821735205585270023e+01 8.098613247010117533e+00
2.738892605156399895e+01 -8.052974898595262943e+00
-2.891906723601259088e+01 1.818086221342333531e+01
-2.494309138010529026e+01 1.503414773054515230e+01
-3.795588087916407716e+01 7.706328080491037902e+00
2.792427892880287388e+01 1.896091419343558471e+01
2.569706407996375574e+01 -5.893428892935137497e+00
-2.153001141485056280e+01 2.746945231433520984e+00
-4.156708300343891693e+01 7.817348071739582238e+00
2.701509025711487766e+01 -5.063917317669481832e+00
1.768762243232111686e+01 -2.727320784740873805e+01
-3.878269539140711686e+01 6.647122259067931083e+00
-3.686364078472328742e+01 1.356596697252001071e+01
2.738465998791117428e+01 -9.562771146459677851e+00
2.252471039775679174e+01 -2.915224143158840064e+01
-3.381715397545815449e+01 1.894714243503116435e+01
-2.890070289347322330e+01 7.846590699391123636e+00
-1.758602751064764291e+01 1.218802015061766220e+00
2.027538037699698492e+01 -1.294243139346518667e+01
-3.757650534846113288e+01 1.456689534401693464e+01
-3.258099414312825104e+01 2.211370482088682032e-01
2.700633395563200878e+01 1.290108903889191971e+01
-4.112072701301798361e+01 1.718003115611631326e+00
-2.743139517944937111e+01 6.643149346980083969e+00
2.571903655672231537e+01 -3.432880693565957264e-01
-3.576841136477919036e+01 1.320336878964470095e+01
-3.369842718367229395e+01 1.055570027032597480e+01
1.973453202436196818e+01 -1.178521553668522515e+01
2.392744088150782034e+01 1.888553628927738615e+01
2.017824391250261939e+01 -1.890012340037552008e+01
-3.398660087988410794e+01 1.109983302650340065e+01
-2.244231127508956902e+01 8.360292787562256578e+00
-2.909679115569183949e+01 2.716867961966691780e+00
-3.639317211356004123e+01 9.915142527414065654e+00
2.438322936498910565e+01 1.164244203742502393e+01
-3.003880774260135667e+01 1.276108085911281798e+01
-2.485682710660426764e+01 6.556849485588612581e+00
-2.323274699076341321e+01 1.313253104322683917e+01
-3.045838274932602729e+01 5.230423343460465446e+00
2.370900978798130510e+01 -8.213543490193353946e+00
-2.152111894370802858e+01 7.607129630558262967e+00
-3.219219463135142689e+01 1.637155859458339080e+01
2.663318587262372361e+01 6.847508823762931129e+00
2.359595963620084547e+01 -4.026641000502847234e+00
2.856787686961824235e+01 1.171078126988686030e+01
-2.603829891397546703e+01 1.046321940872440770e+01
2.767047701714626839e+01 6.117424474989047845e+00
2.977006169300037186e+01 1.697699522762089686e+01
-2.183499495804019475e+01 3.268460985733713908e+00
2.737949400548522760e+01 1.136261641893162277e+01
2.673784571743282967e+01 5.424944690644027290e+00
-2.507631750155816874e+01 7.112994825540305044e+00
-3.059955171083717573e+01 1.827356394758756863e+01
2.789780899805625580e+01 8.774271637017953651e+00
-2.821996617431980781e+01 1.771175242643926850e+01
2.765819306012637568e+01 -3.115279193121290646e+00
2.996352439420116553e+01 9.455019589440913919e+00
2.640779411633463170e+01 1.849622146609541318e+01
-3.377158906533509963e+01 2.017394734208759033e+01
1.918236477331588574e+01 -2.135870718231775101e+01
2.967014961680022367e+01 -4.352045301603222782e+00
2.274896877609302948e+01 -4.326450395564811480e+00
2.794401648112175351e+01 -2.856185741300351921e+01
-4.119181784662228551e+01 2.591876218387192399e+00
3.382925157309288977e+01 1.510933178349666228e+01
-3.744447164123963745e+01 2.421442796293856059e+00
2.613201586408644772e+01 -2.846731568724610995e+01
2.873701080416868336e+01 -2.976073515971057404e+01
2.051719616347169861e+01 -1.991129370777871088e+01
-3.605910572559682237e+01 -5.262505592547438438e-01
2.897938692119921811e+01 -1.264046878698596821e+01
