5.782267787369307577e+00 1.481377444039135050e+01
-1.747298892295305706e+01 -6.647089028242518793e+00
7.599389025603502823e+00 -1.393408014703067410e+00
1.066152830080358171e+01 1.562221052113497421e+01
5.946941579398811406e+00 7.742179134433797572e-01
-1.789376058164231154e+01 -1.284817632102677187e+01
4.625688236135899523e+00 2.962876040946720302e+00
8.104746379505806786e+00 1.092388783739290048e+01
1.191933936287568940e+01 2.235203081423465132e+00
1.676605600327701850e+01 -1.962245625449220876e+00
1.492221516315422214e+01 -7.601359489499552868e-01
1.542554486521971846e+01 4.995361716284715925e+00
1.575100581482383433e+01 1.033434430641504242e+01
1.312246360495761621e+01 -1.632539296984656385e+00
1.231571452743446038e+01 1.283219371505907880e+01
7.843573944166863043e+00 5.191793187586169367e+00
-1.274034238405929287e+01 -1.273100252416236866e-01
1.005433570579196534e+01 3.459654130901379965e+00
1.381679675735582791e+01 -5.068417871808573061e+00
-6.603601888175822054e+00 -9.795829369621570137e+00
-6.981996518401583529e+00 -5.637192960669791475e+00
1.024951638186948788e+00 1.660194662056118631e+01
-1.006752469630344038e+01 -1.193292645976930544e+01
1.566995313337757167e+01 3.923344064631550943e+00
1.237712936105067918e+01 5.252496828404752627e+00
8.968667562872251864e+00 1.030067388212913393e+01
-1.470666920331267669e+01 -1.124662700063256615e+01
-8.023921327341961174e+00 3.467417192842389806e+00
-7.545170237968191529e+00 2.484667036565253007e+00
3.217574793269748490e+00 6.299321051352477774e-01
3.045239091360009809e+00 1.046460635548888796e+01
-1.898872951685753563e+01 -3.624792456020316411e+00
1.970899940477452361e+01 -3.563998261196575701e+00
8.426486900132751146e+00 -7.340396274359200390e+00
5.749786074932812241e+00 6.805983838374569217e+00
-8.496822250220771977e+00 -1.268425082738105303e+01
1.174372676550894745e+01 9.358070271457670231e+00
5.031476330366820848e-01 1.019346559965077326e+01
-2.292322667440547335e+01 -7.081879804472080764e+00
1.765788681854901654e+01 -2.638773459645597175e+00
5.384815183793069338e+00 -2.355222393100000033e+00
1.736263894942709740e+01 -6.100319486594972140e+00
1.418469917445486495e+01 -7.762179774779028207e+00
1.161676696140719578e+01 -4.002851916205972138e+00
1.546119230959217639e+01 -1.126273746228792838e+00
-2.103542543543392895e+01 -9.807792563038997713e+00
6.001641320601095231e+00 1.251306208936871833e+01
2.115468535643369119e+00 1.653644910161645498e+01
-1.615557758891727502e+01 -8.679921412857760643e+00
-1.135562849924735396e+01 5.716227297491766057e-01
-7.519521298757914529e+00 4.923370757835987988e+00
-7.750868601174734529e+00 1.199574525695711991e+00
-1.673003192485113999e+01 -1.020354220606394158e+01
5.733134284064936637e+00 1.040930592410122202e+01
1.191337906672250035e+01 -3.345877457704026448e+00
-1.291589440386785981e+01 -8.842094118574618022e+00
-1.562044434255142811e+01 -4.894745336965884874e+00
1.042906164555492943e+01 -6.350831812453028746e+00
8.702680170943338567e+00 -3.539854398335410046e+00
-1.456030122107580915e+01 -5.576678587658244979e+00
-2.019438888481365879e+01 -4.992407784416747596e+00
1.554542528372356536e+01 -5.401246505755587179e+00
1.311128663969691210e+01 6.097673665996600434e+00
-1.487387135127550764e+01 -3.495045687416935998e+00
1.362668963599194605e+01 8.350232840159752534e-01
-1.014097690889319026e+01 3.967073747530534877e+00
7.515406970031007106e+00 -4.971542433265936367e+00
-1.272520538206028462e+01 -1.648872973417674803e+00
1.346832598214069776e+01 -7.183873198690545081e+00
-1.531712764177131625e+01 -6.855586396832832996e+00
-1.620806766839105251e+01 -3.385981337626962073e+00
4.549212283264431278e+00 1.626088139144892608e+01
-1.060937485593399465e+01 -2.303042485810121498e+00
1.100658076203710323e+01 -7.509837223569650000e+00
9.200539094617671054e+00 1.059658784072301296e+00
1.006041816543170597e+01 8.707440343860874066e+00
-4.567349787810812245e+00 -3.090594590172550671e+00
1.616628555891274743e+01 1.927347469802201507e+00
2.193262962908919089e+00 7.252682570328336631e+00
1.593431332847979931e+01 -4.218318041025915122e+00
-1.337082799291001045e+01 -7.938197627251059707e+00
1.180276096877547332e+01 1.163758849836517761e+01
1.204924679708096846e+01 6.358584904009139116e+00
1.119762596068105331e+01 4.240622652517754831e-01
1.388888990076246266e+01 -3.076459184726494822e+00
-2.040260699003880163e+01 -1.303593949604066937e+00
6.990285123073717521e+00 -4.061477771630861433e+00
1.335443964500490210e+01 3.524501948713109734e+00
-1.077843421396749690e+01 -5.096215057335172993e+00
-1.626077027114494555e+01 2.537900486015459478e+00
1.153278316993846353e+01 -6.192748576452168363e-01
-2.066758689118987746e+01 -1.085040632560254714e+01
9.672689382817091897e+00 1.539652698733434200e+01
4.369402566598723503e+00 1.207246581909812910e+01
-1.746175351027757117e+01 -1.414760289061891274e-01
8.509057386790260580e+00 -1.155710660588629368e+00
-1.959677616748253826e+01 -9.166263537056774879e+00
1.219776843958156221e+01 -5.771405870695844875e+00
7.789548630460832790e+00 1.362798830702665320e+01
-1.200137301034906834e+01 -1.170958537920536280e+01
5.251935423359376465e+00 1.336501671930126101e+01
1.029664806323169657e+01 -1.542668334666961183e+00
-1.581285771632905224e+01 2.017931746801457926e+00
-1.364539150624853647e+01 5.557953919017565303e-01
9.135856403298067363e+00 7.235116700362255848e+00
-1.346355504395691050e+01 -1.086098450326812248e+01
-1.117877569435528251e+01 -8.221607259010848878e+00
7.740317635183085798e+00 7.462047884340543114e+00
3.246570742892218586e+00 4.040217403549710262e+00
4.898976222579825901e+00 1.045897268585925133e+01
-6.738548991223912488e+00 -6.340709960737683559e+00
-1.451550998230018941e+01 -1.301839683203643361e+01
-1.195724251978094266e+01 -1.273487892262672538e+01
4.543196270046278684e+00 1.397408822927828709e+01
1.289286098480452836e+01 2.171286832087140350e+00
-1.080986579634708633e+01 -1.646031703249083122e+01
-8.097196928140402150e+00 -9.265009194048824170e+00
8.484889403263492724e+00 2.173255193830841758e+00
-8.950228902613037718e+00 -8.670801974008146118e+00
-1.944070187854252652e+01 -7.569039936309050809e+00
1.648114536605645952e+01 4.259328588750965761e-01
2.141075208050187584e+01 -1.026329149603321778e+00
-9.900584520852492076e+00 -3.707069131223723613e+00
-1.728888920446202704e+01 -5.568905708774302354e+00
1.030079737891608538e+01 5.335059193041474579e+00
-2.100450854096293085e+01 -4.863398470519309846e+00
4.488103874979832986e-01 1.176261736919140333e+01
-2.073096863829701419e+01 -1.503120350239429914e+00
-1.691439447522233763e+01 -9.196924177421092139e+00
-1.096751629905609349e+01 -1.605282354312976523e+01
-1.394400798728158719e+01 -2.214281485512855419e+00
-6.233153517927823906e+00 2.490991420217197660e+00
-1.142360300549705876e+01 -5.856372277485140998e+00
7.287162139804138405e+00 4.126503649278241426e+00
-1.795342157249384130e+01 4.549367029617080171e-01
-2.215556606979354370e+01 -2.909483853928043651e+00
-2.030710754714081645e+01 4.737355063813157852e-01
5.123506020066042055e+00 6.483289764736950289e+00
4.086460103765245933e+00 9.082585615264374468e+00
-1.171409890879159832e+01 -2.736146386667899222e+00
-9.802225885490539525e+00 -7.763619650033461106e+00
9.986230065220716767e+00 1.141062577138454692e+01
8.599891231090529331e+00 4.424442079961595553e+00
1.500103549880523879e+01 1.042205236645738076e+01
3.257860589613063684e+00 1.237491445292276104e+01
-8.868714175281018797e+00 -5.807421329715943159e+00
4.056597425792316081e+00 -4.059868855334096693e-01
1.521829510923622841e+01 6.065513801924407034e+00
9.385912935023329240e+00 -3.024413897717552313e+00
1.674082675101845297e+01 7.107823662363072614e+00
-2.205869589911365836e+01 -9.040097320248159818e+00
1.914589763580652004e+01 1.785626530129070577e+00
6.730959910526394196e+00 1.732110872081325192e+00
