-1.537349622124617277e+01 -2.305336986453233195e+01
-5.847931199636076549e+00 3.345806409100180900e+01
-1.925594596251865198e+01 -2.264336172055515917e+01
-2.333214470480490021e+01 -2.369663516580780893e+01
3.187472232045488951e+01 2.705118933042587059e+01
-4.152894279215865936e+01 -2.240903756870664232e+00
-1.510807768598714595e+01 6.322357140405638454e+00
1.961645121157762617e+01 2.628292584153214406e+01
-5.066966542564464326e+00 1.738260215562540267e+01
3.079387568231800998e+01 4.145855022158774261e+01
-3.725924378698773864e+01 -4.428452667868994219e-02
2.303554543866475512e+01 -3.656267042226068043e+01
3.154404247306684894e+01 4.542140215611094334e+01
-2.512517596954869958e+01 -1.996450821082556359e+01
2.261982069925043604e+01 2.978527445027465959e+01
-3.399551013441784164e+01 -4.561571572194554669e+00
2.866886012797216665e+01 4.025072373175677143e+01
-1.741304180834364601e+01 -2.619100114173506100e+01
-3.264697079729697293e+01 -2.299531730658780138e+00
-5.652631672609812613e-02 2.989318502477105355e+01
-9.336040477087358624e+00 3.574952962061502859e+01
3.265679489343801123e+01 3.516187691607357380e+01
1.329766223241869483e+01 1.525228450232488697e+01
3.068427677830599265e+01 2.769600609135452274e+01
-1.302669528096841722e-01 -1.318845058404794601e+00
-2.681194956113535355e+01 -1.127950972205691293e+01
-7.437331238580734194e+00 -2.924833258482404119e+01
-2.009472530694048586e+01 2.091025252530329936e+01
-1.650399204814292986e+01 2.779144018586497467e+01
6.070606399994687985e-01 -2.347551139123100583e+01
-7.436802789385760448e+00 3.463900250034100736e+01
-2.009878842991397363e+01 -1.323009254908603793e+01
-6.834636783407597171e+00 3.666683962680536268e+01
2.284396656014950366e+01 3.769150625714049596e+01
1.489800371497286946e+01 -1.212258531108065540e+01
-1.684887714604177233e+01 -2.447228782730661578e+01
-6.156195827846530300e+00 3.591766167212293936e+01
2.238961624903681624e+01 4.093681292683460526e+01
4.419971788729029072e+00 6.739974663906041386e+00
2.147784760941923921e+01 -3.489844302681423471e+01
-2.630505014851034673e+01 -5.601320165987865529e+00
2.025808486252249097e+01 3.484479387970534958e+01
-1.505163598036260542e+00 2.789173779422779376e+01
1.944609775983496647e+01 3.542672140558887683e+00
4.520417925240762358e+00 -4.294406649824745159e+01
2.560481297387773481e+01 -1.436699753118897149e+01
-2.944082292374401533e+01 -4.260659227447368025e+00
-2.788919671157722391e+01 -1.244571743576805112e+01
1.170039164746010485e+01 -4.314793800006628288e+01
5.503150226092451192e+00 -4.398034247050512846e+01
-6.073206737093760132e+00 3.098623743807481290e+01
3.831862897472550600e+00 -4.385100638300872333e+01
2.583688795532920324e+01 3.681557854787926942e+01
2.889628345367063744e+01 2.887476259666746259e+01
1.791449447039294185e+01 4.911500239836123605e+00
1.516681781419737618e+01 -3.874762004513178937e+01
1.754561827133424146e+01 2.954070927978926786e+00
2.121153583548640142e+01 3.859751621159652046e+01
1.399611679241905549e+00 2.620271134404930535e+01
-6.164695165996919357e+00 1.834438763595812460e+01
1.655026114936521253e+01 4.351528254847544019e+00
-3.805395595122896424e+01 -1.736029256771689733e+00
1.808279740860440354e-01 -3.396616489449493059e+01
6.404307121315406803e+00 -4.070463500033419280e+01
5.677807703326111621e+00 -3.440895107798372976e+01
2.113272045386644038e+00 -2.995425075598898257e+00
1.508093203711455610e+00 -4.237538585725204854e+01
1.614762430387274605e+01 8.064440580066770892e+00
-2.367395700755958998e+01 -2.165755339982239391e+01
-1.856506740240570252e+01 2.671329305708930590e+01
-3.980314424071976021e+01 2.684763252711031001e+00
-2.504857450366719718e+01 -1.280260674645294294e+01
-5.045777790767653759e-01 -3.551739501331161364e+01
3.454266364272632117e+00 -4.145532571074222972e+01
1.221174313109123588e+01 -3.254501538651257420e+01
9.185726359306075395e+00 -3.754585652530338535e+01
-4.134123566734684374e+01 1.996473180118091717e+00
-3.998686339940061885e+01 1.298473986696876192e+00
3.634448898640773251e+01 2.963351022184363970e+01
-2.208275193193123087e+01 -2.715049753260588972e+01
2.329592237250269804e+01 4.642323568558531122e+00
-2.096257038154308461e+01 -1.967325358158673154e+01
-4.663094569986742499e+01 3.591711414443663042e+00
-1.497988924298018709e+01 1.921489160525738882e+01
-1.804521689995999933e+00 3.264374358375117424e+01
2.379909130092122638e+01 6.103786176544643283e+00
2.244803839164518067e+01 5.953242153872047915e+00
-1.781299543944086139e+01 -2.852838620232254385e+01
2.147182510902767305e+01 5.838390928895663912e+00
1.068035656322169480e+01 -3.890056252171916640e+01
3.282295850580708940e+00 2.783522757274557691e+01
6.039761260581063773e+00 -7.303460841339648901e+00
1.961579588762135273e+01 -5.209637053377716853e+01
-4.460991317380420185e+01 2.177076494858609657e+00
2.936121128867391050e+01 4.171775731695121436e+01
2.598373303501411868e+01 2.002041058673131602e+01
-4.018228470944107755e+01 -3.797082282707872292e+00
-4.365857134118081184e+00 3.662780251966989198e+01
-1.898025048404274884e+01 -2.017180934382280100e+01
2.887821016752756265e+01 2.718736122832687840e+01
1.429864865709478039e+01 6.935282830294132062e+00
4.486188311442034227e+00 2.869166024015262551e+01
-2.958205812667240764e+01 -9.080130355972389822e+00
2.074409113515344316e+01 2.752389542290684332e+01
2.088695039627705441e+01 -5.233652974990667417e+01
2.789337378863857708e+01 4.360875595621332224e+01
-3.872876357400826919e+01 -3.648684189541049783e+00
-2.452241363961034537e+01 -9.351357539141597286e+00
1.751207044908907307e+01 -9.035180232554205659e+00
-2.897861243409620702e-01 2.643438224843198725e+01
-1.768813638208029726e+00 5.246040212156251492e+00
1.487268749989684125e+01 -5.163415658284851872e+01
-3.472534352635044286e+01 -1.283328046691412094e+00
2.423785642831622056e+01 3.651435909837047689e+01
-2.221239312265835864e+01 -1.854387726136755887e+01
2.236451225775699569e+01 2.154820951138286844e+01
1.806062324316651413e+01 6.633219389577195813e+00
1.372642147655575506e+01 -5.176228995530356514e+01
3.672279418653216498e-01 2.538672404745813793e+01
-3.265887187862582408e+01 4.007618247230876340e-02
-3.890354837517076447e+01 4.135121400933154945e+00
-1.327500805691769648e+00 2.207899069532485825e+01
2.859824211295736518e+01 2.077793849076664046e+01
-2.061827864646732955e+00 1.853100979732656750e+00
-1.433598366367318455e+01 1.557972802456736972e+01
1.433088541612752920e+01 -3.094015075207199672e+01
1.494477401246495418e+01 -4.885056967076704382e+01
2.016891046178203339e+01 -2.952571069107746737e+01
1.125672569846051374e+01 -1.842907200437952397e+01
1.464849502852590035e+01 -5.052066363172082930e+01
-1.218326925786026393e+01 2.004829368478292650e+01
2.527822852165081002e+01 2.148253014838799402e+01
-7.556667191502921099e+00 1.545092569813593286e+01
1.388123635640761755e+01 -3.822034363043903937e+01
2.151177653425862601e+01 -3.604645956263220086e+01
2.975042198032687679e+01 2.024455710793392527e+01
-8.519262847979307551e+00 2.286904187390904397e+01
-4.340083867026333309e+01 1.235910116869842090e+00
2.215977200899130395e+01 7.745904017312229328e+00
1.559887590215131681e+01 -3.471767478061833145e+01
1.745464177518383408e+01 -3.279054421123672824e+01
-4.328302721141324838e+01 3.528920585606702520e+00
2.019620920797740737e+01 3.938346483763368866e+01
2.688029325395254432e+01 2.108209795118744267e+01
-9.602730735615264024e+00 -3.036547926537924269e+01
2.360830096651863030e+01 2.134836403767020485e+01
1.286819344316878322e+01 -5.291980080384748675e+01
8.406247754604542877e+00 -3.370809379200655798e+01
-2.442802600696480297e+01 2.666102766998900719e+01
-2.640369276135545107e+01 -7.684872308639907779e+00
-4.437115524389156462e+01 -4.268252362907756670e+00
1.692902148260164452e+01 9.227384845436278127e+00
3.307437922378688455e+01 2.529359139651515065e+01
-4.170857221498917511e+01 4.827080807502029391e-02
2.534963544603283214e+00 3.235703741922694121e+01
-1.535882798268616867e+01 1.578493545561898337e+01
-2.445905788517658408e+01 -1.777606315815912197e+01
-4.332668789438932322e+01 -9.002860850723692909e-01
-4.314669382058028191e+01 -4.263056378293685889e+00
1.453291280020391341e+01 -2.596552115817730044e+00
1.585934396824489134e+01 1.673882731909511890e+01
2.384243360094373188e+01 4.096371870277491922e+01
-4.518468609172875006e+01 7.147355483092383832e-02
-4.263801623806396712e+00 5.095803582975402257e+00
-1.647914075024335645e+01 1.811831480601812316e+01
-3.322125365376452866e+00 2.436109838446132514e+01
-2.144834669527716287e+01 -6.850482272705503028e+00
-1.538168778946205606e+01 -1.789040466161286247e+01
-1.698066450207588929e+01 1.514073368957972399e+01
2.427459498344726896e+01 3.895097106617023286e+01
5.016010310581521026e+00 -3.019309511201949192e+01
-4.719169414898637882e+01 5.593132520752144288e+00
1.891716843024010686e+01 3.969704317104162783e+01
2.097274132700438187e+01 -5.067723419273841046e+01
1.123645765777437511e+01 -2.872995123733632283e+01
-2.309428448286999114e+01 -5.709585275342893951e+00
1.326635740203584390e+01 4.747031165779262984e+00
1.994989677039466969e+01 -3.868924396384112185e+01
2.528168015922339151e+01 2.555375316897623961e+01
5.383674588837836339e+00 2.084439396832454960e+01
-1.764428239060950432e+01 -2.167460635015739356e+01
-2.817181170787057454e+01 -2.942410573448767330e+00
7.340816900475800821e+00 -3.011599943889666520e+01
3.572318172895372346e+00 1.806502964620752749e+01
8.250903928090028927e+00 -4.545854276224683588e+01
1.288149339098013968e+01 -2.429440109228923816e+01
-1.463179869536032918e+01 2.834041384839457578e+01
-1.456572525198744117e+01 7.721294074319792422e+00
-2.211705270142090995e+01 -1.476485488338217777e+01
-2.103815575631497126e+01 -3.215373594538261770e+00
-9.981656612867370049e-01 -3.907919624329861730e+00
1.094205490523958701e+01 -1.244037395253588940e+01
1.095086986147796537e+01 -4.500586386631579927e+01
1.375944348257276673e+01 1.544680701151031776e+01
1.099574279012061950e+01 -4.634785086440645330e+01
1.091611070491435598e+01 -4.763109095198794307e+01
1.737442255012537728e+01 -9.625655982543985800e+00
6.212392570099270372e+00 1.519776271661333844e+01
2.307662100570767905e+01 2.666629594056018959e+01
1.175615849325537532e+01 -2.913392864749578237e+01
3.616792151910667030e+01 3.906463360545363628e+01
-2.851651110847885917e+00 2.003075180513318543e+01
5.275995665544497726e+00 1.793233330261063330e+01
5.580217364921748135e+00 1.704038900423555347e+01
-3.270467508433097947e+01 -5.312608568355366323e+00
-2.151781504091027486e+01 2.060152270326502943e+01
2.245896204085006786e+01 2.510650175892029878e+01
6.145898679982887636e+00 2.085829022329255267e+01
3.649391868623096258e+01 3.266086848811828958e+01
3.042555411813988897e+01 3.137643340122409441e+01
2.644038980085893797e+01 3.283995288445779437e+01
8.122361175080298423e+00 -4.626763598872930316e+01
-2.112035791744532176e+01 1.668296598904705519e+01
-6.535334046233567840e+00 -4.833734693224395862e+00
2.124671112136402940e+01 2.457115602924418951e+01
-2.840103392237660884e+01 -1.580856640530836188e+01
1.412227738088309481e+00 -5.460541231448258870e+00
-2.073608004508415092e+01 2.354316402759799942e+01
-2.023425269226710199e+01 3.056677819227230586e+01
-1.258947976556585147e+01 2.094343611009436756e+01
6.023134590125597043e+00 -6.508419712729735629e+00
7.732104696052854997e+00 -3.125011914122814005e+01
1.904709091457478110e+01 -7.247239064270966757e+00
2.411380973990783261e+01 -3.685531017764724737e+01
-1.761971185383872296e+01 2.289035534242871961e+01
-1.413390149722773437e+01 9.178764569213706537e+00
2.663056435910914388e+01 2.966085032937252208e+01
1.352619705108141801e+01 -3.202789684279461824e+01
9.161203110072179134e-01 -2.212567140903976792e+01
2.734175631379319782e+01 2.509249611991108964e+01
1.973190707395880494e+01 -1.298451711102753947e+01
1.142022028599189554e+00 3.119815756390659445e+01
1.932092772119067092e+01 -6.609020535113609540e+00
1.529486009024337179e+00 -2.246106944200236555e+01
1.400115558579039998e+01 1.130128934214737590e+01
-1.607382122686941983e+01 -1.927248057610729148e+01
-1.179040241787646437e+01 2.831957156428799038e+01
1.960594611005957333e+01 -1.339432192584367343e+01
1.608208520689517940e+01 2.141459436510831704e+00
-9.122659613697061687e+00 2.419723868937593991e+01
-2.168865487913469725e-01 2.757450266794802829e+01
-3.681853017802311889e+00 1.631350743290161631e+01
1.450501340062236721e+01 3.142207330346400429e+00
7.094624125556657779e-01 1.825493919552803845e+01
-1.835804976629009033e+01 1.849844881263395635e+01
3.515965990520921025e+01 3.902248783739147342e+01
-2.180652917046184669e+01 -2.081381007185982313e+01
3.767600184986299006e+00 6.868145027506024292e+00
2.372446214216189020e+01 -1.391689431974169366e+01
3.176424100511834325e+01 3.395094524139517489e+01
1.916820603686224800e+01 -3.038925779116489778e+01
-1.420824313369432268e+01 -2.545728565556936118e+01
3.347778854829758899e+01 3.212615718958522848e+01
1.422552387498533299e+01 5.731530592696779669e-01
-3.211360395837133552e+01 -7.495742477129807568e+00
1.822262279491533121e+01 -4.122409769238138466e+01
-2.810610736923735331e+01 -9.221878992337382286e+00
-2.087811102567034638e+01 -1.663614938135923538e+01
5.384323303608157474e+00 -3.562798321887100883e+01
-2.389304203352459854e+00 -2.032214437970286447e+00
2.533500927831514815e+01 2.830042905386185836e+01
-2.131065772948724657e+01 -2.217937084440123030e+01
-3.007098257042342837e+01 -7.444183156813087621e+00
-1.367979020467198659e+01 1.131429361015103296e+01
3.185362578745495199e+01 3.683260045658998649e+01
2.234590695352323308e+01 9.177069527115820691e+00
-1.286560268854190836e+00 2.125136159478850095e-01
-2.795433682470977388e+01 -6.954803750506558302e+00
-7.622751291030278153e+00 -2.509336258527381069e+00
-3.893229328074923501e+00 1.800939890825527101e+01
-2.579456837954698489e+00 4.968260049335499140e+00
2.193142046154558322e+00 -4.061568138738629585e+01
1.709202603723726810e+01 -3.617157792020111629e+01
2.453147768214543500e+00 -3.887286556908873081e+01
9.283183480177388702e+00 -2.854439091948067997e+00
1.085521534512622122e+00 -4.086575924549057248e+01
-2.036794925504831610e+01 -2.432499940046070108e+01
1.960828942093060689e+01 3.699744971878784128e+01
-1.503841218869848362e+01 2.932511713669096665e+01
3.530273416785320961e+01 2.986191829139743703e+01
-2.494394629571878141e+01 -2.174534271570255939e+01
3.338258013427229542e+01 3.342240934079600123e+01
-3.458730294232277291e+00 2.784788967533210169e+01
-1.767599945441676113e+01 -2.336544097808077325e+01
-2.187303076231259880e+01 -3.843262116466132916e+00
1.831692423266812497e+01 -2.995945737794866304e+01
6.721546905979750797e+00 -2.929460888325985835e+01
1.907007002619959479e+01 -3.987134527836597897e+01
-2.266619645676649952e+01 -4.689271719861299870e-01
-4.221817549403420600e+01 5.534176362232384072e+00
1.262335878709274439e+01 -1.302714248829376231e+01
-1.105752499735388739e+01 3.045805600388467482e+01
-4.633773298328246248e+00 -2.632752911496161197e+00
1.329549950662215352e+01 -1.301450928742415769e+01
9.182976226939974396e+00 -4.154459265941243729e+01
-5.165896177897847524e-02 -3.738945460565271883e+00
2.613326327504178792e+01 -1.450950119079250022e+01
-1.893717862026684173e+01 -1.169096825843062959e+00
-4.567170881413962213e+00 2.137017430314975286e+01
1.938852156266159099e+01 1.827838302156392647e+00
3.267650362306254408e+01 2.890795072342407934e+01
1.516670047957978795e+01 -3.260298543239648694e+01
-4.522323188216359036e+00 1.973456996268390640e+01
1.009355710466025791e+01 -1.982847360942444626e+00
-1.227489813587242473e+01 2.715016675630090859e+01
7.913129009920345958e+00 -4.181568935877433546e+01
8.975955217190657365e+00 -4.662596033372450322e+00
-2.332460608549474657e+01 -2.086721718017605642e+00
-1.971589462328860876e+01 1.959298381711509407e+01
2.997786791839853038e+01 3.209708000422823204e+01
-2.494524242000600722e+01 -2.384046612296931755e+01
-6.530037040194014430e+00 2.205397249683429806e+01
1.336692468686418067e+01 -2.315066189590858059e+01
-2.805110562571442756e+01 -3.873737657469412121e-01
-1.366979959675049550e+01 -2.441774899711046132e+01
-2.121653259037136507e+01 1.972907188925835165e+00
1.085958127469947909e+00 -3.229743006955779094e+01
1.536867505649487065e+01 -4.680435314176940409e+01
-6.345885995175848393e+00 -2.933152366015040258e+01
-2.228549342333533545e+01 1.949410662657521343e+01
2.954338570463185931e+01 3.635058104630149245e+01
2.309441597905507138e+01 3.190300416882001144e+01
1.062357085349258234e+01 -4.065905335035486701e+01
-1.497080033118859355e+01 2.403847329124193166e+01
1.498173115390342325e+01 -4.011396088647917679e+01
-3.093594980384665405e+01 -5.093388420425786656e+00
-2.388063070973059965e+01 2.637240971509468679e+01
-2.329822165667557954e+01 -1.268826922204222463e+01
-1.728650117192383817e+01 2.926767298264131867e+01
6.932437397323818473e+00 -3.928856585129883427e+01
-2.793819201606267910e+01 -5.232616608478619646e+00
2.952072914880915633e+01 2.566481563022309942e+01
-1.971985709362188288e+01 -1.732105016380837981e+01
2.009475907349165524e+01 -4.752691494491036650e+01
-1.205852800009452608e+01 2.233498462713736643e+01
-5.750740289627334967e+00 5.643927649439927308e+00
-2.599931796724728628e+01 -1.891226237339236960e+01
1.240636788882563302e+01 7.812877674205465084e+00
3.060301834133823107e+01 3.999441190493879361e+01
-2.388208349508530048e+01 -1.420177213151496609e+01
-1.815323535008697320e+01 3.142191222324012045e+01
-1.732962695762285676e+01 2.542683609361534636e+01
1.968487186270985845e+01 3.606965957617271812e+01
2.621751602561642969e+00 -4.435909693481377758e+01
-2.347819366241589734e+01 -1.985182307783250266e+01
-1.949281788199031240e+01 2.275244215290403105e+01
2.413300133445168072e+01 3.225050397389584589e+01
2.743631328392624980e+01 3.451271934438159406e+01
-1.309274766936837686e+01 2.511762150698448437e+01
5.117912701071150039e-01 -3.812205179115888853e+01
9.773326429417446448e+00 -5.195416771565639635e+00
1.418480240956338356e+01 -4.317220960757995130e+01
-1.921969189159547042e+01 -2.507902011083696792e+01
1.901033012382596965e+01 -7.034283993906483845e-01
3.434039090398134420e+01 3.960559132025021967e+01
-7.471519445917166102e+00 -3.161275199521701218e+00
-3.862232320307386857e+01 2.563851599143445736e-01
-2.830668309236109348e+00 3.384097818593698292e+01
-5.169689086754251761e+00 1.420176716725709731e+01
3.608533370647062100e+01 3.141562705691560353e+01
6.071953402739111105e+00 -4.954603972417405799e+00
1.808355579506019239e+01 -4.973651120519591018e+01
-2.683810830587487573e+01 -4.316508056244305003e+00
-1.117947530202253459e+00 3.531191774630345748e+01
1.184602908680643729e+01 2.257554852793944189e+00
-3.830218930237507635e+01 1.745686926635503955e+00
1.599362426609881460e+01 5.721330221943324190e+00
2.973700723967863890e+00 2.192269031842176830e+01
-4.518431537164799039e+01 4.055493005443594257e+00
1.271501911638903515e+01 -4.073617812290563478e+01
7.550881893519036103e-02 -2.436160835904317867e+00
-3.649371231745237765e+01 1.802619020487393975e+00
2.715310187380167406e+01 2.256121122204140406e+01
2.022824477917224684e+01 -4.883245351519126132e+01
1.123428054944631604e+01 -1.603464464345151086e+01
1.924453252196969544e+01 -4.975732007389640188e+01
-6.886139114566983466e+00 2.772025432956956337e+01
6.385923089175459033e+00 -3.328904028433980500e+01
-2.507467201394239176e+00 3.026389042507687677e+01
-2.267949930099619849e+01 1.808932779300456062e+01
-3.799863968610085241e+00 3.280327482219936996e+01
9.986963485347885694e+00 -3.554399706940363757e+01
-4.005404006974015374e+01 -4.774303072268208936e-01
-4.023372342065398044e+01 4.955840725376885914e+00
