1.740852885531906225e+01 -4.416987953213281770e+01
-4.287048144490960055e+01 1.121232348563751380e+01
-2.810390252414757484e+01 -2.636138603035454153e+01
-4.357895933864634941e+01 1.514768896120663300e+01
-4.493613731971100833e+01 2.068789271201447733e+01
2.030036053405710561e+01 -4.423840783825620093e+01
-9.872208757091517128e+00 4.019459824588708585e+01
-2.041766808314159931e+01 -1.212222218230352810e+00
-1.680339982026802792e-01 -1.297424687682328504e+01
-7.812164788545776339e+00 -1.092844365928298345e+01
1.026151692800474358e+01 -3.622711395461780626e+01
1.237885419305920287e+01 -3.616740312491754850e+01
-3.428014767821991882e+01 2.229392340873089395e+01
-2.012915527845076724e+01 -1.198000081597467670e+01
9.724541850263932474e+00 -5.652752571037146367e+01
-1.251154292132818391e+01 3.430245058017970194e+01
5.089959269346852011e+01 3.306700753450282093e+01
-2.495663985878686475e+01 2.940440213970801508e+01
6.532108793638241373e+00 -6.347202316099792796e+01
-4.069276269284535630e+01 2.193698024717684447e+01
8.888545459143118777e+00 -3.883668163425038955e+01
-1.848252002678417583e+01 2.818351682237907951e+01
9.698098949291189541e+00 -3.805663348457269990e+01
8.915084889062200091e+00 -5.519913898157249577e+01
-4.671288333172961416e+01 1.240589781033552264e+01
-1.628432508658591260e+01 2.918953982584642048e+01
-1.962537929362116174e+01 -2.669891677046224743e+01
6.614972285469680635e+00 -6.277909805605023053e+01
1.228378485616933524e+01 1.432473965336650679e+01
-3.204025137741957963e+01 -2.658841556539847772e+01
-1.043024521183503595e+01 2.884701393678158965e+01
1.802150510031749775e+01 -5.475967988831490629e+01
5.828430440855890682e-01 -1.723159189724645657e+01
2.077496264007175242e+01 -4.269784768206332615e+01
-8.509902984874255782e-01 4.702911161431663878e+00
-3.050771716435386693e+01 2.552153895103682402e+01
2.686093304466828613e+01 1.539019034870314684e+01
-1.846448683091260534e+01 -2.542852352882980682e+01
-3.925519167504305784e+01 -1.092287685746703652e+01
1.982538538613905388e+01 8.297173075488299077e+00
-3.700843370340459160e+01 -1.862974489031576653e+01
1.918441166319844626e+01 2.608550508390490918e+01
-3.072950400261511561e+01 2.227714507307223712e+01
7.078907331740023956e+00 3.605116393943799125e+01
-2.983423876073831948e+01 -2.652873613001335329e+01
-3.081223179719391325e+01 2.013879644521043843e+01
-3.029778813630849399e+01 -2.842092545784280233e+01
-5.768202633998177342e-01 -1.700492394670160579e+01
7.124895803195543387e+00 -4.651484998273294735e+01
1.955875494590666719e+01 7.808251359564926553e+00
-4.478310263192904728e+01 1.223828603602426845e+01
-9.007953922115847334e+00 4.116825016225053702e+01
-2.945970061084239688e+01 -2.813770179267616456e+01
2.806353060406254318e+00 -4.764327657730634513e+01
3.230706285305474523e+01 3.030927392399717846e+01
-6.240677735449599695e+00 -3.150304861580408122e+00
4.983909669483973914e+01 3.089929772773930594e+01
-2.359636522275199511e+01 2.338095246854827280e+01
4.782736497620172500e+00 -4.256703749318226926e+01
-2.010400798474525175e+01 -2.408266786621156541e+01
3.410447107543334511e+01 2.966423934867455259e+01
6.559567498334273772e+00 -6.424468996240642582e+01
2.163570331939320468e+01 1.088162364625320144e+01
1.395558707236242135e+01 -1.292470396983022241e+01
-1.855954187284213575e+01 -2.420464718574922713e+01
3.008152154428585590e+01 3.361794506327807852e+01
2.562442069360088226e+01 3.818119603907918158e+00
-2.181013400147844195e+01 2.622692054403238870e+01
-2.910406039631398656e+01 2.555617096389645582e+01
3.961228306514005482e+01 3.667526148910049955e+01
3.083259922006072529e+01 3.489925549729699128e+01
-2.710654330657986577e+01 -2.450102980967653465e+01
3.037242552973361853e+01 3.230056749234572067e+01
-1.577439926141095050e+01 -2.497207365358797304e+01
8.774841413213925634e+00 -5.051919364523417499e+01
-3.907937614747020660e+01 -1.357869092031282676e+01
1.390915593136967843e+01 -4.585001369518810321e+01
1.204141439495666077e+01 -9.819380715952597427e+00
4.340453893058057133e+01 3.076165553305935418e+01
1.216614285551167995e+01 -1.218599264384871006e+01
1.943973435810003592e+00 -4.554064159282687285e+01
1.310629343472829511e+01 -1.146774470361346765e+01
-1.649688145358119229e+01 -2.459237142098657714e+01
3.195180519177137413e+01 3.375940694477299786e+01
-2.143597844321638490e+01 -1.137629472990057877e+01
1.125687271905513853e+01 -1.099606065181822068e+01
-1.404602505730288264e+01 3.547700964848394278e+01
2.730598868248489808e+01 2.129211331370958149e+01
-4.577230962744607723e+01 1.319269710857673772e+01
1.310308143954200055e+01 -4.824991758026483524e+01
3.328993514066835502e+01 3.269207308550283386e+01
3.429361398860394416e+01 2.228971492912499386e+01
1.506706361774530878e+00 4.378194399197663955e+00
2.555409104144580823e+01 3.332797731194855828e+01
9.583926046728706183e+00 -1.278823777293857944e+01
-4.321099946496139665e+01 2.093028731348268323e+01
-3.864823260369307434e+01 -1.702804120527738618e+01
-9.397470568380763112e+00 3.280056703933122009e+01
-4.109138383523762172e+01 1.722369207630514509e+01
-3.341966379821568012e+01 2.481291858029918984e+01
-1.145151423187709128e+00 8.394724762382752559e+00
2.595886832704559666e+01 2.339655874966317839e+01
2.794480585092199831e+01 3.374970501682958712e+01
4.177002377710506664e+01 2.482786172382128242e+01
3.536170937243657875e+01 2.704460861479427791e+01
-8.666162442155981083e+00 3.419687490174023736e+01
-1.001004568716112608e+01 3.380643765781825039e+01
-1.232301148832191373e+01 -3.239813395163621834e+01
2.225052147136006298e+01 -4.793282401084967148e+01
3.607408463165122470e+01 3.678817305372573543e+01
1.981249733299771876e+01 -5.508418866038160644e+01
-2.179390187593971007e+01 3.097898637891242402e+01
-4.748924446941531130e+01 1.879069836694591800e+01
1.805794809658863898e+01 -8.810603778586607149e+00
-4.122094527992017987e+01 1.822050789021752237e+01
1.754189733556066599e+01 -7.304375171632455199e+00
-2.204410783159173093e+01 -1.776476291196683377e+01
2.336037351975768672e+01 4.162306085191617910e+01
-2.258798848791521596e+00 3.897302305414215340e+01
-3.473419509317406728e+00 3.931745890397654364e+01
-3.186003118339626639e+01 -3.455472805738839970e+00
-2.025492257293650411e+01 -4.734736499555562972e+00
-2.620601512720848802e+01 -2.817954422965197736e+01
1.829688785313441102e+01 -1.053733846978158617e+01
-1.054968924149199871e+01 3.847411117015911231e+01
1.710179489449795653e+01 -1.014256946858705177e+01
-4.871556861694829621e+01 1.308526649713505918e+01
1.621724724565342513e+01 -1.013143692392443107e+01
3.589044583181962622e+01 2.946293559431993714e+01
2.861766592025573530e+01 1.703600275325286617e+01
-2.196167185803156130e+01 -2.099500151091975653e+01
5.734172970414543435e+00 1.954070086203669288e+00
2.553844633907657169e+01 4.210005989570215235e+01
-6.430630991641997696e+00 3.788628609281916226e+01
8.219966161430443563e+00 -5.650371683481189677e+01
2.151868438913385617e+01 -3.559341870529755880e+01
-1.059295476331231001e+01 4.196793672061382807e+01
-2.836925962256201217e+01 -2.941061176878866590e+01
2.003270394176243130e+01 -3.780019665383079541e+01
-4.087948929814258747e+01 1.535486857489674861e+01
1.802283503149124044e+01 -4.312737252310866864e+01
6.792049912941247491e+00 -9.364974232604314608e+00
-2.274957912051269204e+01 -1.931903095287508521e+01
-2.580500772254472608e+01 2.720492051556216140e+01
1.191041650499734317e+01 -3.757535081632114782e+01
2.425974874360652223e+01 4.202817358576221807e+01
2.065807561578115781e+01 9.545961805539572964e+00
6.085334257657902590e+00 -5.718753386223588109e+01
-1.206454973157571686e+01 4.155321294205749894e+01
-2.899824466749018370e+01 2.823198732583527715e+01
-3.742082872097737578e+01 1.685475486389966093e+01
1.828246488848419915e+01 -4.171829295056637932e+01
1.658200489976185210e+01 -1.209841346258396122e+00
-1.792718774937537418e+01 -2.289736544521821315e+01
-8.459579043820355082e+00 1.430632635307976575e+00
3.183059804638757484e+01 4.385827855427664446e+01
-1.490072942852762949e+01 3.022890978061361977e+01
6.911909831989132336e+00 -5.039776036940217097e+01
5.004621279064514283e+01 2.280710627327433571e+01
-3.973618764086339894e+01 1.892602548551612429e+01
1.784742002510867565e+01 -3.386074962282945933e+01
1.342001909762835865e+01 -8.937992361784308670e+00
3.265135566237292153e+01 4.445622497027196829e+01
-1.610378059985922761e+01 -2.273253313178548041e+01
2.220992614511089158e+01 -4.194246019976388595e+01
-3.926139646544590533e+01 1.139062592842993382e+01
-1.206226837832117660e+01 2.829089081078766199e+01
-9.763598193247663204e+00 3.144046551898184561e+01
2.214742601635619224e+01 -4.117654090005746781e+01
-8.607933578545218012e+00 3.097115299837059155e+01
-1.642265188240230600e+01 -1.774440948696533837e+01
1.540343403759929686e+01 -5.162023243579469778e+01
-1.223417183455140567e+01 2.971051993134376801e+01
-1.514796437810822738e+01 -2.222103920626237539e+01
2.377951053509016788e+01 -3.609216524489348643e+01
-2.975663139218224007e+00 1.956328399273220775e+00
-3.317778727580787290e+01 2.236255014750039294e+01
-3.308890387324068882e+01 -9.072749130346263513e+00
4.412255210482296519e+01 2.421292323680940584e+01
3.356025675018361198e+01 4.147869266229930929e+01
5.121088597128733966e+01 2.407383260212481702e+01
1.517105121588819294e+01 1.428164005118351909e+01
3.254670841108973889e+01 4.309815574260601778e+01
-2.813075190212961019e+01 -7.979405535565047280e+00
1.903847478680392769e+01 -3.964088699230918422e+01
1.565379791280486010e+01 -4.411978584462845987e+01
-1.629584564851908013e+01 -2.153633049372730568e+01
2.089572071572076695e+01 -3.408474773507168010e+01
-2.768439391276213613e+01 -1.776347989176062470e+01
4.210637441927099189e+01 3.039220714780983457e+01
4.954131895804379582e+01 3.205315838460625599e+01
2.504300218634500297e+01 -3.613239652652740119e+01
-2.567884685892897778e+01 -1.437187073942050652e+01
2.936760517009079763e+01 4.310235309716146190e+01
3.193873014643088837e+01 3.718629103738786768e+01
-7.665169881504348304e+00 3.853627293589454439e+01
1.668785179525192319e+01 -1.199528345012231867e+01
4.411523798994579693e+01 2.804050248463881445e+01
4.705272754222191622e+01 2.646783052484655485e+01
-5.554020037434719725e+00 3.680979377239261652e+01
1.143713120668182315e+00 -4.494072627222672622e+01
2.217026955203225569e+01 -3.707441377890989997e+01
2.242918639335090703e+01 1.188094872718096440e+01
-2.101433381121242761e+01 -1.644658809813940081e+01
1.898040549679753752e+01 -3.445941772684257387e+01
3.797406013137833014e+01 2.934243257519724324e+01
3.280084388449018462e+01 4.573905552766360216e+01
3.589927456133475658e+01 2.383533071444082196e+01
-3.039950022015764119e+01 -1.254166441999970871e+01
3.784102843761008472e+01 3.686573199371775189e+01
-2.569048557808779165e+01 2.357155762528576304e+01
-1.237311152118781266e+01 3.764649523273558884e+01
-1.563045043157236158e+01 3.887687418878535084e+01
9.587474687612612456e+00 -1.393913770014896336e+01
2.422956606462907203e+01 -4.437080328497661696e+01
-9.543014902023230661e+00 3.611255910081147391e+01
-1.562174109736460892e+01 -2.965939264161551847e+01
-2.048700363328658014e+01 3.040866176363725515e+01
-3.335249671882748146e+01 -8.297842955168254875e+00
-3.441316182344649377e+01 1.967202654940101070e+01
-1.084688115046428791e+01 3.741977139364434635e+01
-1.454149328559152465e+01 3.835867766754626018e+01
1.083899731974912051e+01 -2.022363363483147936e+00
1.232102672865952986e+00 -2.001137167444268883e+01
3.075900407618049570e+01 2.128858911078318528e+01
2.886387991862574864e+01 2.032169525810695276e+01
3.322071004094525826e+00 -4.859211663422615146e+01
-7.478648310228487972e+00 3.629851594416474114e+01
2.098013541536596094e+01 -3.183926044719321169e+01
-1.082346346469838316e+01 -3.478240641278861900e-01
-3.526004987446759742e+01 -8.911153361128059558e+00
-1.850473563634412955e+01 -1.852123044038021860e+01
-2.666444627882682994e+01 1.784430949949446799e+01
-3.643885931157165459e+01 1.203398821456071310e+01
-3.452431537008432372e+01 -7.060553421840770838e+00
5.884735726038095471e+00 -4.812253028472825633e+01
-5.173762744773712008e+00 3.556366802372788527e+01
3.447992582012427931e+01 1.796654666617824603e+01
-2.971603321472580994e+00 4.131390986504964502e+01
7.145727791939048279e-01 -4.373192479758953510e+01
2.519629015776623149e+01 4.031090518678351486e+01
4.303428750382489199e+01 2.085953552356075846e+01
-2.490820447015094885e+01 1.977536168349436707e+01
7.897311837009672431e+00 -1.150454907816526173e+01
4.448405187072323486e+01 3.399303775375219772e+01
1.588861804126152855e+01 -3.758950231169549738e+01
2.024913618580339403e+01 2.683836885814535123e+01
-1.106818828808642508e+01 -1.727562190680808385e+01
-4.231118048910146001e+01 1.395382690860503949e+01
-2.088170899094244604e+01 2.428311731928689454e+01
3.679493650359636092e+01 1.844874164168864894e+01
-1.110312438691703463e+01 -1.365621428248976521e+01
3.112092227048373161e+01 2.777479350758057564e+01
1.654927517995197661e+01 -3.868490717732215245e+01
1.120245708964993447e+01 1.106287636200758051e+01
3.928239728503235995e+01 2.520590532352311541e+01
-3.597665218372465290e+01 -2.078729715400778488e+01
-2.063249856477029098e+01 -2.607335848786777710e+00
-3.637574211572526650e+01 2.248180770082441171e+01
-2.267447100936221105e+01 1.740658704020716385e+01
2.895821915096134092e+01 2.718863863960570981e+01
1.819962338899882084e-02 8.232487539094474727e+00
3.936076666262138701e+01 3.107458676268089803e+01
1.040603723484993459e+01 1.076054500365794908e+01
-3.631500487995020165e+01 1.921479229107766429e+01
4.201388062368521048e+01 3.800613294568454137e+01
7.250556878279531547e-01 -1.771856094607132803e+01
4.183817632500405637e+01 3.933693473024906240e+01
4.106374448061136917e+01 4.022130182928625430e+01
-1.967104688260017653e+01 1.980508360153464409e+01
-4.185688373147997510e+01 -1.246663012207720556e+01
1.655742466532529988e+01 -7.865421364676257188e-01
-7.330537213324997303e+00 -1.267873346910594989e+01
1.371121053449620852e+01 -3.655606802799533028e+01
4.309299111553562511e+01 2.132179206296067875e+01
1.522274194056990915e+01 -5.905741830331185582e+01
-2.000374501891080925e+01 -1.493762204272239735e+01
-9.508373129189186201e+00 -1.474296058677072807e+01
-8.922194700513927046e+00 -1.422909943425725032e+01
-1.959825174633787270e+01 2.761483082807273703e+01
-4.048767746122223343e+01 -1.036521509840075339e+01
1.392476042617338905e+01 -3.520359482116070637e+01
-1.053434756575624753e+01 -1.743181200595393676e+01
2.173376422344602688e+01 -5.079602360262487082e+01
2.354862049389490863e+01 -5.618884211737689327e+01
1.517756909420141831e+01 -5.631602598592831299e+01
1.075216383762238337e+01 -4.507339988026571831e+01
3.133237578986804550e+01 2.711587966461329202e+01
-2.082209685233395646e+01 1.667544621999350341e+01
-3.945325431554942952e+01 -6.578865163806177030e+00
-8.037533023931626275e+00 7.166892443302454119e+00
1.321730717000423283e+01 -5.686166723116716781e+01
1.331260812084737211e+01 -3.406540537281838255e+01
-3.572237668416420320e+01 2.712417913524633661e+01
-3.839791629539543294e+01 1.996377047456538989e+01
3.258350206450878694e+00 7.731086176259037934e+00
8.231690414795389543e+00 3.542527306140645749e+01
-4.062588234030843637e+01 -1.434895036507590937e+01
-3.486375996063943461e+01 -1.419932425900725370e+01
-2.875750803220378771e+01 -8.693799619806718226e+00
5.461492073419560889e+00 1.565680720452057528e+00
3.702851828934728928e+01 1.955145921915415386e+01
1.725042196529118854e+01 -3.495826237322929853e+00
5.166448143195884057e+01 3.383049676918260218e+01
-3.738157186975415436e-01 -4.777789474131846248e+01
-1.855158741285194424e+01 -2.952012728431049027e+01
2.079196474037086162e+01 -4.042418781267399908e+01
-3.728368695312162373e+01 -1.259358344568551580e+01
5.476159422500468388e+00 3.609467118271935249e+01
-2.075899154941481939e+01 -4.227673652359857925e+00
-3.259001400331928977e+01 1.723906579678693163e+01
1.354762142804977820e+01 -4.093555801324855992e+01
4.317932381727545277e+01 2.491306576336376821e+01
-8.380824897869997514e+00 2.996194537304329941e+00
8.965729432403927390e+00 3.687132885352811940e+01
1.792736798329206849e+01 -3.894265185490883141e+01
-1.412949245557660838e+01 -2.626302054117007856e+01
1.345360401119254412e+01 2.311990851709123618e+01
-1.811732497943900455e+01 -2.863871017242745154e+01
1.727601596760376523e+01 -4.202097503957200608e+00
9.019406244273763917e+00 3.617000453120568437e+01
6.726805805082939349e-01 -1.336684171182846903e+01
-1.635888923430970365e+01 -2.832120638538457413e+01
-3.836585965327915915e+01 1.353940017671866336e+01
-3.202954200271884133e+01 -1.943638860153273029e+01
1.348209121494502405e+01 2.323961087383785795e+01
1.009638352199638156e+01 -8.324237887614327036e+00
-2.604061189197547588e+00 -4.527631800869664147e+01
-1.916580868599159615e+01 -2.274116330813873788e+01
-1.855866587986306016e+01 -1.332641952228248172e+01
3.662352124428191757e+01 2.710727991216695543e+01
8.708966204460462990e+00 -9.025131654011556037e+00
2.112708531633017017e+01 -4.692774415539213351e+01
9.135696697537594446e-02 6.857382980523565763e+00
4.295451859769892877e+01 2.889109281436976673e+01
-2.597285086008554345e+01 -1.111533805775024497e+01
-3.720828860457108078e+01 -8.892241492873388609e+00
1.480047785756420531e+01 -5.803340108221023996e+01
1.324406923844780426e+00 6.447677116185941415e+00
-4.258216306465190115e+01 1.824523673384383926e+01
-6.983259691026327154e+00 -3.059958007653417855e+00
2.412018516642397614e+01 4.534012590313045266e+00
2.042043957269491017e+01 -5.505917441831407189e+01
4.983053078575589723e+01 2.463857541821269947e+01
-4.477063123177985915e+01 9.467060702949924078e+00
1.883947595441161127e+01 -5.045572646085044255e+01
9.216294244946475089e+00 -6.420888179654155259e+00
-2.319358044030159149e+01 3.092514286067916984e+01
4.040289117679855480e+01 3.354362176828955455e+01
-2.645394871864002795e+01 2.621845097463806340e+01
-3.876524020801220161e+01 1.718284595083148147e+01
-3.521302521102351335e+01 1.302213624089994681e+01
3.370827291000267678e+01 2.330314230152474408e+01
-2.698504138240777728e+00 6.235294267669260648e+00
1.196973850788174509e+01 -4.146551252899749329e+01
-4.396098730093319062e+01 1.794550322839635470e+01
-2.421703583015539252e+01 2.743741537436262945e+01
-2.272171394819396895e+01 -5.540262784395245887e+00
1.511490409517850964e+01 -5.487938634019080553e+01
1.659511816240077664e+01 -1.366018038794400979e+01
-2.182050798765612587e+00 3.641660186413266054e+00
-2.473068491603859798e+01 2.478433133660185206e+01
-7.747379739828830658e+00 4.745864502517519234e+00
-1.936427740061560243e+01 -1.115793487199429634e+01
-8.851814099697165261e+00 3.792907897789922489e-02
-3.667292854986268935e+01 -2.094204944166981619e+01
2.659489374096632019e+01 3.261465314762666878e+01
4.563355151905865625e+01 2.984846680142420183e+01
2.498283347176294455e+01 3.106875780772080375e+01
3.343251527307132154e+00 -4.571172972099543763e+00
2.659012334271278277e+01 3.172813267020859485e+01
-1.188029940664430661e+01 -3.534296473171555419e+01
-4.525455396612834846e+01 1.595194492446022672e+01
-2.192340444563806301e+01 2.787532412348869570e+01
3.318125768231155348e+00 -4.396131786217883786e+01
-1.864758008460454164e+01 -2.139182046967586004e+01
-3.528854075290805525e+01 -1.981524401990896322e+01
2.081857105817157461e+01 -4.806435101574647462e+01
-4.254879642637450132e+01 2.182672328950557983e+01
1.935926900783277915e+01 -5.241088647777780096e+01
-2.151479462423409217e+01 -2.506509760547230314e+01
-4.378115153525825320e+01 1.316145430142042905e+01
-2.326958485350036909e+01 1.812259873584522651e+01
4.943714356040097613e+01 2.290090720891751985e+01
3.632998733451476880e+01 1.763771254699306112e+01
4.333383598846312168e+01 3.400755786416402060e+01
-1.905230397796859876e+01 1.820614576428643616e+01
-5.413404877358726885e+00 3.313982432236942799e+01
1.111555412059545844e+01 1.307718426366780484e+01
-3.136369367918076279e+01 -2.158058695239623859e+01
8.162508238636290159e+00 -4.437234092436324318e+01
-4.963646246329737721e+00 6.972677496907488504e+00
1.118332857691787119e+01 1.381199720557766319e+01
3.590463694721472621e+01 3.355491743812356020e+01
1.143177890139002173e+00 7.425250130382287317e+00
8.107807841623049683e+00 -4.370500952672262684e+00
1.268920286230247463e+01 -4.567192997566278478e+01
-8.175462523646823243e+00 -3.518060720630193927e-01
9.377641568847119302e+00 -4.378989618480862589e+01
2.600641652363601253e+01 3.659327953515346010e+00
-1.918448357951487893e+01 1.486484760549791240e+01
-2.209924464694254453e+01 -1.494996827050754895e+01
1.382494248651697610e+01 -1.489711950498318593e+01
1.212425530234832927e+01 -4.364693862277705705e+01
2.390931449581362855e+01 -5.285439730316475959e+01
4.487590465531228290e+01 2.578176063740695056e+01
-2.115377769558790888e+01 -1.332924931661051104e+01
2.268801678065755834e+00 -4.207570650314093719e+00
2.400725147174988550e+01 -4.039654314684712944e+01
-3.231632035027096350e+01 -1.837339484237233123e+01
3.459439178166287832e+01 3.394294283615688812e+01
3.268321936983889398e+00 -1.520580400602119742e+00
-2.078155528921451989e+01 1.928906804141332998e+01
-3.848903761743576268e+01 -9.785936192471003991e+00
2.322147417649560097e+01 -5.675719436201761425e+01
-4.491122581869910846e+01 2.228132674291695992e+01
-2.422141505057046018e+01 -1.451251921625887853e+01
-3.329130438489203669e+01 1.936131313124129250e+01
3.791725684936474039e+01 2.014988408808436304e+01
3.896058865235610824e+01 2.413965262374451370e+01
-1.874856158903704895e+01 2.080693687528530944e+01
-4.382446526260284259e+01 9.277441303423515251e+00
-2.711652479295223372e+01 -5.799109278604625217e+00
2.884508635698200507e+01 2.854001896744729905e+01
2.955517912221840504e+01 2.043607147807335522e+01
2.143683622779427012e+01 -5.393639413001452709e+01
7.579622661440655662e+00 -5.087215230801065502e+01
3.341225627318785030e+01 3.978145350168003347e+01
2.773283091921690513e+01 1.630766403933180086e+01
-4.083557462816330030e+01 -9.007404537414542389e+00
1.475662701724723114e+01 -4.409623722531335233e+01
1.515203188963488046e+01 -5.022928864966875295e+01
7.698968473727490824e+00 -4.111198035866144807e+01
-2.876518993017382186e+01 2.413803380965429213e+01
4.038925825045211582e+00 -9.876561104054609075e+00
4.539243109875822135e+00 -5.572454533620065931e+00
3.718307921531772564e+01 3.174075941116526778e+01
-3.233247444571765783e+01 -1.470345087401226181e+01
3.379093059524614517e+01 3.762621346841810066e+01
-2.015562883452443188e+01 -1.005053355530286474e+01
-2.158141837693534626e+01 2.931308856004665486e+01
-3.080585033295165687e+01 -1.274553298968315396e+01
-3.325619795685324931e+01 2.346963687007145083e+01
-3.824281830853959718e+01 -1.920716673083459725e+01
3.419190500741012784e+01 3.192224483750220898e+01
-2.298076539692146625e+01 2.483458977669482337e+01
1.742791364930883447e+01 -4.638694525505031407e+01
-3.741962268071313957e+01 1.792636751178416077e+01
-1.304794384836836585e+01 4.064731329811215943e+01
2.667404163176448151e+01 3.847456323845365489e+01
-2.820926928748410489e+01 -1.014404335173968619e+01
-1.223292628950181182e+01 -6.646088609860389962e-01
-3.988892055249750968e+01 2.276441136467153115e+01
4.875821320304874362e+00 -8.851771509919270642e+00
9.171831745977929273e+00 -5.778530474659893201e+01
-3.509915647537791727e+01 2.391591804545693734e+01
-3.541544476300852295e+01 -1.647655859367014486e+01
-3.760979885874593975e+01 -1.523029852005580942e+01
2.704317824340109411e+01 2.950769821764115619e+01
3.883822648806674049e+00 -4.344151457205047961e+01
2.909920772828290936e+01 3.145496339839233713e+01
-4.089619924255549677e+01 2.027717210259501002e+01
-3.938466019314413558e+01 -1.286481398014480249e+01
4.982949714157724230e+01 3.324326721154807274e+01
8.372595699255601431e+00 -4.179081978562920341e+01
1.036670881793378740e+01 -4.709619188465185857e+01
-3.173780945806137410e+01 -1.624228764462063523e+01
2.594164014411629182e+01 2.769624279029022418e+01
-6.972643705355222599e-01 -4.621058720521237717e+01
3.791223980152813144e+00 -1.990272896919390577e+00
3.773491222377591470e+01 3.815888374425838236e+01
2.602911104274673804e+01 2.499208545962946815e+01
-4.618338124351508611e+01 1.516753993117709953e+01
1.392460104824491651e+01 -7.385264611944020174e+00
-4.227152147561714912e+01 2.016353193132242438e+01
1.358222279419936918e+01 -5.792170469604887728e+01
-8.042382573347355290e+00 5.198268303137737689e+00
1.813053553066908563e+01 -4.877052186263198763e+01
-1.155276040556026196e+01 3.357818142379112203e+01
1.488981451060025485e+01 -1.474109512801054400e+01
-2.487985091460791764e+01 -2.747498841706222805e+01
-1.186281112543325733e+01 -3.497339154385492321e+01
2.178164271804340757e+01 -4.962135985387767789e+01
3.948119362973853796e+00 1.276849055476422246e+00
-5.831281660110986031e+00 4.054165805855271287e+01
2.834510925883441956e+01 4.152414185567457849e+01
-2.253615494319235424e+01 2.374059946603748372e+01
-2.369338536560261588e+01 -2.875659615421194815e+01
6.196785258156191745e+00 -5.506005794494164718e+00
-1.143257966543555249e+01 3.225750924486910520e+01
1.010434917627841145e+01 -1.015615242724769907e+01
-1.409477558544291753e+01 -1.778719013235888013e+01
-4.824678368498072523e+00 3.876759510867843517e+01
3.717541923069438781e+01 3.525303051352366879e+01
-1.195049128620833956e-01 5.629196261161379056e+00
4.846773836478898545e+01 2.433006673531724218e+01
-1.364046685860512298e+01 3.306787132660987538e+01
2.260068273470864142e+01 -3.870759833610480882e+01
2.713631224585014579e+01 3.965736493642034333e+01
1.325013817739211142e+01 1.179100407985717958e+01
2.728960866728895951e+01 4.083073273187054752e+01
-2.952889968714774582e+01 -5.476135781888360476e+00
3.522169464315636134e+01 2.155015627420230828e+01
-2.382785693806507865e+01 -2.410411761620200366e+01
4.088515375354602810e+01 1.670854159652287052e+01
-4.082718819260561816e+01 -7.635134855981993596e+00
-2.560690014663047620e+01 -2.646795204516147137e+01
1.678582532869139143e+01 -4.988998768790933980e+01
4.023436042979074756e+01 1.710484917064806254e+01
-1.113438335255985301e+01 3.531280887760096476e+01
-7.354960006684778229e+00 3.142840372377227709e+01
