4.060795496291827078e+01 6.873490355617934711e+01
1.944666815490774070e+01 3.657618982372357408e+01
1.593207991195924400e+01 -9.252392489270638976e+01
4.130283950396715653e+01 3.993399642137529781e+01
-6.496145158504448602e+01 3.111601873150272368e+01
7.649254351370205995e+01 -3.415175821023756697e+01
1.976450933827882039e+01 -4.624897192889087449e+01
4.217193377348628758e+01 -4.645456117700450527e+00
-5.258319941687644672e+01 -7.211195032840593910e+01
-4.080587826781766836e+01 -1.035250930082033527e+01
1.302777907845184435e+00 5.264602382098485833e+01
6.510513550197369170e+01 4.208346662325229914e+01
-6.125660615569942991e+01 -2.447369499806065818e+01
2.240696911598469399e+01 5.827889373306019394e+01
4.915500716702036499e+01 1.323869617168924862e+01
-7.771327587727782316e+01 1.727482844846892718e+01
1.876736692551190444e+01 -6.694261075681272644e+01
-3.413918394996118622e+01 3.307741527610169641e+01
2.873083123326327737e+01 1.343717624507646491e+01
-4.773324054488059964e+00 -5.542311739349393207e+01
7.036812156242504557e+01 -1.092761472757974950e+01
-5.437664061473563848e+00 1.294177721047488028e+01
3.703898007042828056e+01 -4.249650207737443708e+01
6.871108574799223767e+00 7.353589024606337432e+01
8.177534002931095358e+01 9.485271403751767139e+00
2.370898815150806271e+01 8.398339721485996279e+01
-3.142648597583372450e+01 -1.022943379166358113e+02
-2.577568542491217585e+01 1.894169295470514491e+00
4.559421182242336101e+01 -7.580867483434118981e+01
-5.094624822265964070e+01 -9.136720795972780707e+01
-7.653626153099619955e+01 6.068578392600251448e+01
2.064367263684436438e+01 -5.483261082933046815e+00
-5.060195537343724936e+01 6.948381257272744449e+01
-2.840560722442534569e+01 6.212034892923443863e+01
-5.421312781088764865e+01 1.441259543366162177e+01
-7.525873337211332625e+01 -8.556472780985394877e+00
-3.375253923078324902e+01 -7.833353155884299213e+01
6.493642771326398133e+01 -5.260448500726417365e+01
-2.353624003713466095e+01 7.980542678915234944e+01
