9.964486487753098087e-01 -5.671129445002245717e+01
-1.939772461551113381e+01 4.945085521248315530e+01
3.085222139447035516e+01 4.389830040812839940e+01
-7.064875297227559692e+00 -7.081067481483407811e+00
5.077063176255775545e+01 -2.579452050088795545e+01
-4.410994577960269503e+00 -2.150719847210811886e-01
3.678374643652445286e+01 -5.229131042019529829e+00
2.642092730112129928e+01 -2.015427332951434991e+01
-2.030398655043347933e+00 3.270167399358614890e+00
-3.321498042030814002e+00 -5.779986882564829642e+01
-2.010805169779675694e+01 4.959436032165694286e+01
3.718334210381508598e+01 3.669018071162946537e+00
5.185032847785454635e+01 1.515127402402288936e+01
-5.135767146965483221e+01 2.906538993718113861e+00
4.634586182461495696e+01 -3.154761696308110785e+01
4.454012330325858926e+01 1.178937741829086505e+01
1.345852790198410709e+01 6.044114611248160074e+00
1.008418803742579151e+01 -5.341995165167688242e+01
9.533745395585958349e+00 -5.171684362712390026e+01
-8.637416321745922332e+00 1.808520232224487856e+01
2.113967306922687683e+01 -1.184428838157358932e+01
4.666023471201495454e+01 -2.428254626856427834e+01
4.005459629521825349e+01 -6.796518890131818758e+00
7.629726473619982130e+00 -6.988966655295676844e+01
-2.951946493597072774e+01 4.905266629864565431e+01
5.337733196676054170e+00 -8.199478647481727478e+01
-5.950634142856368669e+01 1.451109709557018057e+01
-1.131793191452108971e+01 5.414500247961959190e+01
-7.648957687704644570e+01 2.182612252294041610e+01
-1.079327038046121601e+01 3.582739634755352398e+01
-1.937549723119146527e+00 -8.458384970809731840e+01
1.152433376963868206e+01 -5.678410402195578399e+01
3.629388285185699115e+00 6.067593215757841607e-01
-1.700029175478013632e-01 9.226979080760964180e+00
2.853561242703739254e+01 -1.499015411831677547e+01
8.971761430716275854e+00 -5.609552872747774899e+01
-1.088729889921160243e+01 3.898788975555890346e+01
-7.341281754179710184e+00 4.736266473925780929e+01
9.663042044484255300e+00 -5.555830179140870229e+01
4.847282479080032402e+01 3.083642924754891368e+01
2.049069729503289494e+01 -1.734416994515851584e+01
4.257194867441220332e+00 -8.021380173859112972e+01
-6.472113949569026659e+01 1.274003467633086828e+01
-1.672408263087648095e+01 4.125989787608398274e+01
-3.403020889009358285e+00 -5.138399454270844657e+00
-6.677208355932821249e+00 5.164085879220102981e+01
5.333152164405334617e+01 -1.526929625340786423e+01
-1.270250169912095828e+00 -8.373114139762176933e+01
2.143562163249333352e+01 4.967795990308524523e+01
5.022575704805407781e+01 -3.136111000446489783e+01
-6.884166442908676409e+00 5.737274191469770557e+01
8.202269375446353816e-01 -7.352678970229941058e+01
-5.933060379585357680e+01 -1.571179040035966068e+01
3.081567856193603916e+01 3.820648352968539285e+01
1.557789872406726417e+01 -6.477083261295302918e+01
-3.860760182973177024e+00 -5.672178673651313119e+01
-2.683297833751960848e+00 -7.853293868754231255e+01
2.605604765155862879e+01 2.626830683810540634e+01
-7.307673990566213362e+00 2.274452604878150552e+01
-6.418006460824347670e+00 1.374236351853282656e+01
3.075207947642021011e+01 -1.472348504725647445e+01
-5.653773490191746731e+01 -1.703627014756102653e+01
-4.444520700556090986e+01 1.205248993112898503e+01
5.458661521345140955e+01 -1.381132913215651037e+01
2.323553871397235682e+01 -1.532796579354315547e+01
-5.531652600895747440e+01 -8.876710552947399968e-01
2.726721861168592653e+01 4.027719125906832431e+01
2.968640942352625700e+01 -2.159744478053143979e+01
-4.110746819670592345e+01 -2.208971738670626461e+00
-3.134599038024296735e+00 1.756416738248037746e+01
-1.140969856026266349e+01 -7.052137182852588637e+01
5.473807322808519871e+01 -1.524961064940278987e+01
5.221856653022046402e+01 1.499756148880412177e+01
-3.311189931028909683e+01 5.173260256686930347e+01
-7.159930016676358377e+01 1.968901465517283000e+01
-5.569262246845793385e+01 -6.424684158141330315e+00
1.104762707187754600e+01 -5.789872035145123164e+01
3.012956643950353808e+01 3.907287768791655225e+01
-1.200485616043535408e+01 1.996700848608461598e+01
-1.322022663096777606e+01 4.067426750514508882e+01
-7.152295024221837494e+00 -4.228174556891990932e+01
5.186313933304106882e+01 -2.724616660278293878e+01
-1.697871597313928560e-01 1.678605995958489672e+01
5.277616636318642662e+01 -2.904252858449281405e+01
-5.311242700063782962e+00 -1.860306336611631250e+00
3.133058197741011597e+01 3.664714652394765437e+01
2.769264059104990494e+01 3.994554740396047521e+01
1.403201243764334905e+01 -5.838610255079476019e+01
-6.530558152453593834e+01 1.109949611321245477e+01
2.381488821397577382e+01 -1.111826441465863802e+01
2.830464023533128426e+01 4.210034665901915218e+01
-5.880503833580300821e+00 -4.176153028433446934e+00
-2.088973850261423948e+01 4.892643744786919768e+01
5.204704373158021014e+01 -2.879323245611539051e+01
3.811031892302692459e+00 -7.506514784308701849e+01
5.403440543053614675e+01 -2.903597688601512417e+01
3.050392648842144561e-01 -8.058613716394792448e+01
2.061966791075069949e+01 -6.416592120177016056e+01
4.578674275459237464e+01 3.745622301795373943e+01
5.022129421842360841e+01 -1.195373465386128053e+01
-6.080253117824337750e+01 -3.549182655897867189e+00
3.844622689924566572e+01 1.530058634184207733e+01
-7.282852722126045819e+01 1.968003892954958189e+01
5.813247336925401498e+01 7.673486395592155951e+00
-6.946328198993756864e+00 3.066880434329460314e+01
1.879568724146167469e+01 -5.271681698753019418e+01
4.887992676709669837e+01 4.246465482509689338e+01
1.541476187670811271e+01 -6.151686679864917551e+01
5.193565844475818949e+01 -1.167083982356967198e+01
-6.164212714330571430e+01 -1.877412360063640762e+00
-2.457286198116910292e+00 -8.526809808345352337e+01
-8.064239322824590772e+00 -8.026536561000831682e+00
1.998605474607187404e-01 -8.169848936217213975e+01
1.344086232199306430e+01 5.943596597166179940e+00
5.225578629806220476e+01 4.360512347634838193e+01
4.180025531121022198e+01 -7.997481817103982316e+00
5.404049517371372247e+01 -1.256695420404243890e+01
-5.954122683729701038e+01 -6.971087814496754298e+00
-8.879403099481487871e+00 -8.380953146018504185e+01
3.714403366891649227e+01 4.298806781445603242e+00
1.983614725472191154e+01 4.124070453408088355e+01
-9.498655481152542990e+00 3.223261793179141677e+01
-3.920988722431002937e+00 2.296388324156950844e+01
-6.896337143350417875e+01 -3.094624393663342410e+00
-6.083285744359039171e+01 -5.809072841103982476e+00
-1.208687821698125120e+01 2.106787213715266560e+01
5.195580909875888409e+01 -2.385258276222272400e+01
5.066011051388736774e+01 -1.349414679402313766e+01
-1.134200041279131099e+00 -7.946105266528293498e+01
-5.943783248959017840e+01 -5.628333924550958933e+00
-1.156527467830229483e+01 2.819054321145242525e+01
5.660908195654501185e+01 -1.189288805315644204e+01
-1.505362406663748054e+01 -5.058451437857102162e-01
3.149262575351229110e+00 -6.415772041729665887e+01
-7.510881601772035765e+01 2.365437446868230253e+01
1.669101631510627470e+01 -6.898440219605845414e+01
2.501310792379930348e+01 -1.852769331950239717e+01
4.302596500275756242e+00 -6.203850547803106963e+01
5.158316059690010036e+01 4.613367689279079542e+01
-1.451812834455468959e+01 3.367915441563487633e+01
-1.039363668728116075e+01 1.054630924340513154e+01
-6.637935259619501949e+01 5.456416578422389030e+00
-9.600089342624327671e+00 4.987445756769234606e+01
5.060547075499255243e+01 4.278713826975766921e+01
2.586144124523510612e+01 3.833038291969636902e+01
1.598867579967374120e+01 -5.757026179978424096e+01
5.508893441172747174e+01 -1.164665345018908305e+01
5.042331362091188396e+01 4.466010633835386301e+01
5.713622850361216621e+01 -1.158050947687538468e+01
-6.053954910469474271e+01 -7.334459667243162784e+00
3.906211943375495821e+01 -6.513219463854348135e+00
4.890753882151911114e+01 4.352389171418351310e+01
5.221045248454242227e+01 -1.345913223111175583e+01
-9.926142807178688798e+00 4.909145995789663885e+01
5.176544800644663979e+01 4.261071599178232816e+01
-1.106856479846414665e+01 4.942272515728445370e+01
-4.785430900926099440e+01 7.839584641362511874e+00
-8.282340131331825006e+00 4.769299014049754248e+01
-4.254368246801575104e+00 -3.908082673169275711e+00
8.309971558742981657e+00 -6.285468335885591529e+01
2.348572553900829618e+01 2.098554024923979000e+01
4.447568674863217097e+01 3.374413024437966868e+01
6.908065904229473420e-01 9.646842439635840094e+00
-5.845832884286999587e+01 -2.238517960655600270e+00
-5.403850432409041815e+01 4.343548242231445755e+00
4.938571168765404451e+01 4.467800701162384769e+01
3.000109575594431632e+01 2.601477328303540304e+01
-5.397310016277837974e+01 -9.443642811120755098e+00
-7.391401390855007492e+01 1.588036119789253142e+01
4.689152406934030637e+01 4.536583242030830121e+01
-2.190280526103843162e+00 6.038027774356650390e+00
4.834198937542510066e+01 4.492563199366002635e+01
4.399859425973776439e+00 3.816136044344106182e+01
4.411283918546467220e+01 4.486080554111882890e+01
2.753247800358755271e+01 -2.073503093828387733e+01
-1.126367231070759445e+01 -6.167601560979746544e+00
-1.420542213693269673e+01 5.646861611959709393e+01
-7.753754282632746353e+00 4.333126809466398832e+00
-1.746282662860968449e+00 -6.085713898068015482e+01
2.170843076527062010e+01 2.062183111676793956e+01
5.153089781182756468e+01 -1.394912183223821067e+01
-8.919169573970352261e+00 -6.640784303999708982e+00
-1.162693428339087909e+01 1.842144341137242591e+01
2.592610464988061025e+01 2.912146425543705064e+01
-4.901142835071083681e+01 3.907215653592445159e-01
-5.699407994482174189e+01 -9.090265851341943204e+00
-6.232432158118424326e+00 4.625219888998791617e+01
-9.374372808669618751e-01 -6.195848212381829967e+01
-9.295594388902681526e-01 -7.862563343336645971e+01
4.514354745612032360e+01 2.942518981766680852e+01
5.361915008049292908e+01 -9.164513286897372879e+00
-6.934205370558824688e-01 -7.705337040849266828e+01
-6.281920396028864673e+01 1.435086510281594485e+01
1.803375165585404893e+00 -8.319613965902308905e+01
-5.762649801836403896e+01 5.511036953472384425e+00
-1.598737283129301368e+01 5.604749371905228372e+01
-4.314677738929002970e+00 -9.507521953293680994e+00
-1.496508991678339839e+01 5.693708323976531460e+01
4.231805117247019865e+01 -3.187397426606408501e+01
-9.992722344338044849e+00 -6.690159693194155466e+01
-1.596325795418417925e+01 4.087441247888583717e+01
-6.918274014093682922e+01 -3.105103145195004521e-01
-7.282008734445259979e-01 -6.961496215908675822e+01
-1.511620580378496825e+01 2.885167474375020902e+01
-1.217668764485063448e+01 -6.074104118483666603e+00
1.402094127390098421e+01 2.081889059973444134e+01
-2.062988607804055974e+01 5.497874251977992088e+01
2.823702591832847730e+01 4.585379801319270143e+01
5.531386010813177023e+01 5.116385964866960023e+01
4.207895369780459305e+01 -2.326029878999734279e+01
-7.803217055345467834e+00 5.209411748120447605e+00
2.357394282155180321e+01 -1.951462857418069419e+01
3.996472995847665288e+01 -1.050980759774919804e+01
-2.656799851612706220e+01 5.916110507288008336e+01
-1.065742102170528405e+01 4.256814497253999718e+01
5.395760551738629829e+01 5.241204407403906629e+01
4.337387089248615979e+01 -1.371019447846856743e+01
-1.356958734530285504e+01 3.231950981602550854e+01
5.108910324296735439e+01 4.820486519889771415e+01
-8.561288538612558341e+00 -5.263135650459383186e+01
4.881810820512520799e+00 -7.871294722232516961e+01
1.728984910127179697e+00 -8.123269132277700066e+01
2.647400043853475715e+00 -4.332756984183139792e+01
-5.525828334366828187e+01 -2.297012911670452340e+01
-2.743451830155312265e+01 5.995236089091081766e+01
-2.536470409098815182e+01 6.063677411066480261e+01
-1.426384305052389045e+01 3.217023694298203651e+01
2.252991213545585936e+01 -5.514624699433312571e+00
-5.743256290859633850e+01 -1.543292038595420657e+01
1.258048469662164770e+01 -5.397187128504904052e+01
3.475380147171505740e+01 -8.616461318439387895e-01
5.015350456513534283e+01 3.222846864800037281e+01
5.809914446338741101e+01 -2.022164110767079848e+01
5.656951829294218470e+01 4.973517132606264823e+01
-2.080035355911944350e+01 5.287242018519809506e+01
5.551335839198932121e+01 4.972504911869429378e+01
9.189213247775684934e-02 3.302356776287435736e+01
5.842361096493922190e+01 -1.948860205417062019e+01
1.852511887323004558e+01 3.568105179049541675e+01
5.915744604352349967e+01 -1.863123076986486382e+01
5.530318659038995577e+01 4.926540744072336508e+01
-6.255439945466003593e+01 2.652119318236863865e+00
4.663571618406259489e+01 2.738168540870778855e+01
-5.360048811884741582e+01 -1.783701313339754790e+01
2.451070075275263349e+01 4.174408000018798504e+01
-8.984282636382875609e+00 1.007792851741367635e+01
2.484233582461195056e+01 -3.431007523515241964e+00
-4.499113651214597098e+01 9.603175834669638533e+00
-7.540182177507081640e+00 -5.270174287304045180e+01
5.842979138042197462e+01 -1.605358684595255525e+01
2.018517643088453539e+01 -5.953229618881093188e+01
4.475921862107523452e+01 2.399091859622635781e+01
-5.904838685878861781e+01 -2.195104900727023889e+01
-4.591500505102015950e+01 2.704109213703374870e+00
5.951435358297354838e+01 5.169741601498886752e+01
-2.103674374082337550e+01 5.889570954972757022e+01
5.066922044056061836e+00 -8.373808465657099021e+01
-1.823814588218521493e+00 -4.787896571893993780e+01
-1.371614438811985970e+01 2.074979615766809715e+01
-5.434715583613397882e+01 -2.408839037704551700e+01
-7.113190445514065630e+01 2.447060396103818292e+01
-1.872342219706824906e+01 4.873575443133164953e+01
3.902909266490032536e+01 -2.701616259073076165e+01
-6.489284224641686194e+01 1.476144737649834404e+01
-3.414364423004181415e+00 1.234263311285769715e+00
5.397764598417246162e+01 5.202640337226709022e+01
5.013302389237218648e+01 -2.855615724436722758e+01
-3.842144693887102669e+00 -5.119127925660004763e+01
-2.069949808232054878e+01 6.164349500794285319e+01
-8.249606531294176648e+00 -2.447822310135441548e-01
2.907238635035577778e-02 -5.612438819703864823e+01
4.704950813899942119e+01 4.109156373214964475e+01
4.528910283461307529e+01 -1.469115964807609487e+01
3.032989332247257508e+01 1.663595126888122167e+01
-5.385859322566797402e+01 -2.336632147213685329e+01
-7.137871259562776238e+00 2.684502592546872179e+01
1.222185429575645621e+01 9.606258106935166907e+00
-5.722126882685531513e+01 -2.094443478382045498e+01
1.147730792776981801e+01 -5.246407862144353373e+01
5.650536073746736321e+01 5.261038681484352253e+01
5.769210077286740557e+01 -2.238700821305603839e+01
-3.054298282285791544e+01 5.544971421250078691e+01
1.216141402613792621e+01 -6.394896825063752743e+01
-5.707113599736722165e+01 -2.229583210209791844e+01
2.040038729483661939e+01 4.123117845571135831e+01
1.504935955289941951e+01 -5.214316297693910940e+01
2.097334755917314109e+00 -4.288670070398983825e+01
-5.920547327187209996e-01 -5.451558983338838260e+01
6.122996841240188282e+00 -8.538062721691113666e+01
-1.168803861263624810e+01 4.531990930635778625e+01
5.155020966514931757e+01 5.101310526441411497e+01
1.402256899271204915e+01 2.097661753770382020e+01
4.562582416057174584e+01 -1.022071508011496199e+01
-6.946475247144169884e+01 -1.727739591185622103e+01
-1.060136734413216253e+01 7.492460836478713304e+00
-5.827163711325945883e+01 -1.195278941060378131e+01
-5.703063510600325969e+01 1.686747884627355987e+01
4.480027641956895934e+01 3.065425433287229851e+01
3.156193113137702455e-01 -5.408689159107446898e+01
3.129626916692816607e+01 4.711946915332782027e+01
5.426774008117572379e+01 -9.948412885698175501e+00
3.468845588232859711e+01 1.852583932866545169e+01
-6.882661063278409586e+01 -1.782630630550259099e+01
-7.919031267126252160e+00 5.311829052044908650e+01
-5.772958608781220136e+01 -1.129818844737568995e+01
1.813060936230495201e+01 -6.994874024177478589e+01
-6.888337541003592435e+01 2.411702988059186126e+01
-5.111723244334299920e+00 8.879674762096504637e+00
4.393200501051408580e+00 -4.751543246343580051e+01
5.204669217624597621e+01 4.952686046077378990e+01
2.503031769449166077e+01 2.574471522429744752e+01
5.655439394263400033e+01 -9.672441000683516421e+00
-6.546289148675997183e+01 -1.790396022284506472e+01
-4.519688416560906319e+01 9.133158217449787841e+00
-6.879445569110055203e+01 -1.857462373094662311e+01
5.666566202599372559e+01 -8.865127749474989827e+00
2.857807455838747757e+01 2.343312199604718060e+01
-7.861348478394614148e+00 -6.041930693751577763e+01
-6.467148834542214786e+01 -2.266069582083342127e+01
-5.221024804961607479e+00 -5.559908998399249214e+01
-4.576021623817490003e+00 -4.989043692079851411e+01
-1.326966457615070816e+01 -3.897629073032436997e-01
3.050449731960504351e+01 -2.097392970350195540e+01
-4.933172935558193473e+01 -6.032077169074852030e-01
2.174770189132388509e+01 -1.871225181273945992e+01
-6.173053574022475232e+00 5.607085077248876814e+01
5.300145499412549555e+01 4.099712096296559594e+01
-1.318525606476092626e+01 5.796969302388767176e+01
-4.791200305243961566e+00 -5.542427458177641597e+01
-1.281581537271456206e+01 5.897808631579772509e+01
4.967375506215491043e+01 -5.023465368311422985e+00
-5.235609985338652628e+00 -7.440607305507768388e+01
-6.690989988240774267e+01 2.293415018998961230e+01
3.063512953522443638e+01 4.784495138574890660e+01
1.876925407251166078e+01 -1.134112500821868608e+01
-7.105179057808820531e+00 5.522906040796222982e+01
5.685291751024108464e+01 -7.857812896844968975e+00
3.050480679334178902e+01 4.539716367938840591e+01
2.928547615998060394e+01 2.351949482256714674e+01
1.021315673106658295e+01 -6.468852410634343642e+01
-2.366465093980005818e+01 6.213876569188701637e+01
-5.793389096063295440e+00 -4.852213644209193433e+01
-7.761245725515448157e+01 2.043421119127100383e+01
2.771775538225537261e+01 2.020907662243723735e+01
-6.456874961942512314e+00 5.480397280843683205e+01
-5.971598568879866775e+01 -4.138184610856344037e+00
-9.825297447000586715e+00 1.865693218150569166e+01
3.328995173792535667e+01 -9.179368579922693172e+00
-6.445715395720695540e+01 1.732910918883793272e+01
5.776536439277476376e+01 -6.954524855238036096e+00
-7.101855361315624116e+00 -4.198647021473939134e+01
-6.593112103493413656e+01 -1.720400524983364932e+01
-7.195105221460050871e+01 2.551922944439031582e+01
1.637136167283823607e+00 -5.162284575579599277e+01
2.840899092138732840e+01 5.288341238003648215e+01
-6.094718580611085201e+01 9.550733738936791895e+00
-6.803818007677382695e+01 -1.769312206789464170e+01
2.621349132403937787e+01 -4.624188022652380603e+00
-5.312301192608971157e+00 -5.175769373626196312e+01
2.853320008254118356e+00 -5.696650950165283689e+01
4.453076303865176300e+01 1.179937970520172108e+01
5.570288444136225081e+01 -8.175489961410907114e+00
5.542003925684505505e-01 -4.915162577515387454e+01
-5.869611766991213564e+00 -9.146307146857445503e+00
-1.378024185107864596e+01 5.503494981637466310e+01
5.154847672360112654e+00 -8.447463384897372407e+01
3.902264980900140046e+01 -1.126282407635320482e+01
2.893731651824079876e+01 -2.414882908086975277e+01
-6.751060706256184574e+01 6.008672635204792556e+00
2.273290678945869558e+01 -5.258492561502066565e+00
-7.503860789960083366e+01 1.945400762566162101e+01
-6.941263869210061443e+00 -4.871976203169595721e+01
3.648304526130125680e+01 -2.042717807530623020e+01
-1.492892074487792264e+01 5.532731547743877343e+01
5.933785282887716761e+01 5.133327710837702540e+01
-4.208862719352812576e+01 7.664033674539674212e-01
-6.229556120905025551e+01 -1.846079263734011633e+01
-6.339317907237635552e+01 -2.179133490735179990e+01
-2.195553991885544320e+01 5.818346616423237805e+01
5.614385702979168258e+01 4.767389692064042350e+01
-6.636233188590678367e+01 1.124591213826027669e+01
-1.231620021838239865e+01 5.737326896795072884e+01
-6.850278145827698495e+01 1.908237606877045422e+01
8.605666723355889225e-01 -5.225077686429165880e+01
-5.837557684054038276e+01 -2.178175422302110320e+01
3.025211548819886076e+01 1.686044967694332897e+01
-1.864444995150173057e+01 5.530446431325622569e+01
3.289731950368394386e+00 -4.395148096641968039e+01
-5.532846354134858302e+01 -9.132930769611052213e+00
5.691723205299570054e+01 6.710413950711340725e+00
-1.994192637753474884e+01 5.994667141984731984e+01
1.698647026243568803e+01 -5.639859982309043573e+01
-1.062659532703518472e+01 5.930038019624459622e+01
-1.774276145991147047e+01 5.655407779904005849e+01
-2.949601709003840000e+00 -4.881056732080699589e+01
1.347745319768675465e+01 4.694252085381505957e+00
-6.369167299281853190e+01 -2.173613515570957588e+01
4.287264453810027476e+01 -1.189764491806680446e+01
-2.598126542810176520e+00 -3.520333430789380991e+00
3.316876796223908741e+00 -4.732750938427679444e+01
3.730991995762400038e+00 -8.458527611703621574e+01
-6.031539616009096250e+01 -1.949487083942630861e+01
-6.087505599479766971e+01 3.304061894758013818e+00
-6.700983181580224368e+01 1.894694533285337457e+01
-7.003285043878200611e+01 -1.908166395996463649e+01
4.110551376637970833e+01 -6.083609309232273610e+00
1.691783021573143131e+01 -5.608516936874573133e+01
-1.068829156494692967e+01 3.509115344546714255e+00
-5.568509334742191186e+01 8.205958211107823530e+00
3.781994749037461645e+01 -2.714807822382915603e+01
-6.762180427757610346e+01 -1.277765087468610394e+00
-9.863946105162892053e+00 2.797393954535605687e+01
-3.573032361728166073e+00 -4.621517288567805792e+01
-1.880404220149007699e+01 5.362565401872836901e+01
-3.519232853400665828e+00 -4.668650702905833327e+01
3.425207797563518142e+01 4.372252628686149478e+01
-2.009396645741636078e+01 4.205364250404664261e+01
4.598798424818843245e+01 4.755826294061962756e+01
-1.447346774875002318e+01 2.386712720191450643e+01
2.191295171881619552e+01 -6.520580130483959636e+01
-8.067837316800270386e+00 -5.738019166874885713e+01
-4.852791748826177098e+01 1.768763927666173075e+01
-1.566444951473287084e+01 5.359692778997470697e+01
4.532533837947603672e+01 4.911912941894729556e+01
6.352481498716103658e+01 -9.749846924475450649e+00
2.747083528475346625e+01 1.502023249272015271e+01
-9.034830538159917879e+00 1.358205515077056269e+01
-1.508077578983754741e+01 3.232853604971344197e+01
3.206619902601827476e+01 -8.157968525328207932e+00
-2.527984424932184737e+01 6.184743584653607229e+01
-5.549480606262387994e+01 -1.916995124086716373e+01
3.593736765781961395e+01 1.785382327545351444e+01
1.954504685130122965e+01 -5.943848350826493743e+01
-2.455895897783538118e+00 -7.484912887315526575e+01
-7.547425424235878921e+00 3.444256591324519690e+01
-1.534902752075281285e+01 3.833553283312008375e+01
-3.459980823490026669e+00 1.240682775376233948e+01
-2.015132038630942546e+01 5.395095646092732267e+01
-7.633207279783138510e+00 -7.065964880226620437e+01
-6.794216410252282401e+00 -5.727753803972775160e+01
-5.091188875201149244e+01 1.085886633308364857e+01
-1.789940578420548434e+01 4.238436051681328820e+01
3.773841984744748146e+01 4.002192174222032861e+01
5.019490248521642428e+01 -1.962252679004262423e-01
-5.277840699943757130e+01 8.796047861031292214e+00
-5.419860038435229654e+01 -2.058354541431049611e+01
-5.396576029342314840e+00 -7.686931607181190884e+01
-1.685984355245396582e+00 -5.365501151124983892e+01
-4.927802609837721803e+01 1.095141638479328172e+01
-1.804374599666238055e+01 5.849502498440713083e+01
-5.298083019746725242e+00 2.317667630244137911e+01
6.384602405104374157e+01 -9.702438118431599534e+00
1.898853874880539028e+00 -3.968123231779274107e+01
1.940096986838215187e+01 -6.367049623297746308e+01
3.052884373903389204e+01 -1.583489994407087487e+01
-2.003069165309461752e+01 5.632896060596045373e+01
-4.381336017938495253e+00 2.235514430694635379e+01
4.888436036760458592e+01 2.325118328672640899e+01
9.133922808024534934e-01 -4.788790038333838339e+01
2.844186698866960228e+01 4.285348783663510375e+01
2.809223884982243646e+01 1.576981501364125648e+01
2.814485175930230554e+01 -1.250236854700629330e+01
4.746134739624081078e+01 -2.018413859620670081e+01
-1.848497153307958740e+01 2.375915346012898866e+01
-1.565398676351997409e+01 3.298063984821153927e+00
3.074343001473641124e+01 -7.238368353310850267e+00
4.746251605695619702e+01 -2.021673623897033067e+01
1.606812580779149613e+01 -6.507467475139614521e+01
-1.989521679332481696e+01 6.162081389636136208e+01
-7.563410600841632458e+01 2.511784538146542900e+01
-5.536379785782620644e+01 -2.027084141577295640e+01
-5.431674718582406314e+01 1.545770394570585005e+01
4.455481932768165620e+01 5.028441186829384435e+01
1.821889126411191739e+01 -5.241645368226485857e+01
-5.454824426010308969e+01 -1.874829381910866744e+01
-6.712260801844348634e+01 1.477661040573588380e+01
-1.716540565337709268e+01 2.468497353427644825e+01
4.480061592291284001e+01 4.113425074189481734e+01
-7.286955084425105156e+01 5.383154569303980175e+00
3.170306834896639003e+01 -3.289882362331722376e+00
5.096966841535500059e+00 -5.193607529305944581e+01
-6.433237293367790244e+01 -8.035479302758851361e+00
-5.973372571942958231e+00 5.085569537374649229e+01
3.443131147669680558e+01 3.751238891958893618e+01
5.565664362158896949e+01 1.266528306376733859e+00
-6.812678732518777736e+01 1.175221910158629202e+00
2.940835698920935215e+01 3.025630490768085323e+01
-9.080187059422854645e+00 -3.071874941804239700e+00
-7.448211789509670666e+00 3.288890356895563372e+01
-5.650322454385110404e+01 1.586873230106571775e+01
3.434606898068251724e+01 3.709761720376413052e+01
-1.017020318957236391e+01 2.074601026111242774e+01
5.648945598312254646e+01 5.469761401368513631e+00
-6.526648953873525727e+01 -5.554873503467123719e+00
4.255303169852798995e+00 -5.309454331070960365e+01
-9.624175919049227090e+00 4.430303396771660118e+01
-6.158791510660639545e+01 1.680769075610820096e+01
2.736859910150525366e+01 4.924985954602873051e+01
-6.620069809457868359e+01 -1.598253126214428121e+01
3.208717972970553944e+01 -6.266835716279934410e+00
-4.826992686345739969e+01 1.814045107430358428e+01
3.151881212867019499e+01 -1.912350938306857273e+01
-4.136969656161465281e+01 1.034298127234976716e+00
-4.925244945288313403e+01 1.505586283181515483e+01
5.507744405576521274e+01 2.344307192652382188e+00
3.719409679348200370e+01 1.351971056442635932e+00
-8.878770400705812804e+00 8.145463123066720712e+00
5.354661615349350967e+01 3.779935034475385702e+00
-1.092452721384768743e+01 1.154778789780328019e+01
-8.375934596815054478e-02 3.538130453973747791e+01
-5.154993477089545451e+01 -6.040703336707088589e+00
2.667041355037996198e+01 2.798464956287080341e+01
-7.276900458985272735e+01 1.160569612276853624e+00
2.652358586299400756e+01 4.850663620339493320e+01
-7.349366389280992173e+00 1.317337592854858030e+01
-7.021140287063180097e+01 -5.838298804964637156e+00
-6.945899801398371665e+01 9.818428782254651210e+00
-3.479599741374183597e-01 4.145468353575237330e+01
1.749518201107744986e+01 3.520001026639115338e+01
-6.937392256959925874e+01 -6.376748952034141382e+00
3.150160968130932204e+01 3.805067597761956222e+01
4.364718032772567824e+01 2.872646983910468066e+01
1.407326839161577148e+01 -5.146460750367575088e+01
1.292183634202015519e+01 1.812925659102201337e+01
-7.102346690662253081e+01 -8.809220186379960182e+00
-7.104483049368003833e+01 -8.068665590117635844e+00
-6.930438901948751607e+01 -8.571794487693948028e+00
-3.671700418124874243e+00 4.114725166437430204e+01
-5.413699916888590025e+01 -7.029037034425778430e+00
-4.924869577278354060e-01 4.234864521879138977e+01
2.230959785172588639e+01 -2.028120806459265424e+01
5.731692754044745897e+01 -7.154933512950193419e-01
3.100354396262172685e+01 4.695484046144232337e+01
5.361958818756723844e+01 7.954656952887035004e+00
8.027100749065185781e+00 -5.210023146235953106e+01
-6.726499246133636234e+01 1.425296856368778542e+01
8.341942670810009730e+00 -7.406490205632429991e+01
4.463282123687439906e+01 -7.729940777333998092e+00
5.497699368257420360e+01 3.316297589019550962e+00
5.487904962332227399e+01 4.321869191889144979e+00
-1.168928777815726505e+01 3.878076482360224020e+01
2.719613629668666732e+01 1.680507194570904161e+01
-3.980791261949770288e+00 4.304501843306050546e+01
2.185051060377581322e+01 -1.536086449743824822e+01
-2.072194535587711162e+00 4.618139257169116263e+01
7.341739499405146141e+00 -5.046915938025115622e+01
5.615759005586463815e+01 1.238020323992590432e+00
-9.452861134439537238e+00 4.712455611616608309e+00
5.478902374098670869e+00 -5.048661904926807154e+01
2.858268237557456359e+01 4.902638041669995062e+01
-8.418926452462999421e+00 -6.488494957498392068e+01
-1.327367388574342666e+00 4.426161166925209756e+01
-5.367717833921643589e-01 -6.301332323732366092e+01
6.392843491783497534e+00 -7.085676218582455022e+01
-3.372501629744256935e+00 4.255953811026432732e+01
4.542268320576328677e-01 -6.119072375992907098e+01
6.953024458245701922e+00 -6.747598662547771653e+01
-6.590379849936908840e+01 -6.335468930511117591e+00
1.944817028857508134e+01 3.588345962938728206e+01
1.092039232260473725e+00 4.252773067669139095e+01
9.018873446968202146e+00 -4.955257499708321234e+01
2.745951236112460592e+01 -1.477873495326587339e+01
-6.503514330377861086e+01 -4.914505157650587819e+00
-7.272736523108501672e+01 2.532979830394685905e+01
3.906611581954666690e+01 3.017675765867957338e+01
5.763862625649435856e+00 -7.410517710707897265e+01
8.952317555662574478e+00 -4.918725544503450919e+01
1.220438848739043536e+01 9.639255954534634796e+00
-2.843509887967457850e+00 8.907571514284281733e+00
3.057723855774626642e+01 3.106945652841624650e+01
-7.122008982566112145e+00 -5.306388062977012510e+01
-1.185284008530388000e+01 5.106780667570225063e+01
5.006226741313228246e+01 4.869156997936861586e+01
-6.789123440539761134e+01 8.399172582032962353e+00
4.059194408850846258e+01 -1.258360704559337329e+01
-3.498430512028581774e+01 5.237337872263438499e+01
2.533341636040444556e+01 -1.692122362109761724e+01
4.966529220223002739e+01 -2.546949671612146560e+01
3.242898813527208546e+01 -1.431676675411645228e+01
4.150463697502999594e+01 -1.990994097175481770e+01
3.670149017657251989e+01 1.637867317284617030e+01
-7.550638178321493399e+01 2.259997008715857802e+01
4.529079716278088341e+01 2.409130230043907162e+01
-1.268264908526306201e+01 4.008370883180711530e+01
-5.728639719897679328e+01 1.442352127266490491e+01
4.711848006670986422e+01 5.445012726470917386e+01
-7.783367685862324947e+01 2.202627183553127921e+01
-2.298506879509017775e+00 7.846706415750633212e+00
-5.729989696186448711e+00 -6.140811022876319747e+00
2.092837104773604651e+01 -6.068404674123580378e+01
-7.349507991741732837e+01 2.376229748567284972e+01
-1.865329448971793624e+01 4.145608598398536770e+01
5.416256857715068662e+01 -1.737920484565147561e+01
3.437969474710662610e+01 -1.100604490078111297e+01
-4.192359076974410570e+00 -5.399703163553752461e+01
-5.498344003281875558e+00 -3.365199393226315117e+00
-2.996877016550979889e+01 5.094470582241856249e+01
2.757083220164452797e+01 -1.793933081071392976e+01
-3.094486987446525461e+01 5.335848232815281023e+01
5.150482146472780443e+01 3.838777947000776436e+01
-1.853355749465317359e+01 5.282461839933176151e+01
3.444864973683852583e+01 -1.186483239847496707e+00
-1.036279016959274912e+01 -5.346739002544340025e+01
-1.407546626884135899e+00 1.384813110389255542e+01
1.634430083318432425e+00 -6.049115617768806885e+01
-1.054167260999656541e+01 3.023391360379007153e+01
-1.128619751230694668e+01 4.589530234171147072e+01
-4.662190467659706172e+01 1.103176758368458010e+01
1.680106103863452915e+01 -6.770980215719878004e+01
-6.366838424573198552e+01 1.574676546967433843e+01
3.628644767692519935e+01 2.032086140044980738e+01
-3.575001695320408146e+01 5.077056304377698126e+01
1.153281227232367145e+00 3.912847271172326202e+01
-6.519871436175265877e+00 -5.141404906818057441e+01
-1.889920611097214476e+01 4.289449997885495947e+01
-2.015213748047544939e+01 5.825111385062333369e+01
6.016816293096560742e+01 -1.274719294415505111e+01
-4.040765731994886778e+01 3.794661409131726515e+01
5.480976288096876914e+01 -1.668262445178576314e+01
-2.716977918215622267e+01 6.244296123236976825e+01
-3.565390950628896860e+01 5.054220165611188520e+01
4.736013329305657038e+01 5.376374483072947186e+01
-3.569644708128942767e+01 5.201130572926593487e+01
-3.576023021396211199e+00 -1.261059778265844367e+00
-2.999047845620150454e+01 5.058369075531742709e+01
-6.713088478731155817e+01 1.253183038965964613e+01
-7.594044014626760486e+00 -1.352595736647033142e+00
4.677122456211835555e+01 5.150320726553003681e+01
5.285423743029707566e+01 1.466790067529022323e+01
5.915221936370031131e+01 -9.742919273002229374e+00
-1.513611282802424718e+01 -1.926258873245283443e+00
4.974694852212549989e+01 -3.316419080264122687e+00
4.940842674815576174e+01 5.395962626292609343e+01
4.851779266322552786e+01 5.333004914492650528e+01
4.375485730836040688e+01 -2.574163703113430657e+01
-4.993590098561028867e+01 1.549833376467263868e+01
-8.794724660493178803e+00 -5.143900118085775119e+01
1.295818616740982243e+01 1.798657093784213501e+01
-4.042744614097382083e+01 3.793455883249379212e+01
-1.324280876637642557e+01 4.986288607465693445e+01
-5.570226609083160696e+01 2.124291644453416339e+01
4.169522573026223711e+01 -1.225117422197847716e+01
5.012440898681158785e+01 4.077600410119936925e+01
2.567510404182324990e+01 -1.308686753373233636e+01
-4.202529033485210341e+00 -7.780103345847052765e+01
3.217462042669257016e+01 -3.075627811525547539e+00
4.871884454992114399e+01 5.456204766890787994e+01
5.719780517373092721e+01 -1.555197986118970555e+01
2.138640982657442180e+01 -5.547391431591685063e+01
5.372132319112508014e+01 -1.116581840519845059e+01
1.179797834939600776e+01 -6.427494975827305268e+01
-1.387634443567032072e+01 2.259923653707542712e+01
2.681580880225944696e+01 2.113750636541469419e+01
4.474440471716566492e+01 -5.023385460075397546e+00
-5.864561749613014996e+01 4.177036176759788333e+00
-2.038242035011745656e+01 3.885988599659238929e+01
4.834264607584778162e+01 4.034927458945818302e+01
-8.320687929357253765e+00 -6.966878934357366404e+01
9.315790604822977272e+00 -6.963757301296676872e+01
-1.762608103189866782e+01 3.987668517581067817e+01
2.770984197583591779e+01 2.794136192704117505e+01
-6.648433597833999897e+01 8.527957905639793168e+00
3.863729558480945769e+01 -1.013572899425366813e+01
-5.903032696125254120e+01 3.890683375958955192e+00
3.911883476167293594e+01 -1.922363846948869082e+01
-4.847620080703830325e+00 9.785218955436340238e+00
2.515956868187419815e+01 -1.297438547360679806e+01
7.578441310662398678e+00 -7.343392857386827188e+01
-6.986422766382651162e+01 1.846085447385680922e+01
-1.309487260710190348e+01 3.441300420248445846e+01
2.870313066644047595e+01 2.731503916862432035e+01
4.539335671343147993e+01 -4.513207215585164356e+00
-6.252881622184645494e+01 2.133271410469272933e+00
-6.290391967346506519e+00 4.413630788989075349e+00
-9.884405453128461971e+00 2.591255715762274647e+01
3.856709744391583428e+01 1.629614315592466767e+01
1.301037363125987945e+01 5.000573370521042449e+01
-5.551348181042679641e+01 2.530169096909977267e+00
-8.615449897964660986e-01 -6.935969045857339665e+01
-5.536134885034209674e+01 1.812296006408960825e+00
4.290464950976220138e+01 -1.933896406546662661e+01
-7.085916709418762593e+01 2.274787402017823368e+01
4.410758628729839614e+01 -2.419155999087304565e+01
-6.382743156852016320e+00 -1.020889758246774015e+01
-4.271466968264072683e+00 -6.505479267160598056e+01
4.971446902689029912e+01 3.828755962851901984e+01
-1.772871466717751332e+01 3.785056228307589521e+01
-1.804318635386991332e+01 3.847558569421142494e+01
1.204531355523822533e+01 -7.015632770422003262e+01
-6.979388431085320121e+01 2.250029484209074671e+00
4.554107046971068939e+01 -7.399147003842220904e+00
-6.175697556572858815e+01 1.337670655740900472e+01
-5.730640461313993939e+01 -6.262779303637798778e-01
-7.061009874586687829e+00 -5.173434304548000462e+00
-1.468756091299337285e+01 2.792649706837522317e+01
3.145563390661359193e+01 -2.157795680904409963e+01
-8.117379411227387820e+00 2.648653777368191697e+01
-9.831820868419486104e+00 8.930481324665588971e+00
-1.585095294622392537e+01 4.812868994720984617e+00
-5.313700024815997836e+01 2.807650462097662114e+00
5.157587439622511205e+00 -6.446365509643726455e+01
-8.049553464637366318e+00 -3.014995893709162988e+00
2.538172193499270790e+01 2.423244263164784584e+01
6.189026575604783531e+00 -5.873987334510671587e+01
2.972326104099817456e+01 1.163789332151502043e+00
4.752151541265681800e+01 3.838158913961731855e+01
-6.245136630821307655e+00 5.941579421977720266e+00
-1.152668236563471638e+01 3.384172888731153961e+01
3.322817748654927072e+01 -3.713146486909176591e+00
5.014551634649274803e+01 -1.740264595505470879e+01
4.235648221108864853e+00 -7.247699281408826266e+01
5.671244376291521405e+01 4.646246521363256221e+01
1.596149041554781878e-01 -7.820527555034799150e+01
2.775492200762680639e+01 2.327152167244110714e+01
1.726428829083433092e+00 -7.590781041444188304e+01
-1.015231337006634682e+01 2.921039713404699967e+01
3.649706066199215826e+01 2.225123891572978607e+01
3.950961336855417017e+01 -4.689241199848805053e+00
-6.295805461618969900e+01 6.323180270643349310e+00
3.670988607442148322e+01 1.691829600446064319e+01
2.471448547328185441e+01 4.276823767975412238e+01
3.527340744380680349e+01 1.711659865002529912e+01
3.184057774698505483e+01 -1.896176064738984124e+01
-5.520558471412032020e+01 -8.439788129433464903e+00
-6.886273829646853528e+01 1.194460102393854584e+01
-5.262745296038013976e+01 -9.831817671561991767e-02
4.958103549012304967e+01 3.097826012629557368e+01
-5.567972640418386732e+01 -7.613888711818852073e+00
-3.677349286667511929e+00 -7.478902199952129592e+01
-2.644660708141210126e+00 -7.570294374967674855e+01
3.743098471256044490e+01 -1.457835609467853288e+01
-2.196930191303768432e+00 -1.897519277729952103e+00
-1.197049585693715912e+01 3.148218162576617019e+01
5.254903551329908140e+01 -1.044720697553152355e+01
1.660825968871083091e+01 -6.057622572020477492e+01
-1.151811575927010445e+01 -7.017024066362148460e+01
-2.585715593570582893e+00 -8.062617918549079832e+01
5.271291186285127850e+01 -7.699863221550943493e+00
4.862175350421288300e+01 2.649818282918352708e+01
5.214373240095381590e+01 -7.520890038597585203e+00
-4.913818962939803470e+01 1.294241850259353654e+01
3.219046990492581273e+01 -2.122932317628431420e+01
3.642505500752867675e+01 4.522114541549145628e+01
-1.242305797149205127e+01 7.301633580123779055e+00
-5.291822837606812868e+01 -1.081782690468979702e+01
-8.803040899825946397e+00 -6.849948221589457376e+01
-1.770990878520783296e+00 6.513791309901272975e+00
3.802196007787268428e+01 2.239841141326344598e+01
-7.028890564777314864e+01 3.910280647722428338e-01
-2.669800756343948756e+00 -6.649805516257028160e+01
5.074962840628572280e+01 -9.442498547219333460e+00
6.206727235930285858e+00 -6.426891498867743735e+01
-6.854662214744718263e+00 -3.361384353267951486e+00
-2.131930860455528431e-01 3.479064187422741128e+01
-6.935948263404812053e+01 2.380034541833142470e+01
-5.561092955804814864e+01 1.581122996294596739e+01
4.562866515105564247e+01 -3.127925204311766549e+01
-7.198771827712057814e+01 5.638869549853740004e+00
2.227060161700267571e+01 4.979996656524270549e+01
-4.295993133988773849e+01 -9.612002836150640439e-01
-2.149368437240911867e+00 4.133574594352839426e+01
-1.647191063873907169e+01 6.093393712229750037e+01
2.315437347598685847e+01 4.757080064850261891e+01
-7.156913483798537357e+01 -5.002555055478627999e+00
5.629064255962453522e+00 -7.262000616508619544e+01
3.754974879328496229e+01 -3.569474094426580368e+00
4.515228615853467176e+01 -2.689851953803064433e+01
-7.019584729116770561e+00 -8.338844659273176774e+01
1.125958029326241672e+01 -5.955620206836430697e+01
-1.596276863955714909e+01 2.419450186415178194e+01
2.312290534667901909e+01 2.378483363811961837e+01
2.299604312741719170e+01 4.883671915178299372e+01
4.491220381607521261e+01 -3.121492199695906677e+01
-6.561918686791290156e+01 2.763973478483308099e-01
1.301350959510244820e+01 5.000205398037651605e+01
2.869427044861432918e+01 2.805867806411630383e+01
4.481505759904634800e+01 3.764256088607487527e+01
4.861839744862114898e+00 -6.275997343702641729e+01
3.557970785560310389e+01 1.607948022167134638e+01
1.813415831923482457e+01 -5.163505076770546509e+01
1.002304693232282418e+01 -5.957992263685603263e+01
4.068017178446309856e+01 -2.146159955209539394e+00
-8.140803231859573330e+00 4.341072213852680051e+01
-9.426251605765035180e+00 1.531736950213712589e+01
-1.012618477641380643e+01 5.552178729597368090e+01
-1.004104092383610869e+01 -8.417028738987606573e+01
3.765735824923526209e+00 3.833605903238696300e+01
4.442203450567617296e+01 -9.854797210542141528e+00
-6.414734026260255462e+01 1.101227856146136652e+01
5.445577872463233149e+01 4.362240177867948177e+01
5.075386764421808294e+01 -3.016702817285431593e+01
3.075796075886823466e+00 -8.107461905802264823e+01
6.124551361680080852e+00 -5.985457689641891221e+01
-4.921358475100026197e+01 4.734907407902785970e+00
-4.386695678385277297e+00 -5.925098100834265580e+01
-6.264964605562663991e+01 1.699730259290852885e+01
-5.880818999062901042e+01 7.493552218813619881e+00
4.998700180644428315e+01 -1.636697199873848652e+00
-1.015625626744757248e+01 1.559674839889086151e+01
5.879228665706566659e+01 -1.284449839051478826e+01
4.120430860508708548e+01 -4.435233564038571608e+00
-8.310893111467484218e+00 1.488734175298898776e+01
2.115753084524337524e+01 3.484299352036818220e+01
5.129910847386535266e+01 3.001436156608241745e+01
2.616867499048609957e+01 2.984565373644369757e+01
-9.077937247095160700e+00 -5.368587895693767109e+01
4.284536720163078627e+01 -2.514965130165129992e+01
-6.491477014792974387e+01 -9.805713213951736673e-01
5.372519330324112730e+01 1.425806173413691313e+00
4.849088856256997815e+01 2.649640760608573586e+01
-5.306521386970924681e+01 7.562143597625103020e+00
-1.392471820117921766e+01 2.592532450431172109e+01
-7.122820890358536872e+01 6.311312617878263254e+00
4.146587792374610615e+01 -6.158347993457924385e-01
2.243258117364802118e+01 4.755238974516714734e+01
-3.381892012441428008e+00 4.020564416648564077e+01
-4.279190966949835229e+01 -2.147173795473968361e-01
2.374670181498460408e+01 -1.419035032118600270e+01
-2.525222958088314540e-01 -6.428704090263897797e+01
-5.575128339028672286e+01 -3.340174166810405243e+00
-9.493138764692387044e-01 3.727555744176028085e+00
-2.198681019993858676e+00 -6.171314223656494846e+01
3.698284097973873230e+01 -1.959205489537286127e+01
-9.144772732052757647e+00 2.957117473071571911e+00
-3.373384157722343790e+00 1.325592775956603653e+01
2.267120798058315145e+01 4.210900464766577755e+01
-5.725679728245009414e+01 1.306338494596242406e+01
-4.762353469805086803e+01 1.950173565481147975e+01
-7.180021521688946962e+01 1.858272295330180057e+01
-6.589635798055072158e+00 4.260687300857327386e+01
-7.445127886893220470e+00 -9.942825009188824836e+00
2.542522869436809785e+01 -2.610122586499068476e+00
-9.020414910578596235e+00 5.111719798259571235e+01
-5.286573741263244131e+01 -6.019249013079027932e+00
-1.468429085971475345e+01 4.202425728092187995e+01
-5.007089746605690550e+01 1.066464400753110198e+01
-1.550499091821555764e+00 -6.826735929141773340e+01
-5.977621602688117264e+01 7.208245027230853808e+00
5.354992183062753952e+01 4.225447041185249475e+01
1.765582680389010051e+01 -6.980785850575485085e+01
4.798770030241154672e+01 3.030912381642566800e+01
-5.694229984370005582e+01 1.135885492279004616e+01
-6.515382245300125419e+01 -1.506936741378592437e+01
-4.557697857737813507e+01 1.129060703335278326e+01
2.087463698501782261e+01 -1.547924143986498713e+01
3.749623533251596541e+01 7.978266472319025526e-01
-6.490175003430481704e-01 -6.484150450733586979e+01
3.490913602486762635e+00 -5.714480425680277165e+01
-1.245279430277007826e+01 2.867553848210781808e+01
3.582444087394329735e+00 -6.692773886326038735e+01
4.020868213726983242e+01 3.096037823638768671e+01
-7.878691977741920205e+00 2.793569610054873920e+01
-5.571433987188282799e+01 -4.212308945559675166e+00
1.946199229884136983e+01 -1.594298997073722468e+01
2.059414970301536030e-01 5.220374466691573012e+00
2.170147428533754663e+01 -2.379456511957112497e+00
-2.815970535963217447e+00 -7.350929859270983968e+01
1.095704316015049073e+01 -6.711069531745654615e+01
-5.394911939523672650e+00 2.394180471518596320e+01
3.940402734548058561e+01 3.319382858649461809e+01
4.743787141324606438e+01 3.250020508900144733e+01
-6.726860428700992145e+01 1.414561291143188848e+00
3.689713126230654439e+01 -2.422158846423486267e+01
-6.539678748398588937e+01 4.469997471607204176e+00
1.842011740730339397e+01 -6.478879837766926642e+01
3.739743911841954827e+01 -3.993750996531197917e+00
8.011359171375280752e+00 -6.205624524346787041e+01
-1.312607986608241717e+01 3.044291055792110967e+01
2.253690882462938205e+01 4.048485562617980094e+01
3.732911497980997240e+01 -2.695484362684397084e+01
2.239018252486175342e+01 -1.359673819793105842e+01
-4.810154023550035518e+00 4.700432941519021313e+01
-3.467159636327142191e+00 1.611795328824240769e+01
-1.061931729780101641e+01 1.712203165749832223e+01
2.951705517192426953e+01 -2.344912632271461206e+01
3.860117286195239927e+01 -9.041629893780525506e+00
-1.048096734195408786e+01 2.429009025653962084e+01
-7.578197828082431364e+00 1.820343329979398561e+01
-6.226597403412752385e+01 5.811400246228320299e+00
-8.141324624621791628e+00 3.097077423159574039e+01
-9.011153390120524298e-01 -5.785778927553650419e+01
-1.102346723618741464e+01 8.234565431098872068e+00
-7.312163638167686486e+01 3.511068758744240625e+00
-1.417821348372225998e+01 4.339127821081776659e+01
-5.651394149656336197e+01 -1.473909068983336468e+01
3.962882790030089097e+01 -2.176057106372179817e+01
4.880148904276680355e+01 -1.638682140422743672e+01
-6.461033708936446374e+01 7.978474650286805137e+00
3.867136865879540153e+01 -2.085598034747975404e+01
2.700736380908061207e+01 1.450089304783532107e+01
-5.017153387668892295e-01 1.006813076751345015e+01
4.072344021208971299e+01 3.198188495678355636e+01
-6.259742726618678432e+01 1.104639913021728148e+01
5.873103612110655902e+00 -7.010047371675297256e+01
1.456437823983377555e+01 -5.063253951081718895e+01
2.220074996247733079e+00 -7.940744027441245123e+01
-1.318282021573189589e+01 1.918832381034059154e+01
4.665289349593496127e+01 -3.269698485771642282e+01
5.179606093514691167e+01 2.826485420724308639e+01
-4.711320920875223806e+01 2.789081147741837352e+00
2.477112776586346143e+01 -2.039698220416131136e+01
-4.199953136630163186e+01 -1.767107077229475909e+00
-5.360254880253857834e+01 -3.549840749603374146e+00
1.624786499641303550e+01 -6.088495967873191717e+01
-1.470899771767273911e+01 -2.784540741229006411e+00
-5.192548919494963400e+01 5.282905450159309346e+00
-5.773155791700143880e+01 -6.119501662654971419e+00
-3.632674337317513658e+00 7.129478733808733537e+00
-9.082071506843600872e+00 1.940010605552758349e+01
2.549148444000273628e+01 -1.796348719829842011e+01
3.208601130269483548e+01 -5.226292454048889091e+00
4.735597201897429187e+01 -1.221472885076663850e+01
2.185735984826490963e+01 4.758660569839084076e+01
-7.679828497472148285e+01 2.010670399718237888e+01
-5.955779408473278380e+01 1.309288092204159781e+01
3.689509016256024410e+01 -1.133360538005523921e+01
1.023761939740435345e+01 -6.769248546379920128e+01
2.239966162232473934e+01 -3.228419901006712944e+00
1.571564718413064110e+00 -7.818103018665483717e+01
-7.236027493262533028e+01 -6.681799554703483857e+00
-8.673331444491831022e+00 3.896888840007044497e+00
2.306405753227438282e+01 4.226045054411501667e+01
4.109205619106360530e+01 -2.335916538584995550e+01
-7.058590651404887240e+01 2.033443876640665238e+01
6.869529482749309857e+00 -6.511915622116590896e+01
4.040677706974292960e+01 -2.399943382777367162e+01
-4.992595185359736121e+01 -1.812005633986627728e+00
1.999314973586300326e+01 -5.616326450132194026e+01
4.806313674597023322e+01 2.384436251231494097e+01
5.071729315980052633e+01 2.706539074991236404e+01
-6.430028470604253243e+01 5.129297355732169272e+00
-6.712942272718562720e+01 -2.140512446412681236e+00
-4.859733586684596673e+01 3.020018984372287996e+00
2.608193746435742422e-01 -7.942210819759085894e+01
5.100289487448568337e+01 2.774652923220158129e+01
-9.406819426311766597e-01 -2.291447835443205960e+00
-7.465353832247161314e+00 6.616563254996429499e+00
5.218992228328302474e+01 2.787565127769078543e+01
1.961785837395802901e+01 -6.484695431964391332e+01
4.990607994771988132e+01 5.172468826421640387e+01
3.943519951951827096e+01 -2.275080083470102821e+01
-4.405103173273250405e+00 -4.981404198393954985e+00
-3.228731250649044426e+00 5.823243688745344926e+00
2.269578702515366331e+01 4.398855593005496445e+01
6.720307979556751299e+00 -7.394055562183497443e+01
1.176344550785010412e+01 -6.199238813356645750e+01
3.697236437040954371e+01 2.229876505213090354e+01
-3.882000280625112598e+00 -6.395372535164564454e+01
-5.053776735526950148e+01 5.452140845746233033e+00
-1.249903575565413583e+01 5.422861416292114001e+01
-1.219301439419584554e+01 6.098486081523639690e+00
5.455307066962804896e+01 4.480983489787935525e+01
-5.624535131791520826e+01 2.031687625503285943e+01
5.527596452527974691e+01 -2.400384031762237314e+01
2.882063642467950970e+01 2.918201313271434927e+01
3.737148801889306782e+01 -1.469108475695440141e+01
-1.025818605486012736e+01 -8.423966779543951588e+01
-8.900370250367107161e+00 -6.572299400955122906e+01
4.427287277298203350e+01 2.849531222512998241e+01
-2.437007508315919324e+01 6.303390983536916536e+01
-1.156577675172371045e+01 2.661619470697763745e+01
5.398323424299244522e+01 4.644861183198684529e+01
5.532707946024948598e+01 -2.254466043731683911e+01
-7.054128234232160821e+01 1.585730317055031335e+01
-6.064772301359258222e+01 -1.784897767412827108e+01
-8.386903243392644924e+00 2.383801100452029864e+00
-8.969887167909149639e+00 -6.750464678225473847e+01
-7.451866910102762809e+00 3.130552768341521030e+01
-2.424773029664092761e+01 6.091312525549162871e+01
4.936725674972910127e+01 4.894530793507549760e+01
5.655103958276242082e+01 -2.482050195296883999e+01
4.639148188784082549e+01 3.656276675274799004e+01
-6.625776329773398743e+01 2.366343355544626093e+01
-5.215268304798190968e+01 9.323298133894921680e-01
-1.287794780892542867e+01 5.547577596037407943e+01
4.740101051129637710e+01 4.233678932193700462e+01
3.973183391376019813e+01 2.121687459623103322e+01
-6.865096825567473360e+00 -7.216955372625346854e+01
3.664396076449489215e+01 4.552759535879327757e+01
-5.938739777269611864e+01 -1.896135197498464109e+01
5.356741866673562669e+01 -5.482237439623070113e-02
1.597976689782683302e+01 2.183016867542235673e+01
-2.301268972796528800e+01 6.054153756616349824e+01
-6.430271806494461373e+01 2.089748290581119772e+00
2.771918798709909737e+01 2.652891764865504598e+01
-2.675999349937995220e+01 6.060889922709404942e+01
-6.942122752465144231e+01 2.201154769703616054e+01
-6.888999283851700284e+01 1.550787260244979571e+01
-1.224897519721766059e+01 5.251133365843205780e+01
-6.446752784874956177e+00 -7.868206095190678262e+00
4.734029358988620650e+00 -4.916071445380961791e+01
-1.129571895044606045e+01 5.636823570376542136e+01
-5.463472335137873870e+01 -1.600290882160854977e+01
-1.668684877525650423e+00 -5.189548293092060760e+01
-5.779656489146607612e+01 -1.733108725496711955e+01
-1.431473014215837125e+01 4.873485620087314452e+00
-6.031669724957614775e+00 1.911161137524072373e+01
-5.734754318416648999e+01 -1.850817676003172707e+01
2.640585754816624942e+01 5.092483074793254616e+01
-5.922324378337358297e+01 -1.778910782981785133e+01
-6.490213655067952914e+01 9.652252044372765738e+00
5.340773035797783308e+01 2.962297593614473357e+01
4.362491212160813348e+01 -1.900150552459102826e+01
4.811387046910044063e+01 4.804978632368868574e+01
-5.948678555046315353e+01 1.213913534988916254e+01
-5.205364751602522766e+00 5.350257224865358552e+01
4.740123066154729514e+01 -2.376936092927909883e+01
4.437216801969552193e+01 3.311446199811003055e+01
-5.627586615998536246e+01 2.175133595000441389e+01
-5.551019308749912540e+01 -1.544491802044600171e+01
2.009143851115796053e+01 -1.198833842990108600e+01
5.404639399381369458e+01 -2.425030099721079324e+01
2.306235155394037761e+01 2.041404840617141403e+01
-9.805641756558657107e+00 -6.795448506937511013e+01
5.299535656936716776e+01 -2.517067720801615849e+01
-7.085147416461206937e+00 -6.753490546259713767e+01
-5.748080290947208226e+01 -2.429682998557034068e+01
5.544567939619613384e+01 -2.197077738470139963e+01
-5.475273410166771271e+01 2.145173645065153067e+01
-9.627802758701949903e-01 -5.128805751199043783e+01
-1.411140404118826552e+01 5.328866367784117841e+01
-1.380500090889580100e+01 5.963005686352455825e+01
