3.565985337119035137e+01 4.349979041267052793e+01
-4.741866339396102603e+01 9.522391368014726964e+00
-1.748300700762922588e+01 4.277956924974849784e+01
-4.550210462052862681e+01 6.392723615697468276e+00
-5.031228480101018619e+01 2.777547600946672191e+00
3.709498870931888348e+01 4.603179615100219024e+01
-3.393422551458645842e+01 -3.305986708005124086e+01
-1.947526724390310093e+01 1.396975674712213511e+01
6.118877098976207130e+00 1.356862887314862398e+01
-2.276726565436905148e+01 4.185576525094391798e+01
1.144820584899404414e+00 1.855637239509257341e+01
2.491388574522155253e+01 3.790201944404836354e+01
2.563611440829304655e+01 4.008002016605719575e+01
-4.097567755614204543e+01 -5.626191685371761508e+00
-3.521231408514249495e+01 2.574787676578714368e+01
-1.410953504364347921e+01 2.379427509997631773e+01
4.772528842145440109e+01 3.033216408736345571e+01
-3.011655749298856932e+01 -3.232024784884941937e+01
3.849611974145947357e+01 -3.930736033954801201e+01
-3.550960413538066973e+01 -2.153682034352113206e+01
5.351865966381180328e+01 2.635044698802513352e+01
-5.317073091093152470e+01 6.371343734755154031e+00
-4.920115995331356373e+01 -2.207981839977184890e+00
-2.882557295539060860e+01 2.853743489283593249e+01
2.804665715856312147e+01 3.623674866170991038e+01
-3.522269323832178145e+01 -2.479070353549684214e+01
2.764646189560266976e+01 3.725856050674906328e+01
4.572492751351823159e+01 3.080404292175050074e+01
-5.084109857651462505e+01 9.942817173177630252e+00
-2.819040023655284344e+01 -2.701460529562207569e+01
-1.002059145561737807e+01 3.403215698974324255e+01
5.285046915257781563e+01 2.557959495041786724e+01
5.123454068585960641e+00 -1.644826689986616941e+01
-2.184890530142071086e+01 4.510882234454125239e+01
-2.455695175497398353e+01 -3.092114966282603561e+01
4.558921209510496197e+01 3.821717848543087115e+01
4.622971847264026657e+00 9.697931831464298824e+00
3.583352544669178030e+01 4.688447980793144865e+01
-4.175239839120222562e+00 -9.862453412433178634e-01
-3.999693265945153087e+01 -1.102195753583198723e+01
8.431124914997090158e+00 -2.970444239789965124e+01
-8.564960908780683724e+00 3.544207892762854328e+01
-3.380076107975040145e+01 2.956297450501682889e+01
-3.368296279979620667e-01 -1.757601493570961182e+01
-2.942242866706580884e+01 3.673824587527447250e+01
4.305561708240088770e+00 -4.049112705204153428e+01
-4.372392261885158149e+01 -8.796727550108185412e+00
6.515124714094193692e+00 1.409162357367287832e+01
-1.804672077736959679e+01 -4.113194402295003016e+01
-3.802791244834300244e+01 -7.369487042722720815e+00
2.708803027869468849e+01 5.454966875391232151e+01
-1.908670438833297922e+01 4.346518114951982170e+01
-3.481932707842751284e+01 -2.705439601768874880e+00
-1.888009919988943253e+01 4.590301148181583812e+01
3.275559898996403430e+00 9.725919323358652946e+00
3.529472728089675115e+01 3.181437595881905978e+01
2.819976086225484835e+01 -4.076356065248440785e+01
1.438711719519214227e-01 -1.743640887906260417e+01
-5.016870504031955846e+01 7.907495311496775869e+00
-3.514541669657462819e+01 -3.295312561564340115e+01
-1.841025296125283361e+01 4.527078348162472565e+01
3.465605252919840495e+01 2.675665733411668512e+01
1.572595883217502966e+01 -4.562288114528092819e+01
-8.880151768446312488e+00 1.174246155925479052e+01
3.566497549932529409e+01 -3.769105051792692507e+01
-8.343398906126559211e+00 4.350322711869193881e+01
-3.546378517018953147e+01 -1.574263709757998697e+01
1.963714165919805765e+01 4.860143663510838152e+00
3.111413198928878288e+01 3.122567771213725152e+01
-1.010044200864148678e+01 3.678121867857782235e+01
1.778702277409724886e+01 -4.521111045639667481e+01
5.392180462494906834e+01 2.705287133788861453e+01
-7.646941811032355041e+00 -1.986457983572744013e+01
2.423434882335468288e+01 5.431478417561306671e+00
-1.153648149976394954e+01 2.150453524329743260e+01
-8.590606928654558772e+00 3.672505732674049739e+01
1.374633989864834227e+01 -4.852184285424689136e+01
5.337666984883315280e+01 2.120429796257826283e+01
-3.527327506910195698e+00 -1.895334420433497158e+01
-3.631364841570614033e+01 -1.884334753689967101e+01
-4.163860928019061447e+01 -1.226035457698966091e+01
2.305470947314730523e+01 -5.254749263550774430e+01
1.508314691297095322e+01 -4.775036598172639657e+01
-3.866080732856163138e+01 -8.342669325056343510e+00
-1.610080562298397311e+01 4.059159933673218745e+01
1.397863181494785678e+01 -4.684728880442268917e+01
-4.382879292893568035e+00 3.799627335445977394e+01
3.938672859290711159e+01 3.207902336474001714e+01
-3.191321595924991783e+01 3.206910091108976246e+01
3.573961756129149592e+01 3.914196208150312373e+01
2.275530707998600732e+01 2.992744358181955278e+00
2.740342372089343215e+01 -4.630504588199888616e+01
2.153685651320167693e+01 5.157890155363437756e+00
3.235289542662597739e+01 2.739638811290489429e+01
2.240990950556612304e+01 5.744108436398642326e+00
-5.068112488087970213e+00 3.857433414960321016e+01
1.560413663013065033e+01 -4.937017796587309704e+01
-1.557530011675926929e+01 2.460826407222982226e+01
2.066698772620181757e+01 4.197948336200190589e+00
-3.126851307474125363e+01 -3.070517578699485028e+01
1.004015325735487707e+01 -3.578680786408478554e+01
-5.114000659497508394e+01 8.662406130352955813e+00
3.735946318887814499e+01 3.981473799718942530e+01
1.761667155141609697e+01 -4.868229900782276331e+01
1.900230962353049335e+01 -3.801357514343388999e+01
-1.584324026396477736e+00 -1.680150151014253357e+00
9.334046474020595952e+00 -4.850595834906173565e+01
1.932594934590725444e+01 6.787471582389059677e+00
-4.990308817010581066e+01 8.597550044106884171e-01
-3.116885791898216596e+01 3.560373147862897270e+01
-2.754752856168371622e+01 -3.470251068986386400e+01
-4.484690158943282512e+01 2.298010413757754833e+00
-4.031818852760785177e+01 -7.899907744599321546e+00
-5.981406311744530413e+00 -3.302472599682417798e+00
9.232278508023309627e+00 -3.758003047209511038e+01
1.159743835721960004e+01 -4.833872151795326744e+01
-2.592397369442959842e+01 -1.810398038525706710e+01
7.418807718105063564e+00 -1.331948763704729366e+00
4.731188412815505018e+01 3.846535082183272181e+01
2.436574404523493698e+01 -3.823501064071373179e+01
1.782827564785548446e+01 -4.202927393014988411e+01
-2.876583541585101145e+01 -3.580583012769427853e+01
-2.865247147099745462e+01 -3.441333928027119526e+01
-5.105977338104310981e+00 2.542433208066324823e+01
4.408308932643534916e+01 4.952735338771553586e+01
-3.743514507099791899e+01 -2.673951837117421348e+01
2.237129421083307435e+01 -4.996144246909462083e+01
4.384801751466621056e+01 3.933045858986870513e+01
-4.136922236429025190e+01 -2.147454104110541451e+01
-5.405351008413518343e+01 6.086271828712463972e-01
2.743611163566649580e+01 8.424185273065333268e-01
-4.517035576569052324e+01 1.259401726632030760e+00
2.677181316720809434e+01 -7.825897366339122918e-01
-9.089234151695110953e+00 2.919126633083118350e+01
2.458944887273359470e+01 1.432335290565239561e+00
2.446480723782468836e+00 -6.115119446153106253e+01
-2.834846672188495376e+01 -4.359181832678581259e+01
-2.898546027409619086e+01 -4.246581210884342994e+01
-3.003579430808784778e+01 1.826564715964380881e+01
8.117027471354280266e+00 -5.596146821362506785e+01
-1.699212049242489186e+01 1.661990114117614326e+01
-1.457185538613644482e+01 4.452351240627501738e+01
2.849178942537804105e+01 3.500879525701387163e+00
-3.344121153964462678e+01 -3.503968004041390572e+01
2.802303800724093819e+01 2.368951628200278492e+00
-5.293728091117773005e+01 1.039188633778075221e+01
2.715447794079170407e+01 2.836006709460176634e+00
1.992261585832572734e+01 -4.524297557705955342e+01
9.794446228191711512e+00 -3.145256164226171336e+01
-6.681341573042635318e+00 4.135143936823293132e+01
3.388140734765054418e+01 2.450937519971826362e+01
5.646377092173384682e+00 -4.083433686810877816e+00
5.135143935871261611e+00 -6.120039066052182619e+01
3.154043510771535708e+01 2.589675610630305602e+00
-3.074510647956506304e+01 -3.875771146197227779e+01
4.684026384153615652e+01 2.871808828089364951e+01
2.775811287587303511e+01 5.068185990831756271e+01
-3.399534161480619332e+01 -3.142709636381718497e+01
2.754696955479207432e+01 -6.903267161323475287e-01
-1.700316057237699496e+01 4.601109678255477320e+01
2.880833966282409619e+01 4.658176517562728236e+01
-4.661907882255335522e+01 4.851360687519603587e+00
3.483844490695340568e+01 4.439322463239205518e+01
1.648115939244964423e+01 4.827421068148199268e+00
-1.034450597301244557e+01 3.058057872943771471e+01
1.838152476612365804e+00 -6.008130435841734140e+01
-3.981640503251421848e+01 -1.762465671966513270e+01
-1.032279985857780780e+01 -1.887116529288181610e+01
4.840338465964728165e+00 -6.001101904852163926e+01
2.609406118126843666e+01 3.896300186349464667e+01
2.977354817852342705e+01 1.004535371374545072e+00
-1.355039096402876986e+01 4.544019239506940266e+01
3.755181802085255871e+00 -6.146894331695318670e+01
-3.218935517314782224e+00 -1.826651916772248185e+01
2.606981144213555979e+01 5.120489055153043978e+01
4.633228272534979197e+01 2.663039234353120577e+01
-3.284335654846397290e+01 -2.850412232840402993e+01
-4.446084763593596278e+01 -1.311605989201485301e+01
-4.171456172821783781e+01 -1.520668245905761606e-01
2.538785293811251620e+01 -3.176176033457501902e+01
3.332041865313597384e+01 4.484137288164269819e+01
2.390090075778749679e+01 -8.861028759931679488e+00
-7.618632914139995549e+00 3.780481682535143761e+01
-6.407912508284598019e+00 8.039339474078458281e+00
1.153880686185865301e+01 -6.342304063557652682e+01
-2.811568920964365148e+01 -2.862190884677796276e+01
3.861587352311061494e+01 3.050673768044624623e+01
3.130149081230973707e+01 -3.003052032843767094e+01
-4.629749174552190283e+01 -1.423135872225899545e+00
2.485990810672906193e+01 4.711061982586068808e+01
2.242265593720186345e+01 1.307076436227649241e+00
1.210347561443715847e+01 -6.426823289691087382e+01
-6.022429299160146243e+00 3.572878165528840100e+01
1.201048972035519746e+01 -5.831249459351098352e+01
3.515919404965275419e+01 4.860039194816552310e+01
-4.130325903020400347e+01 7.360410171801802015e+00
-2.861542719952475622e+01 3.573668518675169281e+01
-2.513361466321033788e+01 -2.914953043117367315e+01
-2.623625458280058709e+01 -3.391014684309019600e+01
3.439922864536406166e+01 4.871448676098800235e+01
-2.548242880416318457e+01 -3.490146168636523072e+01
-1.045824689644360284e+01 2.653054970213358388e+01
4.953324799217521246e+01 4.192531595517671406e+01
-3.751112297019454900e+01 2.316408819240484718e+01
-2.618016179800375554e+01 -3.005573325478416891e+01
-5.124994509925019592e+00 3.559552843236086517e+01
2.815919701618400595e+01 5.321285938897199941e+01
3.975190562304244679e+01 -3.836501382201853261e+01
-6.937379587931380875e+00 2.208855126423203252e+00
1.440518661776105525e+01 -4.499586173385826982e+01
-3.972828333728628536e+01 -5.292493643099686729e+00
-2.290304842843702104e+01 2.583474987141163837e+01
2.636463838971690166e+01 -3.725026283306350194e+01
1.418509064346919324e+01 -6.231086950414219672e+01
3.343564335378725616e+01 -3.073858691034859447e+01
5.447926980330667135e+00 -4.817496615779580793e+01
1.251538389528716699e+01 -6.309686298118194259e+01
-2.520983585836887286e+01 2.148399400703367590e+01
3.121954993047345894e+01 4.525944139410922418e+01
3.455909807029917857e+01 4.189370614658415803e+01
-6.155535624478814860e+00 3.672114791026281466e+01
2.766229115636275537e+01 4.894535127072961700e+01
4.681318991881747138e+01 2.796310834740261342e+01
-1.602001282298106233e+01 2.999675707201296504e+01
-3.145425258165656146e+01 3.894526968653580212e+01
2.675465978863291383e+01 -4.493996494056376889e+01
-2.969732536826097302e+01 1.860386543884767363e+01
3.678114697070711259e+01 -3.831048822227200645e+01
2.938247076136966029e+01 5.374207119053726700e+01
-2.064513986097157883e+01 3.206427589352517060e+01
8.657742412674231502e+00 -6.111640850176937789e+01
1.369105706778919540e+01 -5.840633154937861349e+01
-3.075226269447276550e+01 -3.740389254252871609e+01
2.734689383038857002e+01 4.986443005200987599e+00
2.914856631699938205e+01 -4.062071161180753620e+01
3.101010860190177709e+01 -3.829370475816103436e+01
2.431085457780046610e+01 4.887897184625786906e+01
-2.955223885799768269e+01 -3.916064009323685724e+01
3.142643200377920110e+01 2.684200622929964197e+01
-2.393303722505799769e+01 -3.400006567048660600e+01
2.989636382528711067e+01 5.058269928418115313e+01
-7.542294419742103351e+00 -2.086899592496784450e+01
1.324691572623914482e+01 -5.895752618850532656e+01
-1.170668268570914883e+01 2.891238000224598181e+01
2.546908717975959391e+01 4.812327038783639210e+01
2.171559064316268106e+01 -4.405049592593579888e+01
1.112409108885673525e+01 -6.529854538948806919e+01
-4.317264250274297410e+01 3.225365602853059066e+00
1.568116453071169403e+01 -3.824048730110042271e+01
-3.019216134844161203e+01 2.320148475293386880e+01
2.380157402009974277e+01 -5.085025344964486749e+01
-3.712955161489611555e+01 -1.407338538983750986e+01
-3.457689244942430662e+01 -3.659108250421232356e+01
3.128926547703977334e+01 5.143156142231455874e+01
2.023333328922680252e+01 -9.189652401099039025e+00
-3.883803672709311883e+01 -2.999648672309580633e+01
1.957405754433716538e+01 8.635365793571095239e+00
3.789850806098794322e+01 5.044383242942479484e+01
1.947576104578695677e+01 -2.586245491191202461e+01
-3.092427787242302628e+01 -3.534345456321727141e+01
6.083032618071848585e-01 3.357232138660521059e+01
-3.977948688430528534e+01 -2.185619962143420381e+01
-2.391229161134549130e+01 2.513237200300940444e+01
-3.834850943808631030e+01 -2.477320072297327513e+01
-4.577982348737933904e+01 -5.349013123464421149e+00
-3.318996950639576227e+01 -3.626776062784821875e+01
-3.818789316496628317e+01 -2.835052123080521724e+01
1.610382244814944386e+01 -3.649968644394552264e+00
-1.827555601351244619e+00 2.891812423501272278e+01
1.365820116849593546e+01 -3.570179082020659678e+01
5.075343646726235391e+01 4.158503238120751178e+01
3.276487319069475745e+01 4.778631902223220607e+01
1.173637013267201645e+01 -3.458335708320731072e+01
1.318646857165939323e+00 3.374443071608233424e+01
3.587794251181927763e+01 2.629386617597435460e+01
-2.645701640389663822e+01 2.967478323697294229e+01
-3.294955944921481006e+01 -3.864827263687848813e+01
-4.202009858676424869e+01 -1.130002883969356731e+01
4.842285452372838250e+00 6.065549105383163386e+00
2.139213329689324894e+01 4.540579251031829955e+01
-9.660583760653633334e+00 6.562478872239160488e+00
-2.667847606785906223e+01 2.713728152032941665e+01
-1.578608381938268046e+01 3.469340524765396339e+01
-3.305888941841511297e+01 -1.031298851071471390e+01
-3.783818285329224551e+01 3.844871978148266756e+00
-2.250203551334042729e+01 2.354903816840590380e+01
3.653132927049045975e+01 2.902430405525070256e+01
-3.169467753172463276e+01 -4.029675525005212933e+01
2.721558304155160357e+01 -1.636021486361455501e+01
2.212508659123173160e+01 -3.041181858283880857e+01
-3.044426003078453036e+01 -4.451673614328089457e+01
3.016482215830287572e+01 2.700152622017834148e+01
3.447619671733838764e+00 -5.888703569025648221e+01
2.934818975678744835e+01 -3.528375017276584913e+01
-3.326823654496762117e+01 -1.221740161081186571e+01
1.734604560193362133e+01 6.973401737293030145e+00
3.095260301556433902e+01 -4.827387074653516663e+01
-2.066474292533817447e+01 1.939843952447178665e+01
2.829586206381855362e+01 4.284717441258649018e+01
4.202093102309124362e+00 -4.431757669603140215e+01
3.317483082332297162e+00 2.654139114066791549e+01
-4.879920006000835286e+01 5.781691307639743371e+00
-3.419578572740883260e+01 -1.809339166206704874e+01
2.404021226757908636e+01 -3.218246185293402561e+01
4.995046588268809096e+00 2.312525855019976362e+01
1.788277335515147115e+01 -5.286957629261210201e+01
2.960155015488258456e+01 4.316684334144547819e+01
-3.176801751206217617e+01 -2.610810116993181040e+01
4.916625611810770735e+00 -1.312027950857777547e+01
1.529153567788256574e+01 -6.290098891785106616e+01
1.920816353091210260e+01 -2.536600252632726793e+01
-2.693914913741618022e+01 3.757575192723194135e+01
-1.900844973707440033e+01 1.533496882406174322e+01
-4.355784960319020627e+01 2.730916287136986309e-01
-3.945144956543757075e+01 -2.480428252257257604e+00
-2.979300683274261630e+01 -1.300668890142720358e+01
1.417228976412478580e+01 -5.306563290064145377e+01
-4.892601859417430532e+00 -4.004494548236748663e+00
2.362865408394517885e+01 -4.413902760996855790e+01
4.207470284544172046e+00 -1.266745666454177055e+01
-4.337332480395343737e+01 -3.039355462753924542e+00
2.159750397398120825e+01 -5.504614769812099695e+01
2.068906620092223392e+01 -5.533262725762907053e+01
4.817085915472391733e+00 1.012118766902408140e+01
2.180183342341197772e+01 -5.824769704882097443e+01
2.169409993500403289e+01 -5.744824203931388951e+01
2.004963766374216405e+01 -5.707008937332552989e+01
-2.793838303981398496e+01 -1.901028975846135438e+01
-3.404151574906767053e+01 3.253191377561416431e+01
2.390456333454621074e+01 -9.260414626221834311e+00
2.473094964313822253e+00 2.007806332791452419e+01
2.691457646974301454e+01 4.081888908701999696e+01
2.977982376998590297e+01 -3.575089325418873898e+01
5.261700043309610209e+01 3.466789784547179920e+01
-1.221161118828194780e+01 2.612027466460688530e+01
2.595259829943571184e+00 2.373540555757688253e+01
2.553948165871367415e+00 2.274626851166018326e+01
-3.562184146218612568e+01 -2.362774405258722155e+01
-2.845617275281736269e+01 -2.141468195966136179e+01
-3.540675739483356210e+01 2.955022615553160392e+01
-2.284424197424626257e+01 -1.788778733935929210e+01
2.554319238772981393e+01 4.175861492668762764e+01
3.613875472404519673e+00 2.613454660010556552e+01
4.762188145702386066e+01 4.812486005385259347e+01
4.062042514027255891e+01 4.003948080069819326e+01
5.037555773365504308e+01 3.607565280657978946e+01
-2.903973523740658891e+01 -2.052344548612182251e+01
3.241725449922483904e+01 3.683864263128501193e+01
1.849199795924053902e+01 -5.401471814310799147e+01
-2.830064662179819734e+01 -1.462260295647908848e+01
-3.004936835727405864e+01 2.749988491791568990e+01
1.836139320224963711e+01 -5.206646807271833666e+01
9.270462403276455987e+00 5.675775249516633814e+00
4.960850388831040902e+01 3.410734645501396045e+01
2.430195259132950270e+01 4.166139747491170908e+01
-1.052232525851257350e+01 -1.880418589570835763e+01
-4.466095678620739307e+01 -1.385806321931959850e+00
-9.919345992308929993e-01 -4.583268228747787276e+00
2.890484660926849969e+01 -4.400499360917685721e+01
-1.504198650655664160e+01 2.990206259192054361e+01
-1.674681296192690638e+01 -4.139818106101572681e+01
-3.069396059938663512e+01 3.038974605829484332e+01
-2.528523593015782467e+01 4.162296647244595960e+01
-2.639226064324247290e+01 2.151651062803538395e+01
5.718439357605027418e+00 -3.449938292891975511e+00
2.319480305665966213e+01 -3.342462003879258958e+01
2.468798630300447527e+01 -6.104459391170303562e+00
3.899361441499795689e+01 -4.033949348988625161e+01
3.488539714188527796e+01 2.387179091553203847e+01
3.373926302842657776e+01 -3.275333226765657457e+01
-3.944353363127170553e+01 -2.841659712869369159e+01
-6.777386377705495235e+00 3.144744761159902779e+01
-2.135920476055821737e+01 2.670527451559881627e+01
3.403705353173273096e+01 4.694846881035975628e+01
-2.244837945740543717e+01 -3.785137375262385717e+01
-2.874140167282225633e+01 3.241030296454010085e+01
-2.075208838205457340e+01 -3.936305576007875118e+01
-1.775159866502512074e+01 1.660635833235915015e+01
-4.701381996613806535e+01 -7.811327848383809780e+00
3.152937111580226670e+01 3.933368162008550684e+01
2.588027832362049807e+01 -3.821765809678209536e+01
-4.774339695540346540e+00 7.961917600355064017e+00
-1.696643056705332953e+01 -4.291285763667142561e+01
3.034490582294863259e+01 4.430286688794939920e+01
-2.128490890313059936e+00 3.846682364476124860e+01
2.576794975636144613e+01 -1.421765068648929109e+01
-6.388161434191823140e+00 3.243207973831611213e+01
-2.696812508545161791e+01 -4.301178310438977093e+01
2.499658001463640389e+01 -5.219329263738894831e+00
-1.649558954876505368e+01 -4.241606554753577996e+01
7.549864967844311714e+00 1.375363966592896325e+01
-4.546856466590124768e+00 3.294313927472326498e+01
-3.994491088031569603e+01 4.926470933433503063e+00
2.386587272537625992e+01 -3.463220078155105686e+00
2.486875316343006048e+01 -3.848597666547624918e+00
-2.257038105335088574e+01 3.674691992053579526e+01
2.592449528726755403e+01 -1.448603621163356614e+01
1.863909328545958033e+01 2.636845807860346724e+00
-2.003484251569919650e+01 1.908755221395740875e+01
-7.460099661614778555e+00 3.993646839487637124e+01
3.058714084475773731e+01 2.317391797629055006e+01
-8.461071583566985410e+00 3.852337465879116252e+01
-6.877231308167771395e+00 1.047286237427684563e+00
-1.240455007891284644e+01 2.403432468788090048e+01
1.975948858468202474e+01 -4.203307602254598407e+01
1.792202102147829379e+01 3.823117178321842502e+00
4.253865649251741132e+01 4.855653255573665206e+01
4.297412655492557576e+01 3.388200659154816208e+01
-3.906845753253404663e+00 -3.095000535755766169e+00
2.767137670594564725e+01 -4.271742555187963575e+01
2.047396394727633862e+01 -4.233958478704634842e+01
-2.382523536732302460e+01 3.002024979515436698e+01
-4.628524173828180466e+01 -2.855781981794544233e+00
-3.373976695481650268e+01 2.631248671404748762e+01
5.153392471368485417e+01 3.477685468919089828e+01
3.062730697365121557e+01 -3.992143167881397403e+01
-3.859706262618226447e+01 -2.295040339194840229e+01
-2.782984392928491868e+00 -3.496746781538875304e+00
-4.650619613559341303e+01 1.408458381553007843e+00
-9.554962305857308991e+00 1.106551011931389183e+01
5.238917872163663958e+01 1.953484167359887280e+01
1.557399841910392801e+01 -4.126308762937796359e+01
4.424022496583082642e+01 3.973446244222956381e+01
1.464339823223441783e+01 -4.203943890690081275e+01
3.255470248556483170e+01 -3.200868043826103815e+01
-4.770514562143136317e+01 1.191622768115226449e+01
4.205898246103397753e+01 4.365012470001238398e+01
1.663011865503198550e+01 1.601751224297765175e+00
-4.100688081660803874e+01 -2.453547676112754417e+01
-4.087360445473561299e+01 -2.539594157323018564e+01
2.321266833699635868e+01 -4.661523812636047381e+01
2.312623139464644240e+01 -3.630888379932714116e+01
-4.868667342236211226e+01 8.882786707048028418e+00
-4.168035415095577889e+01 -2.036943586465458367e+01
-3.957456407840514601e+01 -1.644903410148611300e+01
-4.229493939849474771e+01 1.173599055340234010e+00
-3.757456704399419323e+01 2.364051335550195088e+00
1.751437281575681126e+01 -3.922927449097147701e+01
-4.766118559367191665e+01 7.041970101948035854e+00
-6.995421520194235576e+00 -1.113771338585896498e+00
3.007470907714983710e+01 3.866667331172954647e+01
-4.687598224365991229e+01 2.687127413679514909e+00
-3.880751624946849176e+01 -1.890863161837323858e+01
-1.865967425341668218e+01 1.973550640066947537e+01
4.921334061583910113e+01 3.706578857050565290e+01
2.724643147514520436e+01 6.365234699581754363e+00
-5.499894011913555758e+00 2.258468980070659216e-01
-3.740229824745068754e+01 -1.540538505885187881e+01
-3.664865212019538632e+00 6.474980976935021282e+00
-1.475614687774090861e+01 2.288615302514749317e+01
-8.804744711165501059e+00 9.343089509920231350e+00
-8.419534218429385319e+00 8.380501308747144051e+00
-2.738783394726557319e+01 3.824162754730284774e+01
1.003308739531312099e+01 -4.706202599386915608e+01
3.125821642426981484e+01 -4.193456262206503737e+01
9.383680493943757028e+00 -4.532741551119259782e+01
9.459380101898291926e+00 1.410685381325761378e+00
8.965816840580822955e+00 -4.705354994013900694e+01
4.958858120989040685e+01 3.914399130958716455e+01
-6.410493999810374710e+00 2.258139579670968544e+01
-4.458837543820425253e+01 7.833028182926551786e+00
-3.719142651444528980e+01 -2.037140200234599519e+01
3.182276374592138524e+01 2.932594623527440092e+01
4.690784576925852178e+01 3.556691376227845325e+01
5.285142860560745781e+00 1.409743317233244753e+00
-9.855427381995186309e+00 3.844237362263637436e+01
-2.725337793198189829e+01 3.627271277476376810e+01
2.008478283001018383e+01 -8.289627389632356014e+00
6.912470867026432764e+00 -4.789522925181645263e+01
4.377140532943844420e+01 4.763220079161693832e+01
-5.012285224339353107e+01 -1.706098896775074258e-01
4.289690950451853269e+01 4.208416757529930408e+01
-1.189498979519199828e+01 3.683523549646592699e+01
-4.887301241369127069e+01 7.502306246266435608e+00
-3.064445646217424724e+01 -1.276157219264794129e+01
3.105043537249406782e+01 -3.060184498143097187e+01
2.336959246016326475e+01 -3.132295749788935879e+01
3.013746870031670611e+01 -4.859247820288884867e+01
-2.973384833749426903e+01 -1.893856922487432826e+01
-2.657095243918648464e+01 -3.833519362015733378e+01
4.085272887974239708e+00 -1.517153693225872146e+01
-2.021298863626406117e+01 3.797100356414654243e+01
5.309322706321690788e+01 2.359636125308620791e+01
3.411895375265793007e+01 3.410724333282907850e+01
-8.992544726202725158e+00 -9.775304346015686319e-01
4.020780828788404371e+00 -1.587438673134722933e+01
2.055540396805812620e+01 -4.899312474113587257e+01
-3.489083637016773931e+00 -4.241254273029258393e+00
1.493971996436268235e+01 6.377480027038117116e-01
3.569334040468782376e+01 3.783948760432026148e+01
-7.678769500481549493e+00 9.101717947627133043e+00
3.406334206914512208e+01 3.541412314116401916e+01
-3.089974857646814144e+01 -2.451572309923764337e+01
5.382774205282233737e+01 2.112053156380352092e+01
-2.741838415133048557e+01 -1.185829600069693335e+01
-1.284583918938642988e+01 2.776848288926191799e+01
2.432579659740488509e+01 7.816138549353679466e+00
-2.037478531190219044e+01 4.493705993679474631e+01
3.398567896360345486e+01 3.790844886915719059e+01
3.903210348599642288e+01 4.644894694741913099e+01
2.753162147271283544e+01 -3.865496029855806626e+01
-2.301196486163259003e+00 3.010961735770238334e+01
-3.698998374374975473e+00 4.028268079253250988e+01
-1.406876833552215089e+01 2.583810646383143705e+01
8.618515112069632167e+00 -9.571495322627150693e-02
3.358172077372148578e+01 5.083491319762499927e+01
-2.324340008272525537e+01 3.595240887225208581e+01
1.927984461537803185e+01 -4.969637757891662488e+01
1.517310248577955711e+00 2.526940588353849648e+01
5.469532486492626688e+00 1.884249563670139072e+00
-2.792189653494775925e+01 -1.767625055126501010e+01
6.614679643943151000e+00 -4.013062380751055258e+01
-3.337151565930194863e+01 2.824808227238404612e+01
4.104791659817288263e+01 3.957798753225395672e+01
-5.148317414018187321e+01 3.115126178871486129e+00
-1.948078045768385280e+01 3.137006635224864937e+01
-4.536475033805709955e+01 -6.522095087346516884e+00
-2.656732983109628243e+00 -1.742271762696489290e+01
2.245768388737393195e+01 -3.441130845115947068e+01
1.854506450502801229e+01 -2.397043484072442254e+01
-3.025116492635683585e+01 -2.299820150942142405e+01
-4.870411412228384052e+01 1.166145519211985260e+01
-2.369307012913769483e+01 1.899443634201681519e+01
1.372985855999983151e+01 -5.189458269597812290e+01
1.239332436071407173e+01 -3.471054051518898831e+01
4.427543578697935800e+01 4.113918005264690692e+01
3.935453117305281978e+01 3.086631094484211602e+01
1.579795318685601302e+01 -6.124220618579535369e+01
9.177275696973314467e+00 -3.061826259182324250e+01
-3.670505150758998525e+01 2.878704820736552605e+01
3.474108964845236613e+01 4.096144388462977304e+01
3.984614646388769188e+01 3.707735223538824698e+01
1.063834850695090317e+01 5.090650324383424241e+00
-3.773404310951303131e+01 2.992100109462706214e+01
-5.251312134210242277e+01 1.596863562540173032e+00
4.763641877412186432e+01 3.979713525791417794e+01
3.054695868001438086e+01 3.445790873642636143e+01
-4.323205971797384706e+01 -1.098796395259184067e+01
1.255666854368375951e+01 7.134515527011238589e+00
1.095764412243942054e+01 2.879310971617564885e+00
2.124732568625155693e+01 -4.694270384408957852e+01
-2.655602065319458660e+01 3.278097395813279746e+01
2.673873466699701140e+01 -4.760372704496364804e+01
3.638059123625267688e+01 2.737803757756376655e+01
-1.651501753111737258e+01 2.248185677434459606e+01
-3.855688551262634434e+01 -2.093416786350084990e+01
-3.006641842916308960e+01 2.358318536444996028e+01
-3.496076810814336966e+01 2.784375702273491981e+01
-2.426151417072415839e+01 -1.828707655816051059e+01
-3.939520825539646154e+01 -6.648239956229620162e+00
-3.050701964834069102e+01 3.824339067504573109e+01
1.830500047939160879e+01 -4.773876975285420343e+01
-3.620814204470972442e+01 -1.699156851072308783e+01
3.799666413442633228e+01 4.280993178933096033e+01
-4.228774980827208196e+01 -1.037717613070785916e+00
-3.447073184702245641e+01 -2.876837038885287612e+01
6.913706450974528295e+00 -5.499165836215114211e+01
-2.343813530404666423e+01 3.169058439276639305e+01
-2.016222351290487680e+01 2.730129410135853263e+01
-1.073652242673948543e+01 5.355013245634792973e+00
-4.884025643555326468e+01 -3.335871008401093185e+00
1.211404020863103348e+01 5.697453799851976974e+00
4.710085370634295288e+01 3.151621142422772337e+01
-3.797604089702571173e+01 -5.851269933928184841e+00
-2.332108535825048534e+01 4.127284073801712339e+01
-3.084776739015134339e+01 3.378047521013492371e+01
3.725383144669879520e+00 -3.994629864077040082e+01
1.112361994331528336e+01 -4.266648873488884419e+01
3.158488087589467597e+01 3.004299500060556483e+01
1.496529446269798491e+01 -3.940089572122487738e+01
1.264402419198628280e+01 -4.637078683818461400e+01
-4.793588856257044029e+01 -7.663732388819894936e-01
-3.177308300546583553e+01 3.119940221383744827e+01
-2.005429501947547166e+01 2.069583193037986746e+01
-1.211418889424448864e+01 3.262098019795801207e+01
3.865378284460897618e+01 -3.818562754288448957e+01
3.133993847025695700e+01 3.504765563402531825e+01
3.661177592745822551e+01 3.565255481873041532e+01
-2.384414950481912854e+01 3.415794774856620108e+01
9.238288202755516210e+00 -4.232746111656982180e+01
3.193388230543939699e+01 2.442128261229866126e+01
5.850830692516347575e+00 3.008068741665940848e+00
2.511852197131705111e+01 -5.104607422891317015e+01
8.952412366770905905e+00 -3.956299691466516322e+01
-4.486297543176238634e+01 9.159564231096721798e+00
2.324021904598276578e+01 -1.836150457078285392e+00
-4.863922571826126529e+01 4.720525380057015719e-01
5.074285943776223462e+01 3.386874018695370125e+01
-3.374433292230288206e+00 6.878900382327365115e+00
4.069955750991958610e+01 4.338168420110192613e+01
-2.899107021724061184e+01 -3.284201195051331013e+01
2.520376563092922240e+01 7.476654616148469934e+00
-1.363491294268376386e+01 4.325857673544736315e+01
-6.255636336697191879e+00 2.286955330575953127e+01
4.638396564983958825e+01 4.851774901831367259e+01
6.643970069202513429e+00 -1.881581984592188173e+00
-2.777078721566401853e+01 -4.049899434645595875e+01
-4.005572193826241545e+01 -1.385816298317208073e+01
3.353790710795261987e+01 -3.622932002686516029e+01
7.931292585973296561e+00 -5.908295038670250676e+01
-4.456289853335703555e+01 4.358100332138825195e+00
4.478093142544042848e+01 4.747598168514052475e+01
-3.513831511534240803e+01 -1.675920442236477825e+01
-1.204685990084209379e+01 4.363924038195846578e+01
1.278139276970731508e+01 2.425786267959211262e+00
-2.769939832917985001e+01 -3.273799849112717197e+01
2.058389825962085951e+01 2.749096389700283805e+00
-3.189714195976078415e+00 1.206152609861488578e+01
4.857198825394653596e+01 4.378114078179823565e+01
6.508458674249878229e+00 -5.908885527992284636e+01
1.157013375482086603e+00 2.671116897657783795e+01
-8.698562134104673049e+00 -4.793119381641045784e+00
-2.951896873074695193e+01 -4.096871646752671126e+01
2.440111911560727975e+01 -4.894771732926403018e+01
-3.446589236201249573e+00 -1.944456814863214422e+00
3.075858947420013934e+01 -3.209324272072900186e+01
3.145648549072590683e+01 -3.549451922344904631e+01
-2.884950295663438524e+01 -3.105748232327611902e+01
3.169944324374049316e+01 4.906774442286722859e+01
5.526748609145869295e+00 -5.688666504463918017e+01
3.877604050777712974e+00 -5.713683616179437053e+01
6.535160435869367568e+00 -1.379067617696528103e+01
6.397285707746693362e+00 -5.806459045790483486e+01
1.009554133613643323e+01 -9.059270159652641485e-01
-2.702659988469164176e+01 1.977105900094033331e+01
2.076361196437636636e+01 7.518861524175793676e+00
1.989712128576861616e+01 -3.727157529361451083e+01
-1.244978663083925419e+01 3.963827112636848682e+01
1.891344184433270925e+01 -3.283093655193414406e+01
6.023036948888116804e+00 -5.553123047842591831e+01
-3.632394532409973209e+01 2.536126371300795057e+01
-1.449833477009521054e+01 4.252846170692210848e+01
-3.236591119288479490e+01 -2.268402862243808826e+00
4.475114113549911110e+01 4.864263237162924014e+01
4.534468572623898552e+01 4.560105128349280790e+01
1.850738552163560513e+01 -3.341748706345073572e+01
3.089055707358605574e+01 4.809803413884689860e+01
-3.065210832802012675e+01 -3.382031601474412241e+01
-2.553143432455984652e+01 -3.616658336070944557e+01
