-6.301670858242523821e+01 1.107507599859047120e+00
5.933485333185248578e+01 1.714784082756314376e+01
5.470003660205239093e+00 1.209040174765327613e+01
3.570249614210468536e+01 -5.010096319951940558e+01
-2.806691509758690728e+01 -5.633223562776048254e+01
4.297404388580974910e+01 -4.688999217512684936e+01
3.740270225046824493e+01 5.431963193067868190e+01
-7.458454254351329027e+00 -3.891135449041577488e+01
-2.927775458343429893e+00 -6.312338900205284631e+01
4.737876027243994059e+01 -4.511057003476835092e+01
-9.083392216218920012e+00 6.837018037528862635e+01
-6.593328931574964713e+01 -7.596552565761895970e-01
5.978863561345611544e+01 1.634124374891741027e+01
3.721238948904593968e+01 -2.469315988380565230e+01
-1.758261514855067276e+01 -1.755863164806183008e+01
1.176271476280737716e+01 4.488580681797591154e+01
-2.533501692530962046e+01 -6.271909707840489290e+01
-5.045910857948971540e+00 -2.326545377570723261e+01
2.882180444056521296e+01 3.466279318008115506e+00
-5.348410536842242635e+01 3.548456714836776271e+00
-5.249913797456046893e+01 1.444611841351527648e+00
4.996352008859820160e+01 -2.815943214847572307e+01
6.152434500729919264e+00 -5.779659042111585876e+01
-2.241052376303416338e+01 -5.631932695186628735e+01
-1.084207954453791700e+01 -4.166535175633151056e+01
-6.639824612691064942e+01 1.572625016269852161e+01
4.872246912161128307e+01 2.841416973198145968e+01
-7.393839904085662340e+01 2.790398212378549303e+01
-2.854599630348888528e+00 5.561450275947930066e+01
5.960629728691531426e+01 6.251510700077251848e+00
-7.416817567670269007e+00 7.349308919219352276e+01
2.122562830730555561e+01 7.185815687442809008e+01
6.379775447187790149e+01 -1.392550465766859169e+01
-8.185680019639805494e+01 2.635831211746745950e+01
-5.516355836045594430e+01 7.290980912839887473e+00
2.827452388626470636e+01 -2.205616157037754022e+01
5.177734686640970807e+01 -4.162967656851825637e+01
-1.794310448094299959e+00 -5.671948401958108832e+01
-5.636784973094469819e+01 5.111043409161588613e+00
6.020401596878475203e+01 -8.703413726290754937e+00
5.909755518875206803e+01 -1.261760057196833262e+00
-5.555654364557958047e+01 5.121605710246091903e+00
-5.749196543211427368e+00 -4.724546667433924263e+00
3.835839645097541606e+00 -6.468888285398492144e+01
-7.241590906767625313e+01 2.500480395472128592e+01
1.176107346869110115e+00 6.063157033646498917e+01
-2.379215392641569338e+00 -5.684999828355062590e+01
6.477888809649543589e+01 -5.401488232028432535e+00
4.056342963236122756e+01 -5.120406356855139052e+01
5.484672465478362824e+01 1.980645982936821259e+00
-2.859118819904471565e+01 -4.432278809739838010e+01
-8.044044871278107678e+01 2.673695160322960618e+01
1.910076500263863863e+01 7.996031468473656645e+00
-2.842056944997392520e+01 -6.161884440694255716e+01
4.484824065873782928e+01 -3.106823703048883090e+01
5.309611131400360051e+01 8.710467175293777231e+00
-7.402918188607755212e+01 1.830907019571982985e+01
3.198709487197957202e+01 5.686747905771945000e+01
1.077741314860780975e+01 4.938054122910941146e+00
-5.914280926357961476e+01 1.835984340147030736e+01
-6.661703947799641412e+01 -2.054378023421099542e+00
-7.916055116887561383e+01 2.046449161945356465e+01
1.752027295186807265e+01 -1.260300133812313028e+01
5.560191144655995998e+01 -2.437445250636680427e+01
3.867202634366451974e+01 5.429449219693984219e+01
4.295550067970893338e+01 -2.816497389642397309e+01
-3.746676765191626846e+00 -5.372451891025269077e+01
3.409389548302792150e+01 5.437815082242184417e+01
8.843510372452843882e+00 -6.271925868219599920e+01
-2.803097009497150793e+01 -4.291304813128957107e+01
3.025793918640239610e+00 -6.089580312391854733e+01
2.731211865760482027e+01 4.951042763075741249e+01
1.544485728976559535e+01 4.941489506241187257e+01
1.111619905289314758e+01 8.792321130463465195e+00
-6.399422030878882062e+00 -6.573190311179307344e+01
1.789531370888292372e+01 3.450910104693886638e+01
4.929880344677786752e+01 -3.187385170489051589e+01
-8.310858721766697954e+01 7.322008350408016675e+00
-2.947122142289565971e+01 -4.333233378565689975e+01
9.376579594320917366e+00 7.963376699560364536e+00
-1.798512140284043781e+01 -1.743686923143434342e+01
4.949353323667538973e+01 3.337058757800498654e+01
-5.686847633312366312e+00 6.856039013297727536e+01
2.323365468419130764e+01 4.946832902912188956e+01
-5.612560296794723769e+01 7.864789838238650965e+00
9.577301043237246958e+00 7.078995294068408661e+00
4.923864744926130754e+01 -2.374335801629307952e+01
6.053915977959726291e+01 -5.111442952585735888e+00
-5.997163291805040330e+01 -1.544432220728535654e+01
-2.879465833458418800e+01 -5.809744075614820957e+01
2.944660712457749341e+01 -2.927536933528569563e+01
-3.077301935307324854e+01 -5.892126533959105217e+01
4.113616680872852527e+01 -4.766369768590084988e+01
1.117899700159673060e+01 3.220829021748766063e+00
1.152416339995037831e+01 8.105948611234653711e+00
-5.402303624656946113e+01 1.035366849653446586e+01
2.934128637233089254e+00 6.101346410805512477e+01
1.419719217321933735e+00 -5.981272480985653317e+01
9.141835943995969771e+00 9.640916187693724382e+00
3.897623717911931607e+01 -4.908144550492460922e+01
5.874848924704844677e+01 1.582714368539448735e+01
-3.009054182727675908e+01 -5.880092679113965914e+01
-7.151812419598546455e+01 1.943683595181969892e+01
-3.194859744683016345e+01 -5.870162240720886615e+01
4.801959071913785948e+01 -1.046282810295347154e+01
-7.713902595302418774e+01 2.388269516413916804e+01
-5.527333912655793569e+01 2.102123005880208240e+01
5.382685329242800520e+01 -1.972945844670926974e+01
-1.385358698316263037e+01 -6.319204943368569971e+00
-2.411914927437620548e+01 -4.448909211917192152e+01
-5.353102760406853378e+01 1.888770096954758415e+01
1.898463958248348504e+01 5.575372763837480505e+01
4.094697033655429586e+00 -2.319947270348532697e+01
-5.805198892768057561e+00 6.989283034079254264e+01
-2.112596945218051658e+01 -2.353663916256543942e+01
7.310833330094342664e+00 -6.266500014644293515e+01
-7.585182798766493306e+01 2.707251442899629268e+01
5.330207951720993975e+01 -1.359438796743148359e+01
-4.631314454503726097e+01 1.034950429212504019e+01
-1.757386332125246042e+01 -1.262985707373505129e+00
-5.288667971454583494e+01 1.406112106236495762e+01
-2.496516360178527449e+01 -4.347851576458765521e+01
1.792846247203421228e+01 5.678628430563166063e+01
-8.274467769471995382e+01 2.625063701684377548e+01
3.565884509707890260e+01 -5.169120603046748386e+01
-7.811468623833562219e+01 2.516711057636029025e+01
2.887589252953811680e+01 3.687879013360138458e+00
-2.122598814721541416e+01 -1.217947105660136087e+00
-1.338247581695763699e+01 -4.131233709484508410e+01
-2.679591590430518977e+01 -4.257133712873469022e+01
2.248680899980588777e+01 5.554426569190115970e+01
-8.744642442854124909e+01 2.212877817862925056e+01
3.658916808293016487e+01 -2.421522931861367667e+01
6.069542880936801055e+00 6.550915886325620718e+00
5.611329880804316872e+01 -1.290688249003451027e+01
5.799942669757164282e+01 -2.688594854001858181e+01
1.594045806211343930e+01 6.621910388955387816e+01
2.123152986217678517e+01 5.666118521432745325e+01
5.017857699404174809e+01 -2.331436044666410723e+01
-2.858414923701807098e+01 -5.384567650787445814e+01
-2.529664851049451713e+01 -4.575520192692827237e+01
-7.787122122612576902e+01 2.191653340442446307e+01
2.103570262048197748e+01 5.486829132454123936e+01
5.617180424930435834e+01 -1.716427003024969267e+01
-2.788450123511413636e+01 -3.986813091776611628e+01
3.186845266154175960e+01 -4.127736658942305326e+01
-6.704340258457261825e+01 8.249005006941356299e+00
-9.229440539224340156e+00 7.199397665720023554e+01
-6.202844639864727583e+01 2.346944225806373296e+01
2.330683356645286963e+01 5.629199150369283444e+01
-9.421103455006464289e-01 -6.224814598779626351e+01
-6.495502873508822006e+01 7.577744147463879365e+00
-2.027819122439984412e+01 2.179095958290426793e+00
5.934255757637968998e+01 -1.154990585441231410e+01
4.396728226915366378e+01 -3.395108520794137519e+01
1.109510582448312377e+01 5.941305730174528321e+01
5.908889041506355966e+01 2.054632264754810755e+00
-1.941363086327994836e+01 -1.490614129144055333e+00
1.277936428070665187e+01 1.014791007193565697e+01
-5.142592904814624433e+01 1.046990000739163307e+01
-2.667104653855061258e+01 -4.120719290454844241e+01
-1.991380640638617550e+01 2.748572409257751814e-01
-2.719931958369894431e+01 -3.976721826989628283e+01
2.369830365204744638e+01 5.559567321009571828e+01
-9.857640714931118708e+00 -4.190998678429285462e+01
9.279969489861198184e+00 5.513557750845036054e+01
-1.802217524971695894e+01 -3.189112216192072080e-01
-2.649105048056326339e+01 -4.473288291753627277e+01
1.126665916030897030e+01 4.025145923490549649e+01
5.965432145539273989e+01 1.475343784944550540e+00
-2.040039052553353116e+01 -1.956020591120019025e+00
6.080017480600078983e+01 1.490662081555349072e+00
5.891976721628250147e+00 4.264947589783550796e+01
5.508384852028925138e+01 9.998552445014423640e+00
-2.725951822324025109e+00 -5.478860165511380131e+01
5.933438823245107585e+01 -3.334117351065721269e-01
4.038314701464091172e+01 -4.964979892615252055e+01
-6.249883950488107587e+01 1.359508361631401030e+01
1.106620033071818909e+01 -1.652033059181879793e+01
-2.917162471432448356e+01 -5.425496379287020687e+01
2.505734825986503722e+01 4.768245755265737529e+01
-9.912440074076629415e+00 -1.114832802425208591e+01
5.272837344359266609e+01 -4.175153444206922870e+01
1.520410234787451742e+01 5.555025555245747881e+01
1.157041322530518457e+01 4.775818102119893638e+01
2.375327857785233121e+01 5.393139315215935170e+01
-1.897841919074531347e+01 5.259857462479223811e-01
1.250556231870607959e+01 -1.171826643649714761e+01
2.577024756667595184e+01 4.852184552551999985e+01
-1.456034376811916387e+00 6.874398829875362082e+01
-1.672679008838691672e+01 1.787472170452354625e+00
4.827988942530247840e+01 -4.193859119106193134e+01
-1.813044158305810427e+01 1.091429628688413533e+00
4.023220151881930207e+01 -8.498941112951108323e+00
-2.773723990475142642e+01 -4.697566875509402440e-01
-4.014727005342509258e+00 -6.360833459622535457e+01
3.992225453734029372e+01 -5.382315682542530055e+01
5.975609905101455155e+01 1.025999382024577677e+01
4.207830732993491551e+01 -4.028514851886047410e+01
-6.813992586331265500e+01 2.157947405728613877e+00
1.011756049473123120e+01 -1.471625444759358459e+01
1.426368435264199341e+01 5.758269134181306725e+01
-2.631040936642730088e+01 -4.555127516632243356e+01
3.706947350372287531e+01 -5.226631389195789978e+01
4.794175942342966579e+01 -2.481494066957671762e+01
1.815401698634942562e+01 -9.014784425881430252e+00
1.543653883403175797e+01 4.300733130723215680e+01
2.538608100377234322e+01 5.272970768080065085e+01
5.829708420437209071e+01 -2.681400848175105711e+00
-3.712937175969376113e+01 -3.488541098794173934e+01
-6.819303590642024915e+01 3.403805105574502221e+00
-7.741005538985091050e+01 2.135313090299986882e+01
-7.783413549433761069e+00 -8.134364017906642985e+00
-2.376888559687026614e+01 -4.052757964474558605e+01
-7.650674710133789347e+01 1.998470062481782250e+01
-1.004339270536474427e+00 5.872211144099337332e+01
-7.968729298245150972e+01 2.303092919465643362e+01
8.157703872841990389e+00 5.299597744212906036e+01
6.094086618080015683e+01 1.142495607953023651e+01
3.144229744554844075e+01 -5.069966875834960263e+01
5.911457768922337408e+01 1.108572434679714114e+01
-1.531814205260407924e+01 -5.067736338147350494e+01
-7.997460018730660636e+01 5.566941825721181125e+00
6.388270182345339521e+01 -5.824577054304550749e+00
-1.549616899989738172e+01 -6.584523302197435157e+01
2.078081043955201679e+01 6.425399829282223152e+01
-7.317504048555368001e+01 7.731672263439663517e+00
-7.889743333104117085e+01 2.747849226031847536e+01
6.016989779592817911e+01 -1.677193146309657479e+01
4.050023716327631007e+01 -5.460555439687784940e+01
2.681562349708675086e+01 -2.050030930954178743e+01
6.313663293842971314e+01 1.526059529428431105e+01
7.705014986554954426e+00 1.419398695083334339e+01
-2.308061660387065217e+01 8.568508090586945514e+00
-1.667702297032957759e+01 -5.806876924642814686e+01
4.260419281781136647e+01 -3.960230518972866776e+01
-2.857156092287277960e-01 -6.401817642142732723e+01
-8.397103279833743272e+01 6.011446309766592222e+00
-1.163813096773974287e+01 -4.554040240983719912e+01
6.189731461060590334e+01 2.649571359414761318e+01
5.437088504556015778e+01 -2.589244186742454268e+00
-2.148704987236656905e+01 9.523018987692195125e+00
-1.640379962158535321e+01 -4.835105071193241599e+01
3.019894218250955120e+01 -5.049916647467377118e+01
6.196263127796809300e+01 1.583968753781224059e+01
5.910510296667568042e+01 1.896283228513791386e+01
5.887900619211625752e+01 -1.302394323478705118e+01
-2.032741048175977738e+01 6.342757901132145548e+00
-6.905563574035524255e+01 -9.103832112918706088e+00
-7.097495890157711074e+01 2.382224583694029363e+01
-7.695869779560702284e+01 2.548744605280186448e+01
-5.271564960406306710e+01 -9.852050551968355663e+00
3.933761305974543987e+00 1.784194784352031160e+00
4.095074704761469064e+01 5.474939060533969126e+01
6.082795603670290063e+01 2.688048920884458681e+01
6.101769434117318269e+01 2.476888488783313136e+01
5.952422151618885948e+01 -1.321293743998631953e+01
8.547918129127124232e+00 -4.972591418807905939e+01
3.214014456132500186e+01 5.455585808987209617e+01
-5.176549456264378080e+01 5.051480214709476613e+00
-4.519436236387782913e+00 -3.771694443871766822e+01
-7.253232761367614856e+00 -3.809848683045359508e+00
-3.376916742704547403e+01 -4.867737933142556983e+01
-2.434084919496126886e+01 7.690237281034189465e+00
3.889069125184012421e+01 -2.602272705692214672e+01
6.197303341287431522e+01 1.408609539740227490e+01
-2.344860970138923406e+01 6.810715981824300158e+00
3.988545078516608555e+01 -3.079255483959876472e+01
-3.383924878305037254e+01 -4.792288181090611943e+01
2.239379924939744271e+01 5.126895546932010106e+00
-3.425726858445175793e+01 -4.691573943556834791e+01
-2.398463945356547100e+01 6.560493863924075519e+00
7.978831702859377373e+00 5.664810908377732090e+01
-5.962808869523541944e+00 -1.175698201298395240e+01
3.580417172475146970e+01 5.173251174358267690e+01
3.474544336366610864e+00 5.964928681135935662e+00
4.459526983089484986e+01 -3.520404247206267456e+01
7.592144275831208766e+00 -4.616112499306744610e+01
-2.618098207613753114e+00 4.261970739160429389e+01
-6.867664450672778287e+01 -7.827289921800193895e+00
-3.216115120332871413e+01 -4.565370944175474932e+01
-5.315973450172295145e+01 1.902423057248176974e+01
3.239087850182679418e+00 -7.627982133702668754e+00
3.931151717983070881e+01 5.789254706236854275e+01
6.754319491549739496e+01 -1.083843303330653463e+01
1.234129017226474900e+01 3.941980901829353456e+01
-2.790090309483543152e+01 8.360019360626854024e+00
6.459042299339256488e+01 1.869981300065172647e+01
-7.663522629190974556e+01 2.929053406311466645e+01
-5.973958795694611013e+01 -8.069965848499222716e+00
5.157756293827571881e+01 -2.295686718191282338e+01
4.181725031563703254e+01 5.364753919120423831e+01
-1.044761609284566362e+01 6.796737091601207226e+01
5.768436360483931225e+01 1.769321774194149555e+01
-1.771750044592882034e+01 -6.398791002741251788e+01
-7.873906413508854341e-01 6.062894770862799732e+01
4.448433991881992711e+01 -4.622372438750264934e+01
-2.181757798284513328e+01 9.555396000813793478e+00
-1.985836556244143125e+01 -6.395738769203433804e+01
-6.427597201867418164e+01 -6.491238912233813885e+00
6.415433821869375208e+01 2.160190555650076405e+01
3.962320384882831092e+01 -4.394429969990358842e+01
-6.327255465504808285e+01 2.985173487234893397e-02
-1.540028256062202061e+01 -1.500918052467642427e+00
-1.933901808852722226e+01 -4.754087802172258392e+01
-1.931128352234479451e+01 -6.439370185858351192e+01
1.181241203441125798e+01 -2.210781458604718708e+01
4.231807333847299901e+01 5.448742356161180567e+01
5.822775527446959387e+01 -2.140897274938263450e+01
2.870123784510771259e+01 -1.308195678680370289e-01
3.782974479691001335e+01 5.746718525367602126e+01
-5.161541220253611328e+01 3.366588623093947241e+00
-2.455532799484258177e+01 9.952874590459591886e+00
-3.391856801288500378e+01 -5.083499676909040232e+01
5.304720340460372796e+01 3.237562242127728496e+01
-5.864354685788850929e+01 1.457824293588843290e+01
3.948409973491938274e+01 5.603658507128970712e+01
5.556942241320834697e+00 6.451687371042068797e+00
-4.715103015377302142e+01 5.186901426137359827e+00
-5.279011913299755321e+01 -1.056012656353364498e+01
-5.191865305420451193e+01 2.056537336209584765e+01
-6.305275006158794326e+01 -1.978982800553527710e+00
-7.776425976543200136e+01 3.091518424446765323e+01
5.518800048180789020e+01 1.601407067049128941e+01
-1.638122900830353501e+01 7.550739866888740437e+00
2.677724544772518911e+01 -2.030052843018976105e+01
-1.697074817665224344e+01 -4.326882300924937397e+01
3.174047672113110963e+01 6.723964348056114204e+01
4.166793644689813192e+01 -3.566395361468680392e+01
2.820465656319733938e+01 5.467561311450279504e+01
-6.156592673037251551e+00 5.324259068614237123e+01
-7.376294659917335572e+00 -1.055750193085405719e+01
-6.214007373919970689e+01 -1.707024627341428902e+00
3.441900010984914715e+00 1.428359399192390633e+01
-2.478217135723079068e+01 -4.067026816869234551e+01
5.508240865690569699e+00 -1.876153907488911798e+01
3.230297582350251417e+01 6.562314079938224154e+01
5.592195256678896698e+01 3.941361367732031606e+00
2.788935165597343868e+01 5.391758735883576747e+01
-6.159369761579277025e+01 2.515336324784973954e+01
-1.018434727647118088e+01 6.545213107856146451e+01
-7.063353536628962104e+01 -4.136418454680462986e+00
4.901958128850031926e+01 -3.835499937909371226e+01
5.828381626515021452e+01 1.846408681108408700e+01
-5.445093921692254924e+01 -5.357864755725234573e+00
-2.014654970903545816e+01 4.095955544569914508e+00
1.802006962970968473e+01 -1.348027600026074246e+01
-2.569074162423073915e+01 -3.850964096751756216e+01
-4.741892392951723423e+01 -1.628253924720036272e+00
2.850684700835814667e+01 6.478173248508922200e+01
-2.357658851154023516e+00 4.183166504516052697e+01
3.211996424731231770e+01 6.636208516604233409e+01
-2.531775435450543199e+01 -3.781168702419603989e+01
1.466776572235899145e+01 -1.489895615200313017e+01
-7.499827506757439721e+01 -1.656220099573423532e+00
2.916346168455944010e+01 6.131580092661528880e+01
-6.748251417270314789e+01 -3.633483966477422111e+00
-6.366119623752754109e+01 -8.141895019130716449e+00
3.516100348260543029e+01 -4.369787932043200840e+01
3.475266961704193136e+01 6.257682251337006818e+01
-6.455698055832382209e+00 -6.464549036647525782e+01
1.632023899570702241e+01 4.364564391818956324e+01
5.253623167584924314e-01 -6.634067297500533300e+01
5.255885002224093228e+01 6.618323689326312653e+00
-1.843406878830352724e+01 -3.855302848573811048e+01
-2.071648776737159992e+01 -5.029314344517731072e+00
-4.975713102517747899e+01 6.472554700444230313e+00
5.749977154988843608e+01 9.850199649991481010e+00
3.924731473962855688e+01 -4.692289882000096668e+01
-6.703345547958299733e+01 -3.725469908283206344e+00
5.663774111092512697e+01 1.030904528431688583e+01
-1.899683090286990250e+01 -3.775380159611473374e+01
-7.929319971275262446e+01 1.416966797075679096e+01
-8.715320531692004380e+00 6.339631849557535048e+01
2.626200549226120007e+00 1.412072146994320931e+01
8.478921332548777556e+00 -5.758208100600156598e+01
5.409221073651962541e+01 6.302458873266097328e+00
-2.451644862743856734e+01 -3.694812921119152804e+01
4.926532566616903530e+00 1.333652010665593757e+01
1.411672643948414496e+01 -1.465298562190529275e+01
-6.099217498134713367e+01 1.502917996474221063e+01
5.969707866947278063e+01 2.288009524758586366e+01
-6.437272206943464425e+01 -1.198929724530022334e+01
-6.052177260150453542e+00 7.458084856502925675e+01
1.390493075157954195e+01 -1.841700761566823275e+01
5.340467204660568257e+01 5.634076881659370706e+00
1.941239784789105371e+01 5.457235155968732698e+01
5.404458086101993075e+01 7.303647226236773093e+00
4.953126233006582879e+01 -2.678153356623455039e+01
-5.143409922400353551e+00 -4.553994030436916063e+01
-3.403643259884212124e+00 6.069890330062901995e+01
-2.538455040515142258e+01 -3.579268410661176603e+01
-5.937908641611242189e+01 -1.524506621094929670e+01
2.762947570322450019e+01 6.564269542832435889e+01
-1.191326406020710671e+01 6.868409450443029129e+01
-5.962583111498377519e+01 -3.143840688361651647e+00
8.677225894272870832e+00 1.546024546255443788e+01
3.024455893779301974e+01 6.620866802917088023e+01
2.744364498828677057e+00 5.675080947298980050e+01
3.106772846653501574e+01 6.597993703618166705e+01
5.590994586029287561e+00 -4.641221734512772912e+01
-6.591147358839654657e+01 -7.864789312559095080e+00
-6.170133164057370578e+01 2.267610347392943204e+00
-2.308409071833800397e+01 -3.754266132642109710e+01
-5.035532621805199227e+00 -2.325132877025679079e+01
-2.422852707022908092e+01 -3.824138464152503758e+01
-5.757121909431163687e+01 -6.933434609951968142e+00
3.357819774176574867e+01 -5.108271167920037215e+01
6.053924246626340988e+01 8.894088768062445638e+00
-7.711082624457171164e+01 2.971138020968622939e+01
-1.099928404395677184e+01 -4.646737840761679905e+01
-2.336298118117485334e+00 -6.735546016419168325e+01
1.115474173793018231e+01 6.091334905357039275e+01
8.316483791001905601e+00 -4.929435565337357161e+01
-5.070155336448770811e+00 7.210541642266871065e+01
-6.413397762816650527e+01 -1.348897601750836550e+01
-1.044515303946438678e+01 -5.584036012941163563e+01
6.102414268759978455e+01 9.977513097750964732e+00
-2.762838627216098430e+01 8.157128286211314361e+00
1.920387922239583034e+01 3.726347188442692726e+01
3.568628660387585683e+01 6.103637558484431480e+01
2.759364831742153967e+01 6.124670270420215701e+01
-6.357466988742628189e+01 -1.375040239611070270e+01
6.573375262034265631e+01 1.834992719114504212e+01
-2.412394371013997585e+01 4.831381571124856222e+00
2.969163860386542453e+00 6.205709369781576612e+01
-1.657303949875444005e+01 9.367621094038346641e+00
5.793485452557176529e+01 8.934999313890942929e+00
-4.599669008875926224e+00 6.498451339122905779e+01
-6.060332507632394794e+01 -2.828055012514036015e+00
3.904945132393584117e+01 5.719822634562132890e+01
1.192754589668800413e+01 -2.188944917548341351e+01
6.595489623211025787e+01 1.263579613741692498e+01
-5.263693202354977529e+01 -8.978694652633643969e+00
2.555900014334957149e+01 5.095800186498946260e+01
-2.273784483604966411e+01 -2.359110896729924534e+01
-6.581050897145074430e+01 -1.010644964161064330e+01
6.347717310042977346e+01 1.961176292993774695e+01
-4.961828179097761193e+01 1.088322377839048016e+01
-5.652149264632399905e+01 -6.607767079115091313e+00
5.452891333677417407e+01 1.226193716967046754e+01
6.427176995290589900e+01 1.200873251170604128e+01
-6.140224557792093663e+01 -7.897181939546353391e+00
2.912423917029512310e+01 4.791063763844501722e+00
2.807533746559327881e+01 6.147526689865350846e+01
-1.516133836439284899e+01 -4.626183421289020004e+01
4.211512764114137042e+01 -5.035692336168707328e+01
-5.559122472381609015e+01 -6.304460676668096397e+00
-7.516582983532687479e+01 2.957513705230195100e+01
3.336733740252903857e+01 5.859452457681177151e+01
6.621236997014542602e+00 5.493154683884448275e+01
-2.241414650994373048e+01 5.467466273447240788e+00
-4.734868130980604661e+00 6.359219802640051000e+01
3.349595583142478006e+01 6.691410066312433003e+01
6.510576245910841919e+01 1.288023891207910943e+01
-1.158352324457720606e+01 -4.065728667258515827e+01
-4.967281272606031450e+01 1.121280882345069863e+01
3.912834634686328172e+01 -3.934995654059424908e+01
-2.861690308542704120e+00 4.364247292369304176e+01
8.345625299158392352e+00 4.695773891036793657e+01
-1.683057664633745887e+01 -6.485366713163308816e+01
1.643758761176509609e+01 6.408239532926444326e+01
-2.323477176541319267e+01 -4.370947418346672997e+00
5.376461225130834976e+01 -1.703306853888805961e+01
-6.091879004456885127e+01 -1.011893828080614988e+01
6.640332061808676656e+01 1.100407419855720015e+01
-2.209224761589579344e+01 -4.999596707422700348e+01
-7.984438120747915946e+01 2.516324204277792376e+01
-6.118180065380945365e+01 -9.712787350866754821e+00
-9.683329052237136025e+00 1.279830733710745605e+01
6.792660121489539904e+01 -3.956421569832893059e+00
-1.571480713240730154e+01 3.446584787306774533e+00
-8.277997424564413009e+00 -8.012413294777831041e+00
-2.114444229017646038e+01 -5.947615187438210427e+01
5.026053322054013961e+01 -1.974767392711913772e+01
-5.516060520620686702e+01 2.336520919941911956e+01
-1.419145174802372456e+00 -1.467358951440760118e+00
-7.160818299035310019e+01 -4.868162767307832262e+00
1.732408442773661905e+00 4.857835892284196433e+01
6.270512201631461124e+01 9.282450176307762035e+00
-1.524446519547484336e+01 4.587124768792210538e+00
-3.674220866961337606e+01 -3.356039233870654215e+01
1.484140689884153730e+01 -2.336496273461940021e+01
4.507746307229930238e+01 -3.030320264524083029e+01
6.030335650588717300e+01 -1.343487871243081777e+01
-3.696547952522842628e+00 -4.471525565146086478e+01
6.172207740544987331e+01 2.406305080185284240e+01
3.743172856462805953e+01 5.306542518287442789e+01
4.973255261750566980e+00 -1.991916289482886171e+01
-5.197999392801931151e+01 1.934767162450982880e+01
-2.360345613182380120e+01 -5.976236418501029846e+01
-7.670291143171917270e+01 1.528095096547734322e+01
5.546786164732113633e+01 -1.017012549315751890e+01
6.936358851387258539e+01 -6.500079900768685803e+00
6.338625578575391728e+01 -7.972173565793457151e+00
5.134204429178222995e+01 -3.514737558816676710e+01
6.323687131513153759e+01 1.392150595950267800e+01
-7.892688630220933987e+01 1.020126161542552090e+01
-6.900580199604237919e+01 -3.652557858928782597e+00
2.692124042162412412e+00 4.165053926160303632e+01
6.578599460889174111e+01 -4.233351693929281012e+00
-5.670494308476242473e+00 6.861978713507419947e+00
-2.447965556453128499e+01 -5.694295076725262028e+00
1.162803840228875707e+01 5.222090377012452933e+01
3.844849293595240169e+01 5.144923551899881176e+01
-8.082903086805401927e+01 1.676380683745470179e+01
-6.326742476938453308e+01 -3.377895417513681053e+00
2.903185877577901586e+00 4.327133847114792076e+01
6.479462029961170799e+01 1.588474317158926041e+01
5.720047666323392832e+01 -2.569882001739048150e+01
-3.709109843335654233e+01 -3.425926858821157595e+01
-3.812616305851670973e+01 -3.127041848431214177e+01
6.334995026003834795e+01 2.464406963854679589e+01
-5.635408800232426074e+01 2.162321331793687662e+01
-4.237088487159594408e+00 -5.516949688794682771e+01
6.620787444156900392e+01 1.442331677553882763e+01
5.727336244175700841e+01 -2.695945642206544690e+01
2.311488078744056818e+00 -3.065413684037114894e+00
-5.684766470281585526e+01 -8.776235549752593457e+00
8.906202696290950627e+00 1.068604593680958814e+01
1.425478472214189729e+01 -2.262496893745598570e+01
2.281523411891512421e+00 -5.561396622945350288e+01
-2.188044123788280260e+01 -5.104406971867689435e+01
4.734071670524809861e+01 -1.689695592554896209e+01
3.533826758414527802e+01 -3.533247615272016873e+01
-2.138871724153673881e+00 -4.453593823726385637e+01
-2.182867649129283905e+01 -5.137390726904472871e+01
-5.898394206885350854e+01 1.916003060897241284e+01
6.477296183381878336e+01 2.127587387639833949e+01
-4.964427908700774217e-01 -6.691094024680668895e+01
-1.106807682828866390e+01 7.257203828922352784e+01
3.825983485575581255e+01 5.267509552727695166e+01
-4.414039892806982834e+00 5.003686990771184639e+01
-1.948268333174469547e+01 1.371899837819788637e+01
-4.659166944259597187e+01 9.412580313119470077e+00
3.642491999098484712e+01 5.328020113405806057e+01
-5.601608884068826066e-01 6.294397126122731123e+01
4.888151357922030371e+01 -1.630173568540539364e+01
-1.328810512692319179e+01 -1.430247443679067310e+00
6.096344076331432049e+00 6.902168998385513987e+01
-1.708386695973714842e-01 -4.007781581247932934e+01
-5.613526303619511992e+01 -1.314899660373589185e+00
2.465660252880580217e+01 4.295103528672220961e+01
5.398163942021590600e+01 1.334944948975665513e+00
1.090756994372898347e+01 -1.537176263020126443e+00
-2.773481187263257652e+01 -2.702254926121459278e+01
1.407065125706192887e+01 6.323786855346408231e+01
1.411872202496397044e+01 -8.370362280720652137e+00
3.747388946846707825e+01 -4.580908031883533482e+01
-5.395939989662145564e+01 -1.672098458833892076e+00
5.454498866953468195e+01 -1.162020590993393832e+01
-4.472488632584516566e+00 5.237487904442760822e+01
1.159553627975051526e+01 -2.191943278379520965e+00
5.158409765516152845e+01 -2.516700390691063660e+01
-2.406136979882210625e+01 -2.378548528813404417e+01
1.804742218506391183e+01 5.999179158342302287e+01
-5.754214379724464123e+01 -9.725822271314605860e-01
5.253473001051114721e+01 -1.513917608570446882e+00
-4.060016397370429075e+00 5.778484349069415771e+01
1.375808442632119721e+01 4.307115407512143723e-01
2.777237480919292878e+01 6.744502666424568815e+01
-2.955931713603023869e+00 -4.324248674521820845e+01
1.283224211069163401e+00 4.867837617500514114e+01
-7.717557433747487039e+00 -6.244784951472104950e+01
1.990063279432043686e+01 3.706887926548717616e+01
4.452047916042539555e+01 -2.803473661178895782e+01
3.162829880844942210e+00 4.692270089089916496e+01
-2.649759293993796661e+01 -2.653714207221107202e+01
-1.640087014187900483e+00 -3.658385260388381255e+01
4.342676071963305162e+01 -3.674767665773052272e+01
-2.713426062149241957e+01 -2.465547001353071721e+01
4.432691003513631500e+01 -3.289892213854881931e+01
4.562602007546051652e+01 -1.212107396655606273e+01
2.005696120208590116e+01 4.962683642113958626e+01
1.758729369586257363e+01 -1.041197715984303507e+01
2.023802485903510728e+01 6.859514542031155315e+01
1.348280134776642036e+01 -1.026659835750147076e+00
4.370417297642063659e+01 -2.933866747384647056e+01
1.187978591473005352e+01 6.878836096829429891e+01
1.285660767305841823e+01 -1.616017761559411126e+00
5.233787636921638509e+00 6.410635636795387882e+01
4.561186728846717386e+01 -5.906373012155904156e+00
2.358279110585652560e+01 5.144503367659157611e+00
1.270842101091683141e+01 6.873288380039591061e+01
1.121023801117017271e+01 4.663342804526442897e+00
-5.749027791137206300e+00 -8.649120601445972056e+00
-4.843136093241385964e+01 5.315230465887444744e+00
2.375534894580946244e+01 -2.224162356080862679e+01
1.317388393616408138e+01 7.177121454303217263e+01
1.272683187474789790e+01 7.122027918920517209e+01
1.434619365630774546e+01 7.042645777622463754e+01
4.871843287152960755e+01 -6.894601880538859362e+00
2.260749038671600175e+01 5.110965066197245932e+01
4.582490526876031112e+01 -5.065638243828341380e+00
1.080569020249309231e+00 -6.420051068294486640e+01
-2.884792894537042329e+01 -2.932335074445164835e+01
3.578577784545924789e+00 1.446514818660848789e+01
-4.320070514728442945e-01 -1.439914484617764678e+01
-5.383464291824650161e+01 9.020814810653922100e-01
-6.275487195386827977e-02 6.278125393467647797e+01
-6.722186146767249681e+01 1.959304423724994138e+01
-1.633321225109028418e+01 -4.051977715347248221e+01
-2.584956250277293677e+01 -2.579547622582660438e+01
-2.558157112974683756e+01 -2.498511363953130626e+01
-3.333591059765131703e+00 -5.548889931324787739e+01
5.962265690542371033e+01 -7.492641991017734426e+00
1.517901890181679470e+01 -2.160737178952769710e+01
4.942324332932846431e+01 -4.901499117370620162e+00
4.243871461437235482e+00 -6.167377848514048111e+01
4.666516742809844942e+01 -1.402663641404926720e+00
-6.737107390786187011e+01 -1.248175926856738194e+01
6.964344859360239504e+00 -4.835988110146152508e+01
-5.311729223565963309e+01 -1.024239544312899319e+00
-2.770181469812001396e+01 -2.756919210548012700e+01
4.094194772342996913e+01 -3.899230874065316499e+01
-5.482821089432032124e+01 -2.142253918905617116e+00
1.295954457918988556e+00 1.305338345408485345e+01
-7.843375720138075735e+01 3.526404047597053726e+00
4.662497831805232806e+01 -3.346286159484624712e+00
-6.870516136677963459e+01 4.385038864085350596e+00
-6.781932933398171315e+01 1.609002066977546619e+01
4.882435626464172884e+01 -5.332479368575557821e+00
-6.668952866823396164e+01 3.825725930619419124e+00
-6.595157400833974748e+01 1.218085358375674154e+01
1.863845002079997926e+01 6.057278801000587976e+01
2.153295566668778349e+01 4.883907947255458737e+00
4.435986848560335716e+01 -4.569715381397426945e+00
-5.004016627324553923e+01 -9.699640134362426114e-01
-2.144701508800486711e-01 -5.680681242066512482e+01
1.747655159389186608e+01 5.978574008796811512e+01
-1.172115364012725003e+01 6.943884542197824317e+01
1.048510483439640950e+01 -4.831938520265165238e+00
-6.955976285420339877e+01 1.880455350830942862e+01
-5.028754874892035787e+01 -1.267073703339105961e+00
2.864503934120376982e+01 -4.835887301627680990e-01
4.716511338714404644e+01 -3.931213517221807763e+01
1.124812100093699030e+01 -4.343035582673409500e+00
1.260439577251243470e+01 -4.457774081123233145e+00
-6.810770548191487705e+01 -7.762867355010278914e+00
6.286969875231326910e+01 4.155941492958771910e+00
-1.943051855420380392e+01 6.000053019461097925e+00
7.715923302979245335e+00 6.270186886634252232e+01
-1.302692547417552049e+01 -4.708153450374986448e+01
4.862767789189494749e+01 3.534027880163421997e+01
5.618915135097165603e+01 1.741488087324674083e+01
-1.511213405582913838e+00 -6.033447484230379132e+01
-2.694314411566809397e+01 -5.598017029912104192e+01
-2.021326472600859958e+01 -6.734609924684241378e+01
6.030141946091456262e+00 -4.807898788744967788e+01
5.185264935011115739e+00 -2.156320222855558200e+01
-8.270435476487563164e+00 7.259014025226093736e+01
-6.452653742131296610e+01 -7.827360841013993209e+00
3.110144760252926854e+00 -7.174128930629057876e+00
6.023221853250723257e+01 -5.841100870153115743e+00
-2.814463747361557910e+00 5.310315855733052359e+01
-1.471311930286852387e+01 1.125040109748545447e+01
-7.740362172184483747e+00 7.492357250648731792e+01
-1.618622623318141507e+01 -4.926445289994714472e+01
4.768600279684952881e+01 -4.063047302867009591e+01
3.778192172634584978e+01 -5.086549530905525529e+01
-5.173353916952175524e+01 2.123850270931470874e+01
5.655802209288570026e+01 -2.369502509195937989e+01
-9.810015186308488566e+00 7.035485995850099528e+01
4.740266713758602179e+01 3.489089525514359025e+01
6.664128678469586475e+01 -5.027242295370330183e+00
-3.152726877294717767e+01 -4.211645319068655624e+01
-5.884221787542560200e+00 -4.781610868841833906e+01
-6.583669971082589711e+01 -4.777720977107978051e+00
3.952999529275928126e+01 -4.814692802511851966e+01
4.940263798430856923e+01 3.015084540139394065e+01
-4.110001790848381908e+00 -5.878521801999064422e+01
3.145495542785079479e+00 -4.510191363186606139e+01
5.101365783175760527e+01 3.203089494103581814e+01
-1.752901658673645713e+01 -5.950970080447791410e+00
6.672523769884811884e+01 1.013538083076013407e+01
-3.940378792030474919e+00 -3.813383214622219697e+01
-7.100001294652244610e+01 -9.835078814834862015e+00
5.357511643742265761e+01 -3.455136479564435348e+01
-6.541433158772811396e+01 4.097813614118638981e+00
5.561287509152617048e+01 -1.552271139359573482e+01
5.474596341798236665e+01 1.528580547660983058e+01
-4.875524348562941812e-01 4.393305829520229366e+01
-6.926322146439775906e+01 -1.118999496900000779e+01
-6.122425022707046338e+01 2.258097795653139173e+01
-2.131858825878003127e+00 5.970468494827350270e+01
3.593098200147410548e+00 -1.779346766919172751e+01
4.715120151592739717e+01 3.632628253669305707e+01
4.390660713957095851e+01 -7.820519954988106370e+00
-6.642805452885801287e+01 -9.209557961334294163e+00
6.663240257669991706e+01 -3.573905882671147172e+00
6.426201084352111081e+01 1.783539774473769413e+01
3.965723400227748385e+01 -3.311270813212196629e+01
-3.006969855240972578e+01 -3.786266876516635449e+01
-7.826783966125117331e+01 1.670283162853896286e+01
3.454475867653305166e+00 1.928425974419658573e+01
-7.141073731142660108e+01 2.571666277456786887e+01
-3.079617928398799265e+01 -4.269326996630469040e+01
6.387615593132406389e+01 2.589618726331987020e+01
4.689322536333505553e+01 3.625105528297023483e+01
-1.529753757946463821e+01 1.079773139065502185e+01
4.846270331991039626e+01 3.626123364686518613e+01
4.285375709688026546e+01 -4.812809576930346367e+01
4.925959165112918470e+01 2.990840950209393512e+01
1.687294723687940534e+00 6.283762106269278291e+01
3.947067858376450289e+01 -4.510970230458665498e+01
-1.894697414117321799e+01 1.152455871580649749e+01
-1.859958601374009746e+01 -1.708814332630455013e+01
-2.780410292877650846e+01 -3.719271237478120895e+01
3.185826322452264492e+01 -4.277494539544927221e+01
-1.950631638906095944e+01 -3.502436834546083588e+01
-1.692534638234833722e+01 1.198351521637256667e+01
-1.674590338505419140e+01 1.079774895477072860e+01
-1.943775606994503846e+01 -5.909145982329136615e+01
3.686434855791059118e+00 4.762740549267452650e+01
-6.841698336344215647e+01 -9.899000335870898226e+00
2.354689343060638151e+01 -2.221914744350201332e+01
3.453420530096841023e+00 1.934667493752640155e+01
-5.524254460820170465e+00 5.315987062674516039e+01
6.084206131763673397e+01 3.348067606640570570e+00
-9.458174443969886269e+00 4.877496371143013931e+01
-1.407563755573107578e+01 -4.672683447850280203e+01
-1.821989988805255578e+01 -3.204553602291043912e+00
3.365505502454591014e+00 -5.728766962669701712e+01
-8.034911814488101811e+01 1.827125946514982857e+01
-8.416066882054324960e-01 -4.008327255407321132e+01
-1.601241483990788694e+01 1.193150263070230110e+01
-3.103170201557334451e+01 -4.532958907587601516e+01
-8.721131621843149162e+00 -5.556175049761530715e+01
8.907884684549044252e+00 -1.771804987314388669e+01
-2.536306508915250291e+01 -4.187799883180843352e+01
-6.069810740342336430e+01 3.855970723875768780e+00
-5.913500931888597023e+01 1.460039656297773902e+01
4.987409831801081594e+01 -2.117373252042470710e+01
1.408252066823746240e+01 -1.726094936949183634e+01
-1.464682903208398912e+01 -3.795383425350620854e+01
5.944366941573924201e+00 5.240607956458611483e+01
6.862700877947000322e+01 -1.006751099851136999e+01
-1.617349236178314342e+01 -2.937287270774135983e+00
-7.908967679375513171e+01 8.835976256055575462e+00
-6.479075767859438884e+01 1.655394215918210676e+01
6.563979544638398522e+01 -6.757699899400621213e+00
1.654402035090035028e+01 -9.770743711461159720e+00
5.978907701099386074e+00 6.170969472945717627e+01
-1.034987374312003716e+01 -4.537065555743203049e+01
5.826279719927684120e+00 5.265965613844771553e+01
-1.415548352753900829e+01 -5.504963241838888877e+01
4.952224556967331637e+01 -3.772715542226845287e+01
3.865439791481060983e+00 -5.752183119344208961e+01
-6.768615454556810107e+01 1.877246520861376666e+01
-3.658638853881430730e+00 6.664371161326465653e+01
6.129365886510940697e+01 -1.112423655182405646e+01
1.591530398880080632e+01 -1.061204844751801524e+01
-1.495109207009295815e+01 -3.729461597395565065e+01
8.732403859271665070e+00 5.585847737611295116e+01
4.310145946046184662e+01 -4.127900752460453049e+01
5.551033576337972164e+01 -1.974971276076747273e+01
3.442571663805095827e+00 -2.234535108674891646e+01
-4.091387142758777351e+00 2.348375921872024108e+01
9.408217701613715178e+00 4.905062684635111481e+01
-7.316425720540678412e+01 7.485544470829058383e+00
2.410025616893228673e+01 4.723461756574890558e+01
3.271259148643471892e+00 -4.691198250152771010e+01
-8.698515717625779686e+00 6.732508430451972004e+01
-1.870844600363009747e+01 -5.709390482558492863e+01
3.327147424026052391e+01 -5.227361509976960718e+01
-1.869573462947474241e+01 -5.563771987469047531e+01
-7.355488469725804634e+01 2.466495759648596575e+00
-1.623414400489268061e+01 -5.376766228554553884e+00
6.546573438264711342e+01 -8.558035028244429299e+00
6.614711167814374448e+01 -8.540067327927459928e+00
-7.151631751490799616e+01 1.277449069436848639e+01
1.230843284119345959e+01 6.444386620378810449e+01
-1.725251147313619171e+01 -4.000902707532585367e+01
-2.299072071991209443e-01 5.732415544099354321e+01
1.528801679005660219e+01 5.138819275546893550e+01
3.717643877596744773e+01 -4.913694241759946379e+01
5.955389723248060818e+01 -1.744480790646916191e+01
-7.342675352305943370e+00 -6.431507743704123925e+01
5.724722278234658290e+01 -2.113428807357957595e+01
4.320730086651111890e+01 -3.561781294372279660e+01
-7.101802381143994580e+01 1.135275131187094821e+01
3.609141852212270152e+01 -3.414937522803570147e+01
1.231090604718630033e+01 4.672447974285324790e+01
-6.586112468870067005e+01 1.005670742542415397e+01
3.723696105801412415e+01 -4.689082796865105962e+01
1.464997637109933493e+01 -1.212344172574327494e+01
-6.071757353915521804e+01 6.190403862590003747e+00
2.848520393400493944e+01 -2.921360017158057687e+01
-1.455584659746806508e+01 -4.398105944618767360e+00
4.436967695838772840e+01 -4.040424855341067456e+01
6.194628807418467886e+01 -1.227517907752095105e+01
-1.951591086198308345e+00 -4.053264489858063513e+01
-2.840394667309365673e+01 -4.889080567321115467e+01
-7.064960070088864086e+01 1.664205802217519548e+01
-2.518462372755696776e+01 3.533242881230079124e+00
-7.622979514659697031e+01 2.139318647710756593e+01
1.544115986641875971e+01 -1.511429313717883893e+01
-7.384494567393488751e+01 2.027637689340414795e+01
5.465551276669346237e+01 -1.607551874375918644e+01
2.775731651765422914e+00 -1.607616304119367356e+01
-9.696825758859928257e+00 -3.994495725181204904e+01
1.290406532520508343e+01 5.434235582875422921e+01
-5.820930930969475980e+01 2.006155098492767053e+01
3.398347942715551540e+01 -5.550400658373931151e+01
5.007037314906661152e+00 -2.101115938632387170e+01
2.339282492830808913e+00 5.927621470186513974e+00
5.996821933319236742e+00 -2.023393578368788326e+01
-7.539309853963286123e+00 -6.209671311257517345e+01
1.224186421063592789e+01 5.304559790143154174e+01
2.479908763335947341e+01 5.111407598252241513e+01
2.343565290675991175e+00 6.448499442658965108e+01
1.497171963762857239e+01 4.673623231708759107e+01
-6.002623024623029657e+00 -3.252825650322190398e+00
2.441887770809266200e+01 4.993140848292791389e+01
-7.810345124137532480e+01 1.544833198963532261e+01
-7.672301181758969335e+01 1.625163748978899037e+01
-6.409879010237414576e+00 -1.139593363891745925e+00
-7.762034241025310166e+01 1.117576203609140606e+01
-1.020683932921375181e+01 -4.983949553572168867e+01
4.347950624905056571e+01 -4.941142906731655415e+01
5.754773054545582767e+01 -1.419143437112098560e+01
-2.410099691424279200e+01 -4.226560902664971309e+01
-5.132970477172366230e+01 1.415408661347997743e+01
-8.284379645590846053e+01 7.163737407562141613e+00
-7.835970825853286215e+01 1.835933913864680989e+01
-2.187828322374624790e+01 -4.011854611247767366e+01
4.931043106171160983e-02 -5.181533197058378448e+00
-2.152058681401917539e+01 -4.059313105478017292e+01
3.316567674765448892e+00 4.512091953327330174e+01
-8.165511058043829706e+00 -6.456501447212806966e+01
3.186845126166338815e+01 -4.228290557103072445e+01
-6.412104771233957834e+00 1.403917119591682194e+01
6.696204592703922742e+01 1.204232176228262752e+01
4.006541365032474289e+01 -3.459268732871205998e+01
2.794780643289449173e+01 4.815866441379301222e+01
-7.926194041519028133e+01 7.499536585724668747e+00
4.859364076367116070e+01 -4.249623489957519240e+01
1.258519436353217502e+00 -1.541766400441160734e+01
2.053768479082263809e+01 6.552712562758689785e+01
-7.301869376703821501e+01 4.666135269269528152e+00
-2.221374006079278729e+01 -4.315401613179308526e+01
6.082554318526519666e+01 -9.917875967966416795e+00
-6.451743057329601072e+01 1.022206451825287665e+01
3.829987197553670342e+01 -4.772865899332616380e+01
4.601929063194484115e+01 -1.263458397497109154e+01
-9.831172982749981415e+00 6.589575437477728315e+01
-4.550399099141024806e+00 5.144094756475316643e+01
-2.483956493489683837e+01 -6.211872881212740793e+01
6.305654841774201991e+00 6.815432184430167695e+01
1.836762497133340588e+01 8.550590102082672672e+00
1.741560752573080606e+01 3.662943463947419076e+01
-6.828742553939338222e+01 1.065243009692099463e+01
4.747649600653274149e+01 -6.263051895771245547e+00
6.198959531973022763e+01 1.986482705950858474e+01
1.670657611318812741e+01 6.338779369631600602e+00
-1.058267684181138613e+01 -5.621484324360093154e+01
-1.865282828808659232e+01 -6.787044326852341669e+01
1.043785237838274504e+01 6.902487016651942042e+01
-6.940571106274310864e+01 1.732006339478954615e+01
-7.210642602614766972e+00 -4.057615521429455185e+01
-1.051968314137764970e+01 -6.691147260710714306e+01
-8.563319755482565654e+01 2.265057923179403332e+01
-5.695467257976712006e+01 9.192860070985689802e+00
4.933497793978447277e+01 -1.781588277650292795e+01
1.976760829301170830e+01 -1.751708121101322391e+01
1.731189985975087708e+01 7.891200476698272404e+00
-2.432001437329794769e+01 -6.176399422632553637e+01
1.390001966203845640e+01 6.040688600916307394e+01
-4.085767461788927690e+00 2.348206124895497382e+01
1.556277639437920257e+01 -1.004423585055609536e+01
-1.400719435633271281e+01 -7.307246713346896350e+00
-6.494085074511070843e+01 8.460094244857307544e+00
6.282957396954727436e+00 -2.132265820266380274e+01
-4.606219566228786277e+01 8.255761409928091155e+00
-5.805909916691319950e+01 8.322843720767751918e+00
-9.942677036600366947e+00 -3.704111477161462318e+01
5.159125332109272222e+01 -2.246184726459675041e+00
4.712808808941764482e+01 -2.963287415351231857e+01
5.736044142192732664e+01 6.431153599322128045e+00
-8.863751081883188476e+01 2.198886948048449952e+01
4.082645022907116328e+01 -8.400671585848394685e+00
-1.579034492185019722e+01 -4.302155883357102084e+01
3.121324727318552039e+00 5.988498517335274585e+01
-2.319274044610942909e+01 -5.106259360025523497e-01
-2.859377398728500808e+01 -6.046070586196717045e+01
-7.438543187138002111e+01 2.314634642929038577e+01
-6.150364464926073538e+01 6.685363259478299902e+00
1.094350842952372105e+01 4.249647444964303844e+01
-6.741030076184590314e+01 -2.804288083500233730e-01
-3.836705534775895821e+00 5.893475126760925065e+01
4.692483256490602272e+00 5.547422392470971886e+01
-2.009363196029486431e+01 -3.341602043954996049e+01
4.782185477797501250e+01 -2.973938858967338561e+01
-3.148748084415058557e+01 -3.848205398699987256e+01
-1.101129498429622799e+01 -3.900934817823036838e+01
4.962620203705490241e+01 -4.425137896846134566e+01
4.544719417291540964e+01 -2.847556658998946943e+01
2.025912629095579476e+01 2.717336905289526428e+00
-4.422909651036838419e+00 -2.164137735120950534e+00
1.783426120810647220e+01 -8.346373255345332254e+00
-7.014952379725185949e+01 -8.835719977216568211e+00
-1.850723867449963933e+01 -5.890942456672247829e+01
1.502716471017085809e+01 6.008801146283266092e+01
-2.551982867900177609e+01 -2.748458083935565810e+01
-2.197763773263372300e-01 -4.984763765439827132e+00
1.262137179648491525e+01 5.155747153529970461e+01
9.256943417188217893e+00 6.303164292231868160e+01
5.215092878573382507e+01 -1.914523411700365685e+01
6.120674492836811531e+00 6.717530989589916146e+01
-7.421105512562776951e+00 -3.550549146741792583e+01
1.743012448354435406e+01 6.196890082279321810e+00
2.851308263022344391e+01 -9.180836194975541265e-01
4.819907837515407323e+01 -8.414774782977795908e+00
1.801469130723152645e+01 3.702908763900600775e+01
3.103779829110690169e+00 -5.960601312983364863e+01
-6.956351498184534421e+01 5.364006774599365812e+00
1.797110281549865363e+01 5.113996661245221986e+01
4.854448395458737764e+01 -4.535782082224754674e+01
-6.904011629973851427e+01 2.452135540589689633e+00
-1.185096030009452406e+01 -5.387347628133715460e+01
4.019172419296499754e+01 -4.056871064663211968e+01
5.182950056277211814e+01 -3.450319889385728800e+01
4.141846134730234219e+00 3.982238841266795948e+00
-4.853232269094084472e+01 -1.535179415597098362e+00
-6.262661238803021391e+00 -3.667796297465418576e+01
-1.303332050838909018e+00 5.298388820767648610e+01
-1.126954795434739864e+01 7.426141936812470590e+01
-2.109385019091970098e-02 4.926742317344044864e+01
-4.594172148082642515e+00 6.886229443222295288e+01
5.065446145210989926e+01 -3.201977997537429399e+00
3.421522618041734631e+01 -5.255059663033649286e+01
7.708372485754847681e+00 -4.506428121811582344e+01
5.789045872299198692e+01 2.807485937143220145e+00
2.064602050520025855e+01 5.047983822243561036e+01
6.267002296509011217e+01 -4.361132105831892147e+00
2.881301131962471285e+00 4.255849735591971950e+01
-7.326382774552382671e+01 6.350962178420478388e+00
5.314452773284039644e+00 5.623835942653938957e+01
-2.253198914457902546e+01 -3.263506398897705996e+00
-6.184945919213594578e+01 2.475746430193006375e+01
-5.773530405947644439e+00 -5.360453487052703636e+00
-4.678406831448830161e+01 8.026982785169160195e+00
5.313469986458020378e-01 5.262632236690260612e+01
2.667849853747027211e+01 6.774610105731957788e+01
-1.248144473773024732e+00 4.371265799843844491e+01
1.615675453247168747e+01 -1.047191180488335593e+00
4.790746963460780883e+00 -6.246316108599605599e+01
1.582639072510050049e+01 -2.350473124231790667e+00
-1.675192125647335217e+00 -3.615141195513068340e+01
-7.022940991288142243e+01 5.257453693688697527e+00
-6.122015494741130937e+01 2.929668400331729039e+00
5.712513143234054525e+01 -1.666454682557935385e+01
-7.055846845015031477e+01 1.082039039187050022e+01
-2.814368707157895333e+00 -8.079402303956072728e+00
5.841999367283287370e+01 -1.971146011079775562e+01
-1.162032211709180274e+01 -5.747317702141097584e+01
1.880178265064902376e+01 5.129258829371857331e+01
5.868565625627924831e+00 -6.361643357739359317e+01
4.619349474489096252e+01 -4.341169157442700310e+01
1.082553031811707633e+01 -4.718757346715422329e+01
-7.670550367947379300e+01 1.395593998969741811e+01
-5.922705865859639118e+01 1.052262916872521537e+01
5.761695385705665728e+01 -2.500170569120073338e+01
-1.429428871320976402e+00 -1.074939208939323620e+01
-3.800287743992926348e+00 -6.031388378892183155e+00
1.367779612551105473e+01 6.263101168502911520e+01
-1.108886425709772361e+01 -5.959548185665587283e+01
1.201571410225384184e+01 5.796888392832147474e+01
-5.789371623789032384e+01 2.181739613926660226e+01
-7.332791329943318281e+00 -4.024302538252418771e+01
-6.332737710675439757e+01 1.368232406455048000e+01
5.833261252115985229e+01 -1.512479144339118342e+01
1.729181057690922785e+00 3.240449283238168388e+00
-1.615519182116397445e+01 -6.542144770355767491e+01
4.522483478596768691e+00 -5.998214226546787131e+01
2.722223623375900914e+01 6.520458151087402143e+01
5.725470902615234081e+01 -1.860788836116626710e+00
4.793758765028061930e+01 -3.335365444382151878e+01
4.745276210970727249e+01 -2.701883546894362098e+01
-4.568417283424063946e+00 -6.670458875850047775e+01
-1.020122068426576156e+01 -4.425631698613049991e+01
5.381414388721594833e+01 -2.055458131842684466e+01
5.123538780350870070e+01 -2.899129732146393934e+01
1.393379130562083645e+01 5.442887416073837414e+01
5.446873270747585849e+01 -1.361771263410384414e+01
-7.141017499079275410e+01 -1.354332013249127220e+00
4.178642800587250150e+01 -3.483006039035444701e+01
2.119358309388113071e+01 7.179711776202923090e+01
6.259029174384586014e+01 -3.101460217089003546e+00
3.201956942745599122e+01 5.343358682736269571e+01
2.914496162871296647e+00 -4.578366342057666571e+01
-1.331608466183035588e+01 -5.749294093183709720e+01
-2.689983860980768426e+01 -4.901390729209775543e+01
6.565895184624372938e+00 5.998336080595653641e+01
-1.312351069018348504e+01 -5.625459808080272239e+01
1.531353671788658666e+01 -2.383557620457253989e+01
1.797952333108006684e+01 4.639442649515088846e+01
5.198784659295638022e+01 -4.074965949210748306e+01
-2.722255763237711790e+00 -8.948198038427561229e+00
1.909715808026151151e+00 5.868038098753881826e+01
-6.791040708749832788e+01 1.523400506204909810e+01
-4.783719965091086124e+01 6.563929877693493786e+00
-7.495972965982886649e+01 2.580756253923570753e+01
5.097363354699995597e+01 -2.803979788962966424e+01
5.001007934120247711e+01 -2.471328158765050276e+01
-2.532374831997976727e+01 -6.394588223840613495e+01
5.190450529151840797e+00 4.582090478592146354e+00
-1.298184999728204048e+01 -4.457928012944901752e+01
-5.517394296195634595e+00 6.711634219575162774e+01
-2.456428698376200259e+00 -2.460752813836838637e+00
1.322006784512784350e+01 4.080671464241483903e+01
-1.478160040910603490e+00 -6.407142967307042625e+01
1.745603183031534300e+01 3.535369627672972825e+01
2.134736033802314736e+01 4.788986300098708426e+01
-5.186908377485760013e+01 1.418734844646457383e+01
3.210827047636827558e+01 -4.399362847271885357e+01
9.485179354830970411e+00 4.632685927795225922e+01
2.142985169568489923e+01 5.299317926139546131e+01
4.939404953721343361e+01 -4.050509178895277529e+01
5.083281753075755915e+01 -2.684645172532164992e+01
-1.519897927648850677e+00 -6.154159988569571027e+01
-8.633193017983815665e+00 -6.660070762726165583e+01
-2.371162531058321310e+00 -4.237485995500134806e+01
-1.826497193196090407e+01 -4.494474277646066440e+01
1.778117129641491090e+01 6.600389934375905376e+00
1.140268773464650209e+01 5.468087911888411412e+01
-5.700174092300896334e+00 7.377513949569512874e+01
-1.577134595458095978e+00 5.525934482747052101e+01
-9.167816934269986007e+00 -4.665102420682702444e+01
-5.996958005696367167e+01 1.097921697187121737e+01
-2.034660267188594673e+01 -5.292656846317046693e+00
9.654429071448809907e+00 -4.751349569517540772e+01
-7.560514139776964271e+01 2.437892261008406791e+01
1.025495720905923314e+01 4.461850656681514948e+01
4.651559598782427685e+01 -3.766644743752586066e+01
1.089502491099142389e+01 7.091297871558465715e+01
-7.586595513281875469e+01 2.600099642660766008e+01
4.110320109881257622e+01 -4.008320393020240147e+01
3.245571186319516688e+00 3.977349211350035052e+00
-1.587821978074949669e+01 -5.839449106595721162e+01
-6.345055830492421833e+00 6.732237126618943535e+01
-6.358705817855766895e+01 1.069533484859789851e+01
5.240956965012616209e+00 3.741056412500063821e+00
-2.685250846831034099e+00 -5.030358828764026846e+00
-1.539086746155872376e+01 -5.922921443247785334e+01
1.042793862216498191e+01 4.432775772028900718e+01
1.754743117499404903e+01 4.501512662732226744e+01
-5.015092246325897918e+01 7.463616814263465571e+00
2.443331134491108170e+00 -4.474716403631061823e+00
-7.276586072389870097e-01 -2.780520718070134123e+00
1.115500511393169525e+00 -3.927484437234014081e+01
-1.062059284108609525e+01 1.243710208664088768e+01
1.177382225016954109e+01 5.577945829887622153e+01
1.738128810193253315e+01 6.440677210976319600e+01
1.277664514588426137e+01 4.238358483881772543e+01
-7.630007846861009568e+01 2.238904768575243764e+01
-1.537957596742208333e+00 -2.730094307058769321e+00
4.439068065906574390e+01 -5.023196352500593775e+01
4.394517345471194147e+01 -3.907388570491718127e+01
-2.432449867959900480e+00 -3.155677017301190102e+00
-5.723816745780521842e+01 2.060589764601589025e+01
-1.737823006025141481e+01 8.553757399884561963e+00
-1.365743545097844169e+01 -5.846059671431662963e+01
3.976422563212858563e+01 -5.056153317749672738e+01
4.946229315260781334e+01 -4.174185149095447400e+01
6.575638411860804666e+00 3.648299458183712041e+00
-6.865700912477451823e+01 1.891837901084174689e+01
-5.795389267380291898e+01 1.292976276528016299e+01
2.311046766432046429e+00 -1.596298711583848018e+01
-7.237911188337746182e+01 1.792890422246534721e+00
9.875950668875484340e+00 4.151666133889560939e+01
6.001559532455431878e+01 7.310223870530505152e+00
3.967384843569688258e+01 -3.598256885697741581e+01
-2.317320278346150886e+01 8.670809326013662055e-01
-8.841247073593075712e+00 4.958923000055823138e+01
-3.197106881372874199e+01 -5.320932780178075205e+01
-7.241825228684822946e+01 2.336616799868106398e+01
1.438031778529366989e+01 -1.026056346872173464e+01
-1.024371447034597615e+01 -4.991344399677974764e+01
-8.886190787944548219e+01 2.196603452014477398e+01
-7.894748171075964649e+01 4.349432556847186326e+00
-6.131062016125573777e+00 -8.206844534637045996e+00
5.904069093225982812e+01 2.134991353637221678e+01
5.653735662097025738e+01 -1.849011709855795615e+01
-2.255051286866602922e+01 2.838040457105956982e+00
-3.171314303906045140e+01 -5.167780878174185943e+01
-1.147242216620348643e+01 7.462187994147721781e+01
3.419680941115495898e+01 5.972738612869127905e+01
4.039776499790904296e+01 -4.145595545522601100e+01
-7.918374651167887635e+01 6.343993542336578528e+00
5.391417579388562586e+01 -1.309519590764380403e+01
6.018612585218119193e+01 2.385271089731813277e+01
-1.881133894713076415e+01 5.927149605360468421e+00
-3.361144597834559988e+01 -5.360181292564674038e+01
-1.299198788089278622e+01 -5.743884064168444326e+00
-9.440958461471900875e+00 6.270468857834875109e+01
1.412762314229387606e+01 4.612392845108748674e+01
5.973005675805642056e+01 8.512830676365998883e+00
-1.621536432402046657e+01 -6.006019714020476297e-01
-2.318870424729162494e+00 -1.987264485662383606e+01
-8.006669358696417760e+01 1.170097057636810867e+01
-6.007936336716323211e+00 1.416738843725210728e+01
3.503294210986403101e+01 5.854811251550872697e+01
-2.499789237220911531e+01 -2.903010728676365915e+01
2.557253454674643578e+01 -1.851751107138433028e+01
-7.047842171897973174e+01 -1.614398555792091683e+00
6.186320219167088652e+01 2.270023168216402709e+01
9.608542012650660880e+00 5.797357530257161784e+01
1.625032924108951704e+01 -1.162666808177299593e+01
6.034516595991641452e+01 2.605715609635252861e+01
-8.028179050097371316e+00 6.580272190728886983e+01
-1.258652813570054896e+01 8.692187577607203508e+00
-1.591324529047958070e+00 6.437609192507621003e+01
6.168922276358834722e+01 5.801582547265958567e+00
-3.143427863838648584e+00 -6.096890052064497212e+01
3.476879906030004008e+01 -5.014963098801872832e+01
-5.425119842363574918e+01 -3.508849743875754434e+00
-4.777488646071224565e+01 1.026324280056863891e+01
5.807151863076745002e+01 7.596305530732477607e+00
3.387542008934305926e+01 5.219325548573416285e+01
-6.226132748694088548e+01 -4.961279836829847412e+00
3.433952176836156411e+01 5.556267852248100780e+01
3.744333430242618022e+01 -3.457758976336268120e+01
5.314094692370084516e+01 -2.987856942527354676e+01
3.566111911623470121e+01 5.582193984962343336e+01
1.660549365880845585e+01 -5.463933065058280691e-01
3.405401535670935687e+01 5.731050971601963795e+01
4.559468553261849522e+00 6.037385199191704999e+01
-6.106062640233925087e+00 -5.239047503244941284e-01
2.694415675203772675e+00 -4.743277758742611638e+01
-1.759267254753401843e+01 4.623389094610680594e+00
-6.650371229457788802e-01 5.505388319121691154e+01
5.406920906092863532e+01 3.935582596908035136e+00
-2.291883106640634082e+01 -5.564239970058881113e+01
-9.353618391478342176e+00 -1.128970249928954139e+01
-1.010448085262004270e+01 4.912156845085264223e+01
3.307998446787885882e+01 5.281306527052913680e+01
7.104005191720675683e+00 -5.799768197906341527e+01
-3.091534573603559011e+01 -5.389836089753855219e+01
9.675610627564312338e+00 -1.711947699955911872e+01
-8.004850572595267977e+01 6.626288634067035943e+00
-3.008956584820511893e+01 -5.526475143091390407e+01
-7.737542938528417835e+01 6.515563750294946388e+00
3.797261032244635715e+01 5.965814812530027922e+01
3.342516763783672928e+01 5.686271193163348414e+01
-3.155417087796798015e+01 -5.109179676069059894e+01
-9.304033383783865574e+00 4.774581538717237095e+01
-6.134969483712701077e+01 -4.917241907679647639e+00
6.180147001362706760e+01 7.891117507061525593e+00
5.677246133542846707e+01 1.129630163892060501e+01
