1.574146543694974021e+01 2.283522903842147045e+01
1.412213667217811164e+01 -5.516860820333075566e+01
-1.033583485997882434e+01 -5.734382781856929512e+00
-1.402319587431544079e+01 -1.379627047909222703e+01
1.763276951251369695e+01 1.292390792256838417e+01
-2.597496804641020773e+01 -1.326908809806031186e+01
-2.845366269872475584e+01 -1.756427042775476721e+01
2.141299908260569396e+01 1.689630152382754957e+01
2.834915875736151847e+01 -3.625219309579055249e+01
2.609855418869366162e+01 1.582347193197498392e+01
4.314754408239720451e-01 -3.173857668342115090e+01
-2.919325502230537950e+01 3.408454749669633088e+01
2.264319287397853486e+01 -1.481625554567131786e+01
-1.011597653034027822e+00 -2.433288103219959098e+01
3.011055219369150748e+01 8.457873955231834273e+00
1.791515785495823110e+01 -4.528091707459444137e+01
1.244791836995857537e+01 3.059452374619266379e+01
-1.871850801932624364e+01 -1.617319921287173301e+01
-1.167831746916477442e+01 -3.396820604617673212e+01
-1.885413415493756162e+01 3.255141947576284167e+01
-2.634063819902216608e+01 1.870031722619782855e+01
1.022089353184512106e+01 2.234572425868907075e+01
3.084458947284513641e+00 -2.095872010353850712e+01
-1.685690246953371130e+01 -7.001491136230927559e+00
-3.000709276788456847e+01 1.696066229645999712e+01
1.655671736174458886e+01 6.600770597297881181e+00
-3.659980579497732123e+01 2.288484935268521170e+01
1.341793494209188786e+01 1.784527625785840144e+01
3.294884174044524627e+01 1.328932594286279389e+01
-2.585631238738742965e+01 3.046611186787551517e+01
-3.460450703492388413e+01 3.838181026211874780e+01
-7.253432214494280217e+00 -3.304107944648070117e+01
-2.158776231171934512e+01 2.792685923009160476e+01
3.866794744630482228e+01 1.172464386848606743e+01
-1.376737203787855357e+01 3.074661680206450498e+01
-7.761537339326090468e+00 1.233525758811132533e+01
-5.756080472339490051e+00 -2.614977531537883237e+01
3.515702269553214165e+01 7.348947996509399339e+00
1.048276291185301190e+01 -3.270068566792385667e+01
-1.785782162296237630e+01 6.417611430788530136e+00
-2.441962605881266235e+00 -1.764668707023905725e+01
-3.779340907896018820e+01 9.106426025537542657e+00
2.358825823908074781e+01 -8.023921853960638728e+00
1.105557879299482593e+01 -7.816537624090289960e+00
1.220170975413095249e+01 -4.099591922589031867e+01
-1.134472975787120497e+01 4.186287932176758630e+01
-6.749351516691069364e+00 -1.193188322497613285e+01
5.417478176959879654e+00 -2.487216530544227666e+01
6.935051163539696972e+00 1.820679503834525192e+01
2.361348927401853359e+01 1.032399650071288733e+01
2.774069663289915866e+01 -4.073739099007501530e+00
9.421904056373126224e+00 1.391706636823825072e+01
1.927344733823011325e+01 -5.275325049506580655e+01
-2.289404123499570076e+01 1.360174646749559457e+01
-1.012474121067404864e+00 -6.143856031807723994e+00
2.214425360934446374e+01 -4.734907305514234110e+01
-1.039870334459429202e+01 2.420375011098886375e+01
3.696989249982321724e+01 1.675394560194013849e+01
2.062566988652965350e+01 1.999298686370860334e-01
1.155111487008506366e+01 -1.892178246946520259e+00
-2.265967348630681499e+00 -3.737453519548420644e+01
9.899994087043745949e+00 -4.742275210466463875e+01
-1.372620997534439624e+01 -2.021712670847816806e+00
-3.958192945574125332e+01 4.665403016484295229e+00
-4.480040841194782963e+00 2.922699612175969719e+01
2.468258439226364676e+00 3.266821638969513231e+01
-3.587686129106553157e+00 5.474104816758012859e+00
-2.556838267016130217e+01 3.698266236124548811e+01
-7.117515361453705225e+00 3.138850032691047343e+00
-3.307705285677111107e+01 2.671628955343230061e+01
-2.021996908529595061e+01 -2.032929952601315549e+01
2.141609591172795035e+01 -4.255322250971410369e+01
1.705493762248302758e+01 -1.631970681020162672e+01
2.758929397655766280e+01 -1.146863810700142139e+01
-1.943406351217851480e+01 1.759919480341880771e+01
3.166590328126798859e+00 2.849931417767825081e+01
-1.538944727340378016e+01 3.764605186126969016e+01
