6.087585031312215733e+01 -3.373993733862312183e+01
-6.654702423083804774e+01 4.584453469319299757e+01
-3.128038420297691413e+00 6.026001721172013958e+01
3.426030053730711700e+01 2.080416921106700912e+01
-3.025977992387839066e+01 -7.932139833004081542e-01
-6.417551307601378596e+00 -5.258122018787504715e+01
-2.320818577412279993e+01 3.052718914271482786e-01
-8.084860156708994339e+01 -2.315842719870772726e+00
8.653963742335007980e-01 -2.857788221491638225e+01
-2.277849060757112198e+01 -3.500006917937251671e+01
-2.058779798425903707e+01 3.736591016937113707e+00
3.239969628575055083e+01 7.212870883826680846e+00
-7.137453846908761079e+01 4.722598082094248895e+01
6.419253185570622122e+01 -3.218131944276307621e+01
-2.172749849506589115e+00 6.051416197483948167e+01
3.971314457603560832e+00 -1.719435257374664161e+01
2.661020137212411285e+01 -1.186984960427392011e+01
-6.139956200157062227e+01 1.850676673951037543e+01
-1.152364151439289941e+01 -4.892484938190589361e+01
2.580335024465820126e+01 2.617386885667304930e-01
-3.305127108320232310e+01 -2.939078354515949698e+01
5.062805145464280088e+01 -3.362148958039153257e+01
5.026855517976136412e+01 -3.161243861621566964e+01
-1.882799136407465923e+01 2.424622405768423050e+01
-2.208946961812874221e+01 -2.431376713890041685e+01
-9.110147560357711782e+00 -4.428829342383284740e+01
2.457210278305750784e+00 -3.248397251427006438e+01
6.382319200913288171e+01 -5.002812206782126481e+01
-1.479809495577606704e+01 6.060427395597942990e+01
7.339063014029623844e+01 -5.839234921185429528e+01
-6.407776491640291283e+01 3.325437215242419597e+01
2.869505714528818974e+00 5.543603112177719794e+01
-7.660260253539013320e+01 4.824914846387838452e+01
-1.547404086231264131e+01 6.528628293476987210e+01
5.738574712155976698e+01 -4.155568550185694221e+01
-8.875782899098190626e+01 1.890694712241221254e+01
-1.197506007866174293e+01 4.194559538224519457e+01
8.198951884955909009e+01 -5.697670278775571973e+01
4.892020127629574944e+01 -4.336394806763262011e+01
-3.596275729625233009e+00 8.365787517365617987e+00
-1.725055458395882368e+01 6.730258452845575334e+00
-1.736954287512923401e+01 -2.981681487023328359e+01
5.239417919406465529e+01 -3.564428306099406996e+01
6.329415179898012056e+00 2.135803787670085718e+00
-7.522772913342526735e+00 4.418643799074391154e+01
-1.068106760497105512e+00 4.751510216391817210e+01
5.195222433670150508e+01 -3.505152025560641960e+01
4.065334683210617328e+01 1.894248168242258723e+00
-2.702784853568115864e+01 -2.928987177002584374e+01
7.311539879857701862e+01 -5.509949695903864608e+01
-8.676648163317871365e+01 -3.050270671235822406e-01
-6.815290402612824039e+01 3.505150418350268637e+01
4.979462750012927330e+01 -3.746785568893145779e+01
-1.717517641009979101e+01 -3.028803247334811388e+01
-1.135320333444439100e+01 4.805305755525765221e+01
-1.861101295815734247e+01 8.377307011692442629e+00
-2.644981336563273189e+01 -1.287913144706127833e+00
3.899701313984242912e+00 4.789799810017548509e+01
4.018357006496118267e+00 -4.777561917658182722e+01
8.066052651870816703e+01 -5.743719361092460929e+01
2.492108282612286629e+01 2.629408217048001006e+01
-1.116304984943788803e+01 -5.280853670900595631e+01
-1.981193242775561103e+01 1.995934976839386366e+01
9.449745722731385911e+00 5.165585221536633753e+01
7.215259795369381379e+01 -4.423906935416253816e+01
-8.200911920855951109e+01 3.796203877144464389e+00
2.744397879797310225e+01 1.586341488346033302e+01
5.405323030857421429e+01 -4.731171319208391424e+01
6.509723425889933424e+01 -3.087302419307610890e+01
2.663966940093266089e+01 2.306453998125020277e+00
7.831131832717176167e+01 -5.047147166106034888e+01
1.958494663275452652e+01 5.988922506128824708e+00
-1.229845399678243290e+01 2.782512666054149619e+01
-8.284187405677727156e+01 -5.327642315137226525e+00
-1.595817819001415572e+01 1.838673588148202143e+01
-1.378764144669316849e+01 -2.975544907781379678e+01
-8.065025677801348536e+01 1.926511086949922902e+00
-2.762913472712212481e+01 -2.393483187079489838e+01
5.913629571596678680e+00 -4.754249135089124678e+01
-2.349667201079308754e+01 -2.821856278931332085e+01
-7.142297714461157909e+01 5.477794058506718855e+00
-6.421992213782563397e+01 1.249515837544944397e+01
2.914735701336876872e+01 1.901884423062499962e+01
-2.110846550380998110e+01 -3.991173778693578811e+01
-5.449948994965986060e+01 9.355540940917496329e+00
-1.154310678130170764e+01 2.329138965248397852e+01
8.113706029100100636e+01 -3.716380079684831372e+01
4.842220520347602530e+00 -4.865651352359225967e+01
3.002998740086317753e+01 1.713855263909504245e+01
2.684069277435101952e+01 -1.208932456354263074e+01
-1.604715467021396336e+01 6.527512281903889857e+01
-7.317478528779669489e+01 4.441218269307830013e+01
-7.181806545143818710e+01 9.383291318069753473e+00
5.012192659327915578e+01 -3.758308144707739018e+01
2.949415251129012816e+01 1.660386743801696241e+01
-1.754424582661922472e+01 2.798948833988553631e+01
-7.044891509685716535e+00 4.754186837070884053e+01
6.106851570818466257e+01 5.985252138357890495e-01
-7.914714212990200615e+00 -5.353412954603125939e+01
-1.719579852776728979e+00 -8.041188666989775413e+00
-8.692853911031628300e+00 -5.538135338125678686e+01
-2.494220110567725257e+01 9.288430660783029147e-01
2.635840311698315475e+01 1.499907412822478747e+01
2.839709777203291452e+01 1.888787965266788049e+01
1.758073556853183916e+01 2.066592001278979041e+01
5.713683534970569156e+01 -3.803204531889000606e+01
-7.056100528708010700e+01 3.311768155963958549e+01
-2.212687286224006300e+01 -2.946103226479034731e+01
3.104246138564920443e+01 1.844427457779230650e+01
-2.692791801587823741e+01 1.379564015598769178e+00
-2.412084673632735043e+00 6.152939406634171604e+01
-8.710738886679507686e+00 -5.476080562141519437e+01
7.641418494848626786e+00 5.470237351383605784e+01
6.983800582138529478e+01 -5.220974584289094622e+01
-8.253922072222385609e+00 -5.641283084557391447e+01
-2.433162191557627640e-01 3.323427916950044647e+01
7.703456912535160939e+01 -5.469157653169854427e+01
5.045138773014930678e+01 -5.034716876620139914e+01
-1.269670924309109772e+01 3.101814219369982339e+01
4.512265342249506261e+01 9.931374081667913245e+00
3.659120666119259013e+00 -4.297134649793843408e+01
4.939255779489437970e+01 -4.637029826133174026e+01
-7.323296994789279779e+01 1.381833590266493061e+01
1.725637501610570013e+01 -3.538648381480629546e+00
-7.417856557782647542e+01 4.506800483682535230e+01
1.702515652646485478e+01 -1.703927450968324919e+01
-2.676533370251812372e+01 -2.525954900822421578e+01
7.571271683719751877e+01 -5.777534973401137819e+01
-6.919883241398471441e+00 3.341684741987014462e+01
4.201841787010587836e+01 -3.860229715607238177e+01
5.143370699306318983e+01 9.491237830342321047e+00
4.335416094362300043e+01 -4.461492722638141828e+01
5.465008691831737764e+00 -4.421751358850794844e+01
-7.398149814784579803e+01 2.481579144414877547e+01
2.314948791920990789e+00 -4.163716064179978105e+01
8.281987706256673221e+01 -5.688497337204892546e+01
-3.159885691967962984e+01 -7.643891143592976833e-01
7.788053697803690056e+01 -5.605214116224659904e+01
-3.335647791165553144e+01 -2.928842488199618899e+01
-5.099094955300920162e-01 3.395632035391678727e+01
1.202929453361108436e+01 1.148037857869672074e+01
5.345994266554665586e+01 6.239202183683493885e+00
4.367297700363268476e+00 -3.426046657324703659e+01
6.630911631189294830e+00 -4.658881971354946927e+01
-7.562039830537720775e+01 1.229538538536540848e+01
8.699893438152692227e+01 -3.994379459591672088e+01
4.160676777500289525e+00 -1.663053102186641752e+01
2.713413923785833148e+01 8.873807434176837816e+00
-7.901837882410795544e+00 3.657651697908760013e+01
-9.054707167523078581e+00 2.599960536589123095e+01
-7.307531833257468179e+01 1.104762325562194647e+01
-7.974262801677190282e+01 1.998923219037413901e+01
-7.533384276600249052e+01 1.396596550440836992e+01
-1.666854750488281312e+01 2.841473236862403340e+01
5.193792503859179277e+01 6.329141739831338320e+00
-3.998050907028731782e+00 -5.245681990777842429e+01
3.585399897961773164e+00 -4.479593446384205890e+01
7.794463870230275404e+01 -5.241149457819818736e+01
-7.367695559538353223e+01 1.218430297953662489e+01
-1.307830111031176479e+01 3.422907700033887579e+01
1.015011258727136223e+01 -4.365768802847883734e+01
-3.432984827226526647e+01 9.159810041398651848e+00
6.500644925314173861e+01 -4.228811778107217378e+01
-7.445375195597689810e+01 4.925540194024537755e+01
5.667973589007908686e+01 -5.269999129097878665e+01
-7.659376579312016986e+01 1.237722609990214551e+01
-2.285755370099173689e+01 -3.282414621023873025e+01
6.309948469960541217e+01 -4.180376274715963092e+01
5.538454697039629337e+01 1.113325614490351434e+01
-6.865810350762252767e+00 4.047580455722567905e+01
-2.239664743258717650e+01 1.792282782519694706e+01
-7.366417238927212452e+01 2.923794249105396403e+01
5.135238483645691021e-01 5.022332934063447851e+01
5.289583687504482157e+01 8.053482951270741097e+00
2.920679436523782968e+01 2.069869343470278622e+01
4.657237717614603412e+01 -3.975541683146456506e+01
6.250837361111226897e+00 -4.486925283720390212e+01
5.403227064437641758e+01 9.443073254069604516e+00
5.785076179811080266e+01 -3.887771279906213096e+01
1.007500440520238882e+01 -4.439863859997395679e+01
-7.679798359129962648e+01 1.169291764101969910e+01
1.642463031678551122e+00 -3.207762721965160324e+01
-6.253983364340497531e+01 1.903431279750900984e+01
-7.170218567412582900e+01 2.200455076155485656e+01
5.231459097915647050e+01 9.478844740980919781e+00
4.466729433021980000e+00 -4.590800512672391420e+01
-5.722959011994897338e+01 1.779630438501960299e+01
-2.443817561960169027e-01 5.028269260441764743e+01
5.270400323069043225e+01 6.851080227151745028e+00
-5.837403559783888723e-02 5.139856455000455071e+01
-5.822858818077001075e+01 2.336780305260827362e+01
8.861321515623243883e+00 5.377135646589270124e+01
-1.521246849762506059e+01 -2.946116276842554527e+01
-7.318243843106749802e-01 4.845628458937360961e+01
-2.626789734970976653e+01 3.853459363347531141e-01
5.972702607844453837e+01 -4.170726750872818656e+01
9.809587298320542104e+00 4.781191855348444264e+00
-4.337485643855506723e+00 -5.303516399515623192e+01
-7.431812821636376043e+01 8.857530690678874663e+00
4.739804901564050255e+01 -3.841260095268544950e-01
-1.636096031159490849e+01 6.441266132441558767e+00
-7.172352342914881262e+01 1.642134955685170183e+01
-6.436169944173413171e+01 2.883465319332010068e+01
-7.570365146729849926e+01 1.032362752884407087e+01
5.337539240457992662e+01 1.007273961524251682e+01
1.794761379602297424e+01 4.402465906670107287e+00
-7.383973458962633174e+01 8.185660114207658822e+00
-7.659744203350081193e+01 4.133363182839359951e+01
5.211161365903579679e+01 1.221842013384744519e+01
-1.997269657404083176e+01 6.758876424203183575e+00
5.302134555887199951e+01 1.086715484664567200e+01
9.036384278673621040e+00 -1.002776457071731109e+01
5.861896496353700314e+01 -9.484325923796991020e+00
-2.219533853467764217e+01 -3.617113109524366621e+01
-3.228093957543512715e+01 2.768567522932151359e+00
6.057919781169871065e+00 5.738062970801689033e+01
-2.421468490166097354e+01 9.980835401295033549e+00
6.591556376253433314e+01 -3.554957343467770414e+01
1.126842194050685109e+01 3.680043139243682315e+00
-7.350088586328364215e+01 1.713142236864297629e+01
3.742120099317630455e+00 -4.572357591876056659e+01
-3.125937764645584238e+01 7.772745017134056189e-01
-1.670864748166961888e+01 2.616486022765093011e+01
1.912315488148026077e+01 8.816246700224844801e+00
-6.007749376053092050e+01 1.498111220042483360e+01
-7.379280142804091724e+01 6.126191179062600689e+00
4.297527529388727174e+01 2.725921046570124773e+01
-1.130316248969854831e+00 4.566866742431158599e+01
5.419246873071391413e+00 -5.923651665718660553e+01
6.586557021555023539e+01 -3.678100762457808770e+01
7.731807323871304050e+01 -5.195173291037703933e+01
4.110441519099489938e+01 -3.616039381019534371e+00
8.260724724607008795e+00 -4.383948846297492707e+01
7.634179028846951098e+01 -5.083562546352779066e+01
-7.024190457790169262e+01 3.708510271777818446e+01
7.932108644502250172e+01 -5.423788155792808396e+01
-6.898818542641669183e+01 2.265704147168304772e+01
6.158132327753683910e+00 5.892105602869165182e+01
-3.016517662870791483e+01 -5.104194726767044443e+00
7.036090217259848067e+00 5.762352747968446209e+01
5.091705833166101769e+01 1.825636258613058871e+01
-1.399135202709601167e+01 2.125491660855459841e+01
4.866404799656711333e+01 -3.825195486715072946e+01
-4.631286276435502280e+00 -4.037717284381042049e+01
7.784838385450538567e+01 -3.621078295153643722e+01
-2.447027995673437673e+01 1.380469840532555637e+01
-1.058091199667511795e+01 4.755595127862867599e+01
6.118182739868792908e+01 1.331813613653012673e+01
7.022947872381705281e+01 -5.509026047039493790e+01
-2.055658184881663431e+01 -5.060684343999706414e+01
-8.137618898666352152e+01 1.604857050145828623e+01
7.162484488112592373e+01 -4.206162912262743703e+01
7.911582075135056868e+01 -5.861996044332160949e+01
-1.508661171524944855e+01 3.903232337579244415e+01
-3.279642354543769045e+01 3.385648977473239007e+00
-5.673430975577444801e-01 8.082514786786420657e+00
6.986104410971934442e+01 -2.974375428995132964e+01
2.407542366526671529e+00 6.270381152989853035e+01
3.189563676470410769e+01 2.356692736356165696e+01
6.105402287154289809e+01 1.494206239506955924e+01
-1.528220274206257479e+01 -4.223916650658224370e+01
-8.637650388946880753e+01 -4.435600086449112744e+00
-2.355073860144150544e+01 1.035617284020893081e+01
-2.470357535140568217e+01 -3.279241329014524808e+01
8.200603693917412329e+01 -3.597638887334980495e+01
-9.143283476670199805e-01 -3.510543165821987799e+01
-3.736727983755208538e+00 7.169794181377426412e+01
-6.867040680573354372e+00 5.273647004909439318e+01
6.047183689513791904e+01 1.652620584274705351e+01
-1.899243540780991335e+00 -4.076086335821855755e+01
-2.989279276111458827e+01 -6.212977399342984874e+00
1.135087242708995081e+00 6.192559268443577736e+01
-4.456676913159260067e+00 6.232755679358616163e+01
-1.885137659244061625e+00 -5.997425691974151363e+01
-9.144823079606039684e+00 3.918394763340830877e+01
5.706367580940975159e+01 1.451207861100214558e+01
6.855158253081353337e+01 -2.355721121798984541e+01
7.407233924838058670e+01 -4.928048823860909522e+01
7.675851809013492755e+01 -5.614286313337788670e+01
5.944153451265557919e+01 -1.638403187993270649e+01
3.019007531641103625e+01 5.627455690366929275e+00
-8.553162015100949134e+01 -5.448035911477988158e+00
-4.766777094445352247e+00 7.142496722003269838e+01
-3.875410606625532939e+00 6.966355034395823509e+01
-9.629999715458628984e+00 3.974224761115645776e+01
-1.539716641742750980e+01 -1.979183723271569662e+01
-7.956547915630351042e+01 2.922494361504148319e+00
4.844389574429387579e+01 -3.475160247583399808e+01
7.895084558335863090e-02 -2.527391296877235050e+01
4.203073299649174999e+01 3.173030452891473008e+00
2.867071010630559247e+00 -5.399531241122126346e+01
6.139019965236839482e+01 1.209656732123075784e+01
-1.377618914861859700e+01 1.534036814743676302e+01
3.060046891664951474e+00 6.134364718266788685e+01
6.097496746668311829e+01 1.329382660217774692e+01
-1.640748168554921094e+01 1.528712785145898145e+01
3.429597778383470796e+00 -5.380907866516339055e+01
2.581658358328529701e+01 2.116173255482576110e+01
4.411271584121123190e+00 -5.368232552702282590e+01
6.003191924841842564e+01 1.289516469429276668e+01
-7.207421568479912821e+01 2.378046400576372577e+01
3.793217177888158176e+01 -1.156767417326479475e+00
-8.280885799916792678e+01 -3.511571933683269364e+00
3.013145598172463835e+01 1.061144445491921040e+01
-2.186002973467832433e+01 1.693739208930490037e+01
-2.327217481408948796e+00 5.897056501372208714e+01
-1.227613669395773499e+01 -1.877491165926807781e+01
-5.882300845113277177e+01 2.767239504780464188e+01
6.787718627426284002e+01 -2.465864358755262842e+01
7.731945359938895201e+00 -5.095156038299381862e+01
4.904063774719397628e+01 -4.632576503947532842e+01
3.513183720199766213e+01 -4.760626542904073055e+00
-8.708934781011197401e+01 -2.232614767947579182e+00
-1.972703501767083312e+00 6.943317932190961983e+01
-1.664643048269277514e+01 4.437901619428511424e+01
-5.662395550668527733e+01 1.677283449485645761e+01
6.522957219201136070e+01 1.204087423599325923e+01
8.918676045854223577e-02 6.592732140350179293e+01
7.665280994063807896e+01 -6.022749005691893132e+01
5.965707970378436187e+01 -2.395934918177421125e+01
-1.765973284119667142e+01 2.975373544730201303e+01
-8.489813109344373743e+01 -6.839413528787553709e+00
-7.039573715951968325e+01 4.826540805571930548e+01
-4.810079814464968351e+00 6.030837745358768842e+01
5.480017261377582827e+01 -5.031318770672778129e+01
-1.797023243157995509e+01 -5.211236864790143386e+01
-7.062025948997053604e+01 3.561991939503290183e+01
-2.205866889226188476e+01 1.426393678154354472e+00
6.072782613843455835e+01 1.631673389882571712e+01
-1.591721640123082793e+01 -5.267516812149509775e+01
6.371155937149897852e+01 -2.636520192319109057e+01
1.830711666345631539e+00 6.826722487180332166e+01
-2.718001008933371665e+01 5.973517752180437235e+00
6.135766565937061756e+01 -3.272585248464041285e+01
4.950574133712345315e+01 1.059667604376007333e+01
7.965457151063921160e+00 -5.234197538412133355e+01
-1.643988792394265630e+01 -5.224256139897969575e+01
8.423394436878362868e+00 -3.619032126262788474e+00
-8.575892879124070589e+01 -6.908840673744689020e+00
-1.074552176926340863e+01 3.539587662527237910e+01
-1.041462529510634560e+01 -1.962841482807108573e+00
-8.658477572602791383e+01 -1.123310703697883106e+00
4.892818687440969683e+01 -3.308790358706031043e+01
6.283074101286391056e+01 1.414892744905970901e+01
-1.853269398832737336e+00 -5.983079038815468209e+01
-1.452222583914918630e+01 6.633222775758551393e+01
5.537326623088193855e+01 -4.377912280888354246e+01
-8.545301043309542877e+01 -3.228568298529060687e+00
2.742508399022953824e+01 8.345768109602499152e+00
4.451886261161560299e+01 -3.414804914342673214e+01
5.992130641591361950e+01 -1.613227633286710727e+01
4.762192636341512753e+01 -4.763195192198367067e+01
6.169794444303379066e+01 -3.062378829723920859e+01
7.683336665780331032e+01 -6.203635625995246272e+01
-5.738050890762440126e+00 5.640596844441584068e+01
5.133329844761856720e+01 1.816873654557221229e+01
-5.194726567190690592e-01 8.164640863402015114e+00
3.188199784732658859e+00 -3.841423812626808854e+01
-1.489274999749029504e+01 2.350057008491780053e+01
-9.101147413679089482e+01 7.148168415725618452e+00
-2.163645526238297023e+01 1.505674081885561044e+01
-7.511159919799989382e+01 2.355902164057024795e+00
-6.024035821356820009e+01 3.519332785787286610e+01
3.984717065809707037e+01 -1.644051321642850727e+00
1.309815332215907269e+01 1.136540206669512543e+01
6.082868269689661389e+01 -3.076924430716845293e+01
-6.058087916398343431e+00 5.615732215018624629e+01
-7.292489531743548525e+01 3.467930257189441789e+01
3.602337117986157722e+01 2.352120799387035888e+01
8.290035160022691585e+00 -4.491101562264194769e+01
1.286857293052133500e+01 -5.620848089447338936e+00
-9.030378801996523919e+01 6.992440415353291527e+00
4.500339365083450005e+00 4.966529582625054928e+01
-7.467176722858886251e+01 2.903969506662158917e+00
5.645441949750490807e+01 -5.431088086493656419e+01
-6.833498306959413071e+01 4.655253628104091490e+01
6.814708612442217373e+01 -3.212871635956204841e+01
-2.017362473259323608e+01 1.092342118934108619e+01
-4.621576489645465635e+00 6.137363559846110661e+01
5.454439389347786005e+01 -2.548802779539357743e+01
5.540231696102437553e+01 1.310735778618792757e+01
1.738347176218184842e+01 2.074459832902709877e+01
1.003256921603945706e+01 -4.644253879996510648e+01
4.115313018324749095e+01 1.108649999506632966e+01
-8.715082994204797728e+01 8.682658703982150783e+00
-5.946034629394568327e+01 2.718090289416491245e+01
-9.090162800570745105e+01 8.197249198123749636e+00
1.030641033493052028e+01 -4.699013638206213983e+01
1.526641193784694295e+01 4.037247973649040311e+00
7.137868103788244412e+01 -2.755246751460657251e+01
-2.816441872663713042e+01 -1.397715620032479178e+00
-8.370445515536373193e+01 1.126131014105188122e+01
6.633523054934630636e+01 -2.951090849796650062e+01
6.362934922031972462e+01 -2.501334689176715287e+01
-3.075542842331959292e+01 7.356479371155147717e+00
3.922612563800450536e-01 6.417143360880427849e+01
-8.906266844618818368e+01 4.228108179810633693e+00
-2.063516711886475008e+01 -3.883609083579554522e+01
-6.074851044412005763e+01 1.451937706784293169e+01
-2.754086293759094417e+01 -3.250304922337949165e+01
8.519848893393584532e+00 4.966781815714431758e+01
7.553252837958414290e+00 -3.754216985655923366e+01
4.994482283523949206e+01 3.633806542688770680e+00
4.631458244732526452e+01 -3.634903970645285654e+01
7.251509090269053992e+00 5.566296463765224445e+01
-2.520338430838334176e+01 3.533875051310777060e+00
6.604183153774677351e+01 -2.943364135523142266e+01
8.263381791828463108e+00 5.542511390626766854e+01
6.840771305059404028e+01 -3.047250063347053839e+01
8.275701933968266033e+00 -3.780450557247531407e+01
7.820963165376558379e+01 -4.506997574373961868e+01
-8.535125591767521769e+01 5.385229951867040121e+00
3.715989873427420775e+01 2.460387101198069715e+01
-6.862409496223921224e+01 4.338863216296212499e+01
3.586182781737970515e+01 2.463556529574892906e+01
-2.283165970075858908e+01 -2.206550275716251264e+01
7.303252442073603135e+00 5.036318069525751184e+01
1.080913040205664011e+01 -4.781473061628634724e+01
3.468759531120809214e+01 2.211069902357481709e+01
1.549375375895482421e+01 3.473061768060543120e+00
5.784312201610425319e+01 -4.395752589678095035e+01
-4.293187480689812041e+00 6.751418261650698582e+01
6.341876708842492860e+01 -1.974704529212151272e+01
-7.798185093646512200e+01 4.746532481473908405e+01
1.116803332878036414e+01 8.862467128692923524e+00
7.322269725229561210e+00 4.949055640981006121e+01
-7.247862057529255253e+01 1.296339424833933940e+01
7.901117219670433123e+00 5.102951311250958355e+01
-1.957135434677699592e+01 2.587031290576114628e+01
-4.559206789611303101e+00 -2.939449899695587476e+01
-7.225594443107496545e+01 3.813009488643688627e+01
1.068756182865556781e+01 -4.915809110088936507e+01
6.112024327100790089e+01 -1.140638598712159668e+00
-8.777473018703207686e+01 9.949606575311964463e+00
-7.044656668748957884e+01 4.978071672575436679e+01
5.872403719129427913e+01 -2.900525948862446057e+01
3.105427807346966773e+01 2.451227529360360435e+01
-8.970018243227875132e+01 8.776669450205988099e+00
-6.761069901149269867e+01 3.011350562051582358e+01
-8.982582596192156643e+01 7.923798761629962328e+00
-1.141612610909102443e+01 -2.059089807197952382e+01
1.167160707026245170e+01 -4.490501190018444788e+01
6.536540816088074735e+01 -2.435922511287321868e+01
5.941544946664443216e+01 -3.535866230549412137e+01
1.196402305326622972e+01 -4.737043919836341388e+01
1.426686830019724539e+01 1.137203109172778071e+01
3.517905566449695698e+01 2.556458265772064564e+01
2.574339412049307185e+01 9.707607201156737142e-02
1.128614504656031414e+01 -4.650163939451187645e+01
5.753295527576931789e+01 -2.432879865880795478e+01
-3.089256766459340398e+01 -3.095756166282856547e+00
4.451374848865136791e+00 5.691767273881502831e+01
7.670063419184066333e+01 -6.072245443451615188e+01
4.561033212313743235e+01 3.303120455899818175e+00
-1.962540712006542787e+00 -3.513168285051384032e+01
-2.751676728911231962e+01 -3.500159898203990139e+01
-7.500936735888781470e+01 2.916449426762714481e+01
-1.497553229248661566e+01 -1.977884458536627577e+01
-7.654121254546826947e+01 4.555021604922122691e+01
6.351763082283341078e+01 -1.805435410616764358e+01
-1.007783888276112272e+01 -3.628498721250375070e+01
4.933050476304948084e+00 5.794014711578571308e+01
6.506697897440673728e+01 1.203586714560847426e+01
-5.407750397082715921e+01 1.225740088225153457e+01
-1.336967663825562269e+01 -4.732019461695921336e+01
-8.753510138817854624e+01 3.592255926145050182e+00
-8.351251834488630266e+01 9.930670076352518194e+00
6.254150487524013613e+01 -1.821570846474363137e+01
-5.504135699539596249e-01 6.429139650521058513e+01
-6.023100940072593090e+01 3.170917705409863174e+01
5.993442369203315678e+01 1.037441737574871148e+01
7.506030218206277693e-01 -4.886630435208144263e+01
-7.137381564250857480e+01 3.345518317059006108e+01
5.501845780108916983e+01 1.893124362173142217e+01
6.331920321577578115e+00 5.519329498900134467e+01
-1.064872531170040482e+01 2.105026449563768409e+01
-7.304786308079846435e+01 4.160983253619698274e+01
5.955451744687432836e+01 -2.940022653433317146e+01
5.669196087655572569e+01 1.767338816810893576e+01
-8.633713285779654711e+01 -2.374550520697526146e+00
8.494744081846631545e+00 -3.596044875372834682e+00
5.590280143194256368e+00 6.354377566167998026e+01
5.863373222115481553e+01 -1.684846320783650597e+01
-7.237146184341054322e+01 6.700309185143373369e+00
1.790460589530795943e+01 -1.950724360568529292e+01
6.531166955970367383e+01 -2.223873484670654221e+01
6.985996129523281972e-01 6.723340751718953356e+01
4.489841291030808179e+01 -4.030173275591132409e+01
-1.784191403158437694e+01 -4.920337898773793484e+01
5.670752761232696315e+01 -2.453329058249014949e+01
1.046765762894767171e+01 5.482942299794741814e+01
6.664985854520314668e+00 6.482175917017929123e+01
6.113181390311648045e+01 -2.476968494553005939e+01
-3.421575669664780150e+01 -2.895543453939934508e+01
-8.387069767477193238e+01 1.000989725458784285e+01
-8.116122485295361108e-04 -3.864080911235215154e+01
-2.514727249109288820e+01 -1.660839114466357014e+00
5.595419925393407823e+01 -2.488949558662417161e+01
-1.009123709425211679e+01 1.103122068783456733e+01
-1.790804978537314440e+01 -4.924554530430879851e+01
7.518506995647813085e+01 -5.993940978260335584e+01
-8.532219602639410994e+01 1.340622478005904616e+00
-7.071640769269583870e+01 2.550231611035700752e+01
5.723376337747178866e+01 1.693892712458570671e+01
-7.331411107879713995e+01 4.032962824765742482e+01
-9.228029112741280926e+01 7.824019978484729521e+00
1.335755027075341550e+00 -3.461627120297091409e+01
5.720095519492615743e+00 6.425690222083618153e+01
6.244005744612863396e+01 -1.895585280716575483e+01
3.610935024609061461e+00 -3.256757844260839363e+01
4.502194575457016867e+01 -4.065874780476649164e+01
-2.669521885947284545e+01 1.155970913901991715e+01
4.157618121249403442e-01 7.024284427836522582e+01
-5.801417987407509713e+01 2.831697766284134588e+01
-6.327283523415715649e+01 2.152096122400320155e+01
-1.898216798702831909e+01 -5.121586591049715764e+01
-7.780086322602444682e+01 1.956127592623350964e+01
5.223224276041194969e+01 2.353249896964426213e+00
5.831405666410483946e+01 1.874704946249952897e+01
-9.997689300462047512e+00 3.200349526041462411e+01
6.140740260551742580e+01 -2.277815001320290378e+01
5.772392040113157208e+00 6.218013909212531587e+01
5.628425820527249357e+01 -5.017896732937903437e+01
-3.370104791081134810e+00 -4.612936161451360562e+01
7.971999793856960537e+01 -5.607251313814914795e+01
6.151406015311329156e+01 -2.311753989889512084e+01
4.697150657216013059e+01 2.272518964250468443e+01
-1.334689250312539421e+01 5.041063091774062599e+01
5.264650212072641011e+01 1.357295100490475548e+01
4.133308384343396824e+01 -4.022647264501384434e+00
-1.226500558629575544e+01 -4.443372210108359610e+01
6.949783252897763930e+01 -5.192745492896798254e+01
-1.757116766915260797e+01 3.301540830534202087e+01
4.994343485607039668e+01 -5.194654745454126044e+01
-1.065787719631599906e+01 -3.322261461135878591e+01
3.610868959031482461e+01 4.350775361318828693e+00
6.734151206708509108e+01 -3.265333876716320560e+01
-5.107680368195548937e+01 2.912784680218936728e+01
1.820593072359941056e+00 5.910091516756777708e+01
-1.907042763728605550e+01 9.951852479037041732e+00
6.005159835441792637e+01 2.112301166355612736e+01
6.445688360004188766e+00 -5.846852690133786723e+01
5.306344993268847787e+00 -8.810292403040635711e-02
-1.907038806336597858e+01 1.993188155610092238e+01
-9.251884299834786773e+00 4.055586462798178360e+01
-5.795256855912604088e+00 -2.740434897243328294e+01
-2.916150719354943632e+00 6.927262400414522858e+01
-8.008995601109874940e+01 -3.346590571485035692e+00
1.433973218181542286e+01 -5.452350638724613674e+00
4.793208543048294246e+01 -4.554766799160217516e+01
-8.870767141515385035e+00 -4.832607795960190344e+01
7.599970358962497130e+01 -4.682416285969172520e+01
-5.431798767928023963e+00 3.734664378235527948e+01
-1.525629395451456105e+01 4.845122254576583742e+01
-1.125469211172654127e+01 4.517131621693267363e+01
-1.228791140338131527e+01 2.010340052112250220e+01
3.708196534750826334e+00 6.217573717201607764e+01
7.773498722145367879e+01 -4.061802748420013387e+01
6.745342777247148547e+01 -3.065831314772972505e+01
-5.510965746909979401e+01 2.285167738238483182e+01
-1.214368800217879674e+01 4.920968316679653753e+01
3.946824531354664600e+01 2.090110399906179950e+01
5.283756602823854109e+01 1.004683976802133838e+00
-6.761206005792095652e+01 1.859043154747005033e+01
-8.062152067289369484e+01 -5.210270381908771675e+00
7.970732063551352553e+01 -4.729289877351641280e+01
6.216551195204501568e+01 -2.929313637972238382e+01
-2.434530671884835229e+01 -3.528096978914933857e+01
-5.551007279287895102e+01 2.427441782322057406e+01
2.650969891157437086e+00 6.485216598134637422e+01
-1.025254879583362566e+01 2.660833815874583763e+01
5.834998064741374613e+00 -5.901990171657237028e+01
6.113158694638340052e+01 -1.357836690171491512e+01
-4.897450463207962956e-01 7.086271332365942044e+01
6.102941460528672479e+01 8.783316656228971064e-01
5.191368220589177440e+01 -5.093993107847641966e+01
5.040579767552266333e+01 1.420236766804013762e+01
-1.477091480568904558e+01 -3.079671261936698201e+01
4.507037484352220069e+00 6.519202062303318712e+01
-9.599052898647313370e+00 2.574992510286288905e+01
-7.998663685594814865e+01 -2.363995138041954824e+00
3.327849612453398009e+01 5.523731156512705631e-01
5.621323802358817545e+01 -2.241860071904534024e+01
3.204119941119542858e+01 1.851903605545033926e+01
6.052477285684702224e+00 -1.070333009416661874e+00
-1.783309173048893470e+01 -2.683422094817915493e+01
-4.349635529080118523e+00 -4.621417576610873823e+01
-2.327291172158318489e+01 3.346893772001151035e+01
-3.022568142202742791e+01 1.526278773193692473e+01
-5.596794229567923828e+00 -2.549745297807143274e+01
-4.635514111510414814e+00 -4.625062159629881364e+01
5.396312342938109197e+01 -4.835734086110497998e+01
2.379541076692012869e+00 6.815442050158472398e+01
-2.756538928752982898e+01 -3.351371367942451229e+01
-7.357008079117080968e+01 5.161792038965417362e+01
-8.059984671997044359e+01 -4.086610276914527162e+00
-5.800996081332689158e+01 3.275005519204946580e+01
6.025641451737465815e+01 2.206019798724728886e+01
4.241012841774094966e+01 -3.788896469418317281e+01
-8.176905442990869233e+01 -2.922607696038629577e+00
-6.703485854883589923e+01 3.706326135561692325e+01
-3.341240025124794677e+00 3.121997916028665543e+01
4.928720526400422131e+01 1.342633220095768465e+01
-8.094508024300942850e+01 3.315932299252762050e+01
-2.569620636192223362e+00 -2.165823183703342991e+01
5.457884559365646737e+01 -2.945743510015589095e+01
-6.639488548456814954e+01 5.491004728096738674e+00
3.985321508207486652e+00 4.694437093189059595e+01
2.279273936832147740e+01 1.579946411496962355e+01
1.924435005022717249e+01 -2.655909668227154441e+01
-7.746582777158596400e+01 2.465630739910408309e+01
1.634594143980487502e+01 9.451947959351839401e+00
-2.887741546482875421e+01 3.298176056500075948e+00
5.269157614484090857e+01 -2.874698132630654612e+01
-7.385967632261544225e+01 5.117693182183092659e+01
-6.053794185546244933e+00 3.575589622796012890e+01
-6.021150001512564387e+01 3.347362339009066545e+01
2.193552814591889444e+01 1.553964962689548912e+01
-1.845465202790522241e+01 2.692910065124246799e+01
1.821823116299332668e+01 -2.150175185981388637e+01
-8.092280859536944604e+01 2.334337122107480056e+01
5.583093719001945487e+01 -2.983009529198377052e+01
-5.151530190135955145e+00 5.433338640278843457e+01
-6.403456208855297405e+01 3.556215864205947952e+01
2.031881947313000936e+01 1.924477787765946246e+01
-8.880698516312880031e+01 1.134677029765216538e+01
-3.918328575883194720e+00 -2.596062716683807992e+01
-5.091174107829932183e+01 2.948605603133292519e+01
-1.833097970115964159e+01 -3.784539089709605264e+01
-5.344757509710973409e+01 1.235005227290295338e+01
-1.674528119723660069e+01 1.960274771730050958e+01
-5.257285375709433595e+01 2.667390285444823661e+01
1.853181608253962409e+01 -2.548186483717675088e+01
3.052546321107334926e+00 -2.125134726377382322e+01
-2.286394814820683763e+01 1.509965911225353707e+01
1.986475474790191242e+01 -2.424133412807509913e+01
-2.212158360164690052e+01 1.897729986029708371e+01
-4.015683947605654946e-01 3.079520309435165615e+01
-6.760225468820713957e+01 9.134242417076331222e+00
1.900951307764748677e+01 7.425036079350237905e+00
-8.557131823495403466e+01 1.855925314907003454e+01
2.027769269526273632e+01 1.766776339286307262e+01
-1.724598979098643881e+01 1.839050836838134373e+01
-8.209468231008739281e+01 2.710560651970387980e+01
2.088551553788980186e+01 1.642238781767155942e+01
-7.650242694731142024e+01 3.335438522512933446e+01
2.696282614336146022e+00 3.698403483184090135e+01
-2.939691077820677023e+01 -2.548203553789903708e+01
-8.241052010793018212e+01 2.625950400001328688e+01
2.704641537556399555e+01 1.609897086162437319e+01
3.915253689799326509e+01 -3.380382774907998655e+00
4.548273742991764124e+01 -3.473556219711262116e+01
1.399087167926726494e+00 5.487230254456157752e+00
-8.515133482927986108e+01 2.700379975278135447e+01
-8.467561325744149769e+01 2.722384109044371669e+01
-8.491605650505589153e+01 2.537332454732062459e+01
2.917093627759713037e+00 3.940633625011509622e+01
-7.007950093802024583e+01 9.112769090635071123e+00
2.859293598901119005e+00 3.770249736230527304e+01
-2.564573725692358508e+01 -3.191133738776407469e+01
4.057568518544785618e+00 3.682025377401404143e+01
1.939974527646423752e+01 -2.884158769681116752e+01
3.572465221155781734e+01 2.347589141456286654e+01
1.568651168097574988e+01 -1.233968294323767800e+01
5.165044853100657463e+01 -3.134060132537828025e+01
-6.760440257169761935e+01 3.676359609025828235e+01
6.452702596916361699e+01 -5.377007782178738893e+01
5.509289705725829656e+00 -3.644094389421706381e+01
1.835733717928292918e+01 -2.456220833091472144e+01
1.855093370084177806e+01 -2.377048120703218359e+01
-1.546525736008922536e+01 -3.026210688120033865e+01
-7.644849033324521592e+00 4.548156152805972141e+01
5.223658744787464947e+00 -2.172108018177538291e+00
4.611138891212590352e+00 4.056049925577352155e+01
7.234407172731011748e+00 3.636125080242178953e+00
-2.471588597361377992e+01 -2.751782224845195302e+01
1.152768347061845056e+00 4.320612690651679344e+01
-8.173055589721731451e+01 2.391412261952114449e+01
6.679400927526261000e+01 -1.987893477332985626e+01
-1.354682865278135928e+01 -2.045513727441578666e+01
5.178503668226017709e+01 -2.921170378959854474e+01
1.912645510260708548e+01 -2.691978392976142942e+01
-2.532721744778593020e+01 1.054012104421892815e+01
4.591916877860811930e+00 -2.129344287826883431e+01
5.353486894308998956e+01 -2.847653773278785749e+01
3.444436624807601532e+01 2.603652001913456360e+01
7.626145527979539906e+01 -3.448887752282654873e+01
2.160242812566595116e+00 4.137619620211998495e+01
6.617516624142987780e+01 -3.796064577196870005e+01
6.513426167136216804e+01 -5.032653993072677423e+01
4.529075553545478527e+00 3.985612864844448922e+01
6.419037708079974891e+01 -3.722682221120985702e+01
6.332615608202194579e+01 -4.663828007399114739e+01
-8.209561372207177499e+01 2.390455344319603981e+01
2.626410602676473260e+01 2.071032764364216661e+01
1.110474857579014207e+00 3.778524872915248523e+01
4.914341656003254144e+01 -2.887655172193282027e+01
-1.902209378889801172e+01 -2.889963176754421781e+01
-8.034750353326376171e+01 2.352820337860718780e+01
-7.112204800556619944e+01 4.996639280025317476e+01
2.221376530717041575e+01 1.294395473772390481e+01
6.684117569589069774e+01 -5.313615764630598193e+01
4.939185476943400488e+01 -2.866575983016984708e+01
-1.023534071106264065e+01 -1.775673832012384157e+00
4.141292158200555207e+01 1.092492582556267955e+01
-1.763250863494971554e+01 1.169753796446961935e+01
2.149746165927155772e+01 1.377877628846579761e+01
2.035295816602668850e+01 1.397364921539796434e+01
6.740064174758603599e+01 -2.474009823425143750e+01
1.290270337718408378e+00 5.305635785726250475e+01
5.627921239538042641e+01 1.514017688177497689e+01
-7.452077739531992506e+01 3.156665677183675811e+01
-1.313343294822760132e+00 -3.720556943962969854e+01
-1.856610405980270073e+01 6.645144920252823795e+01
6.098659773555823449e+01 -1.448188520579476446e+01
-5.437721246512158046e+00 5.875472338446918741e+01
5.602331032480554285e+01 2.044674631902585915e+01
-2.100266817289971755e+01 -3.283240584550429020e+01
-6.285280954734286496e+00 -5.161168915010607350e+01
-8.783223818542911943e+01 8.713411927375902533e-01
-1.809455200542954145e+01 -4.568783636389408542e+01
-1.289885403668150232e+01 -2.111260013407693137e+01
1.533978389689266386e+01 -4.245895271366941337e+00
-7.538987029010796448e+01 4.863814026183998607e+01
6.461945993054835924e+01 -2.534615877179332344e+01
3.514221879669317872e+01 -4.392439187431096848e+00
-7.365263500413346875e+00 4.694913305211361632e+01
-6.163886325888004336e+01 3.263881199862787952e+01
5.536978537120051413e+01 2.213215499470237191e+01
-7.757734813104639215e+01 4.912826174142245605e+01
-2.751799304997918139e+00 -4.134265556069907177e+01
-1.744814823538978388e+01 1.050090544248871360e+01
-2.858150585382725239e+01 -8.312415836836721805e-01
4.749830497164372645e+01 -4.823786677729590622e+01
-1.153433787856674719e+01 2.830198803824853471e+01
-7.280879743422838146e+01 4.914041822859431363e+01
-1.950046136866830437e+01 6.571380921748924209e+01
-1.125185687446071547e+01 5.002210230119244727e+01
2.034529676474470694e+00 -4.930311122936947754e+01
-5.094903342902517451e+00 -3.166010587441600777e+01
6.496247990525867522e+01 -2.830714297401445378e+01
-2.587439423753116330e+01 2.389764551759829381e+00
-1.509344828945118344e+01 6.244089412066071532e+01
-1.796195224767464182e+01 -3.282240492732433523e+01
-8.761291212467739342e+00 -2.138164227255505878e+01
-1.419039596666772063e+01 6.465456437702195558e+01
4.734153315382447147e+01 5.587460162186452806e+00
6.714920602237705793e+01 -2.617260080652069831e+01
6.157775385564770332e+00 6.151655588398832464e+01
-5.396693190186379052e-01 -2.508300828911086811e+01
-8.472526647582721182e+01 -3.422724957436563131e-01
7.041285298817844307e+01 -2.363105868227084372e+01
-1.038458071312972919e+01 1.846862024818566184e+01
6.276926370772221730e+01 -3.714708188791102117e+01
-9.708368596095960257e+00 3.415273087381477524e+01
-4.646136206899893928e+00 5.635833572542355085e+01
-5.744423997107643487e+01 2.628965536921281654e+01
6.917773053883836099e+01 -2.199825721902516662e+01
5.560822929797025438e+01 -5.085658097123005206e+01
-7.120763096417661586e+01 3.712877895823148577e+01
1.335679525397128486e+01 -7.434480098317385099e+00
-2.032536452551059014e+01 6.684154958590528395e+01
4.289778360305773752e+00 3.573035141910352053e+01
6.577238561872812284e+01 -2.304679247787647967e+01
-1.214017487541683060e+01 5.044141799106024848e+01
8.646612308567893646e-01 6.539110547003794238e+01
-1.874379088502647761e+01 1.488749417940600139e+01
1.373256094149946094e+01 -4.282728745721160379e+01
7.766468872413841495e+01 -4.751030936803680049e+01
3.646455751290198322e+01 2.975045566353139037e+01
7.040012835863902296e+01 -5.527366157984632622e+01
3.528964964357010903e+00 -4.956951340713355592e+01
-1.689832290928054093e+00 7.184495920228620491e+01
-2.051128231478117669e+01 6.674544247076036640e+01
5.593921508071969839e+01 2.145106302483570104e+01
-1.910535641328030110e+01 6.714332319392948989e+01
-2.393748427535760115e+01 -4.864682718755402036e-01
-1.508335931894996840e+01 6.221606153875487877e+01
-7.101344166371389122e+01 3.451403682625620917e+01
-2.730841917637018312e+01 4.946598966482279813e+00
5.803101614438909195e+01 2.067118275027809915e+01
2.731990321810888744e+01 -1.249116003271623043e+01
1.350259840324539340e+01 -4.551892214750581900e+01
-3.423262944281557907e+01 7.791321600003258574e+00
4.963012260385660568e+01 1.221992420621907383e-01
1.238496820906108908e+01 -3.793279359838741271e+01
5.375058659013986784e+01 2.082084966214037181e+01
5.514339495365685195e+01 2.036876970410856913e+01
-8.418735441846391154e+01 -3.828441074469117744e+00
-1.280984526104177235e+01 -4.309956352235137444e+01
-5.195003999492861624e+01 2.686452235650859421e+01
6.788082144598665479e+01 -2.263114667926738122e+01
1.527944108136186419e+00 5.377785677109388374e+00
3.646594705735693509e+01 2.979338973458333584e+01
-6.050906900119886700e+01 3.472987767303426665e+01
4.846004900202294863e+01 -4.435826254233367649e+01
-7.505145376276238789e-01 5.321583916756120658e+01
-5.823321125098897255e+01 3.908369429187371935e+01
-1.571130146740014766e+01 -4.253754494783304807e+01
-9.330897026608185874e-01 -3.807035160731122403e+01
5.023025843982182437e+01 7.363311221496093850e+00
-2.039941192442745788e+01 -2.656164625571418725e+01
7.918137320237799770e+01 -4.870251144573180113e+01
-2.529068084240389425e+00 -2.223477898126244767e+01
5.409370248715308094e+01 2.152857624230833977e+01
7.966503044948893830e+01 -5.305014922373153041e+01
-5.365336730649986619e-01 6.072256145525174276e+01
7.054778245487168142e+00 -4.996164931091791317e+01
3.706251954349497879e+01 -3.663065804279698057e+01
-1.073014565401166465e+00 6.600160358984830111e+01
9.639930619030296910e+00 2.023472969299955349e+00
7.468978229667872171e+00 -4.566280863314344884e+01
-6.365911777029528196e+01 3.602910576983813939e+01
5.782170527567370044e+01 -3.613677355326239393e+01
5.568262844594541150e+01 -4.420330364522242661e+01
-1.800787824489918165e+01 3.151747843402638694e+01
1.103921099604089306e+01 6.939913705611689743e+00
7.650875840385365834e+00 -3.371351142616029506e+01
-6.878507025188886814e+01 2.465108662227563840e+01
-1.710143161040202386e+01 4.552367569621660692e+01
4.905728747229382236e+01 8.560645555471369406e+00
7.767610215456225831e+01 -3.929902722810327731e+01
6.237305778975274961e+01 -5.041188666225562542e+01
-1.274362476747536199e+01 4.679370335949751336e+01
-6.417406369245674114e+01 3.243654626526672047e+01
1.809937072623576881e+01 7.152583429641479640e+00
-7.305559058129757943e+01 3.237702076368935877e+01
-1.411971217198167539e+00 -3.402096858734619644e+01
-6.891212710867829117e+01 2.478446484618196521e+01
-1.223211288263336449e+01 -3.337014758464833619e+01
-1.957439982574147308e+01 1.114976265932931199e+01
-2.081617357550925718e+01 -2.624358079840529356e+01
6.508484375051313009e+01 -5.315670750497812236e+01
-7.152835433383921782e+01 4.223043407682769157e+01
-8.722198904543761344e+00 4.210412595137811564e+01
1.794748698487288863e+01 -7.055318211215396040e+00
1.741396865120055892e+01 6.487122952078969718e+00
8.771079335389750042e+00 -3.343194382605442172e+01
-7.192134318478893817e+01 2.272689117244240720e+01
-2.289329626166693998e+01 9.302535977188803429e+00
-1.266770343988613945e+01 3.261733016861000323e+01
1.745240547722232094e+01 -4.854998136739658854e+00
9.414253251894495023e+00 -3.314038774493695882e+01
3.405251191441762160e+01 3.680774333543548238e+01
-6.586092644436867261e+01 2.150533613445314174e+01
7.164608285513796204e+01 -4.178542673809855046e+01
-8.081616879646720264e+00 4.063915034838600349e+01
-7.440861050938607946e+01 9.699772451808273743e+00
-1.011162944675674069e+01 -2.233480829456987138e+01
-7.055986363984254695e+01 4.666164172722628933e+01
-1.098391153672280574e+01 -4.196073066350197678e+01
-3.193547582327340706e+01 -3.324737846905692518e+00
-9.798896963759375467e+00 -4.152076595583383778e+01
7.258758577145468394e+01 -3.404550262580494291e+01
4.721905677432778958e+01 7.132213691654478716e+00
-1.380576820606778732e+01 4.467500560538736920e+01
-1.433961073063924552e+01 4.518440431593904805e+01
6.841213731945256882e+01 -4.678632684503545391e+01
-7.811457605793700054e+01 2.799462080270616227e+01
6.192632959632783596e+00 -3.695623656415656910e+01
-6.648748918370523597e+01 3.342271567380553421e+01
-7.425031431509258084e+01 2.231324829739874005e+01
-2.874196238171495565e+01 9.975349357759599744e-01
-1.544256582427193614e+01 3.789706833990458534e+01
-1.981815609084952001e+01 -3.892647604097526681e+01
-1.104794407690387281e+01 3.441934400310273645e+01
-2.291602295017705160e+01 1.624460055193997121e+01
6.797047177788313377e+01 -4.542849635722321722e+01
-1.309893151154432367e+01 4.401970372629091344e+01
-2.942311190345691685e+01 1.622197388368400794e+01
-6.317374083971675702e+01 1.748034861569520970e+01
6.359438534753171268e+01 -4.424074376070277737e+01
-2.792482835406882913e+01 3.639986896671592032e+00
1.511002772798103067e+01 7.142429192852725706e+00
5.516306990052719073e+01 -3.533673322107944870e+01
-1.340192340370791158e+00 -8.800572331632386280e+00
4.703943451049088509e+01 8.924825871914244146e+00
-2.338703634036350465e+01 1.198724625614530659e+01
-9.878978791211810773e+00 3.666531799220175003e+01
-3.111115477088591597e+00 -2.342234227094043675e+01
5.014326253250929177e-01 -4.591671626299709885e+01
6.833581825729667969e+01 -5.114998286236095026e+01
5.982068276619614977e+01 9.097938071018102590e+00
7.634195812197123132e+01 -5.230953035950346219e+01
1.496476850080283505e+01 4.580908202710075372e+00
7.331858077129828644e+01 -5.158499459035078871e+01
-9.588822430817169007e+00 3.301923698297878929e+01
1.332133012827758201e+01 -9.498566863582446729e+00
3.152618374188903339e+00 -3.070582522839350403e+01
-6.988171349484640871e+01 1.805886355560418366e+01
5.276398984364848843e+01 -4.899362678297329410e+01
-3.487792584675230501e+01 -4.109008521772062328e-01
1.513736511091803827e+01 -4.665271611134460095e+00
3.148688700184675682e+01 1.121442056538312038e+01
1.384196364803500678e+01 -4.584342986027269973e+00
-1.827114454051235981e+01 -3.759527172894246405e+01
-6.864263328514140028e+01 1.845072558284176623e+01
-7.236107837032496093e+01 7.168780840769672480e+00
-7.542896403692689944e+01 3.539547247714806133e+01
-6.344406668282174167e+01 1.497379034221283867e+01
4.187593765041233240e+01 1.563954572705407164e+00
-7.177557290722127448e+01 8.033520970866593558e+00
7.732604845465064614e+01 -4.654280750290259761e+01
7.628764746568023725e+01 -4.762948344789125343e+01
4.321676378509263827e+01 3.048372418582614429e-01
7.661884885957138636e+01 -4.152261501543209476e+01
-4.747819409507001431e+00 -3.679756079398491408e+01
-2.372190464200252791e+01 -1.863325284466397447e+00
-1.135357735733552076e+01 3.855739547186625060e+01
6.949497568459360508e+00 -4.382798610744676182e+01
4.300511044434189500e+01 -4.322200009935918530e+01
8.097701517010190742e+01 -3.709079651898192509e+01
8.021265840678276504e+01 -5.088912424444679061e+01
8.493519901836416253e+00 -4.175293868263158714e+01
3.619649654405588279e+01 -2.185048200120230308e-02
8.389843151872749871e+00 -4.133818726510900632e+01
-1.212279178985348160e+01 3.803937910411484324e+01
-5.380997722350596746e+01 2.554714001212362717e+01
-1.933371767666049834e+01 -3.954723776990827133e+01
-3.427223429927884268e+01 8.195820163905429112e+00
4.403350165136224348e+01 2.583253640284493713e+01
6.687423545003539083e+00 6.313242428819041407e+01
-2.479328462165527469e+01 1.578060649751443734e+01
-7.057298213439604240e+01 4.621119432191359344e+00
7.743451984290265955e+01 -3.806908147862065306e+01
-1.944960091116060141e+01 6.748893265641934036e+00
1.453110850192583925e+01 -1.078520502823152150e+01
-8.232268625338835477e+01 1.672611284328221259e+01
7.012129304463373103e+01 -4.031822154005806169e+01
6.183422541401797368e+00 -4.211667928739339573e+01
-7.908539682826543959e+00 4.310563154035725120e+01
-8.935756935850964311e+00 -2.842700336442813835e+01
6.225769035433210519e+01 -4.430383077166956696e+01
-2.709318288788867335e+01 2.553133766795431914e+00
-9.162912283999122831e-01 3.086984628973971212e+01
-6.874214907119467455e+01 4.655065255564866078e+01
2.002334403778688809e+01 1.873812210244077292e+01
-5.928983800591933573e+01 3.318897405248083743e+01
-1.095333806454950754e+01 -4.856449337612784234e+01
-8.032378541027686936e+01 3.264877582708416526e+01
2.554364682695592137e+01 2.566626754367943875e+01
-5.546455954863790083e+01 1.107385347908753026e+01
6.551344265757896324e+01 -4.480583927554851442e+01
4.771322280906500346e+00 3.808061359900447940e+01
1.966481712352571742e+00 7.057936957681141621e+01
2.387667391889437241e+01 2.402813246320745577e+01
-1.040669093379408494e+01 -3.623293445897137843e+01
-2.016881675870249069e+01 -4.738641754765767899e+01
-8.169057749395994961e+01 2.846933982879378888e+01
6.679072786332220346e+01 -5.168575450293682394e+01
2.431466688919813990e+00 -2.879840606962172345e+01
-1.954294660991737942e+01 -4.270555004287931666e+01
1.031852723492281321e+01 6.901412956362072748e+00
8.332104941303211376e+01 -5.315718972863418657e+01
5.072473358212044303e+01 -3.902627392077203439e+01
-2.997111621892997846e+00 3.270849700597683807e+01
4.674527648111579836e+00 4.116484078161640525e+00
2.505782522274537882e+01 2.484855097172689042e+01
-1.058751712429562097e+01 -4.804792615107623988e+01
-7.735204207326403036e+01 2.245077283124472345e+01
3.405086560157577225e+01 3.680402412232768228e+01
1.725372901253923530e+01 7.187953365811185158e+00
4.489340929789189261e+01 1.079341343847092816e+01
6.323789060209892909e+01 -4.272204959916328448e+01
1.439902258071340846e+01 -3.700288805622951482e+00
4.232652093819672956e+01 -3.671386376209819957e+01
5.294678367264244656e+01 -3.843841557363833772e+01
5.278517831494617951e+00 -2.913233346322699546e+01
-4.936703237087916030e+00 5.337084135891218040e+01
-1.681359126164192475e+01 2.197140852838381875e+01
-7.706444090131826385e+01 2.591149056382742444e+01
4.892481140986387977e+00 5.303630365298422333e+01
8.797659517322485101e+01 -3.973207108670939647e+01
9.718666987207459584e+00 -1.028020464881439722e+01
3.137506498372112596e+00 -3.725208960699121263e+01
-6.967758020463253388e+01 3.219288564004651221e+01
5.593210952987188733e+01 7.395403379634454488e+00
-1.034599833622250564e+01 -5.348078935191735184e+01
7.466871320446657023e+01 -5.371371430416773762e+01
5.562280479881738415e+01 -3.614027741490782830e+01
-5.929578249056915951e+01 1.882101459962713719e+01
7.132323256537023326e+01 -3.783659220804832302e+01
-7.275296752606607242e+01 3.588235004967103947e+01
-6.843778794203143434e+01 2.754576784403234768e+01
1.351378053627872688e+01 -3.722610214880490531e+01
-1.652834274081285670e+01 2.252861525607915993e+01
1.267728764047969214e+01 -4.165990645504988521e+01
4.437540998491150468e+00 -3.123910371732140945e+01
-1.937820297425260563e+01 4.725526063086647355e+00
-1.731476849490337599e+01 2.031548683756388840e+01
1.207488835765600399e+01 1.199564842677557230e+01
4.464963677195130742e+01 2.640906671421703322e+00
1.909813316282863482e+01 9.234402891647832234e+00
6.956739374390807029e+01 -2.486090092012439356e+01
-1.271678434726290341e+01 -4.224212664248342008e+01
6.495220601205674882e+01 -3.798476976677815031e+01
-7.786069785180799840e+01 2.148858471100938772e+01
5.192274422823717828e+01 -3.853741694822958408e+01
1.726480360278716475e+01 -2.589160699976151747e+01
3.625117986017060900e+01 1.316210062374105483e-01
-6.791798569517692385e+01 1.711844209055297483e+01
-7.564864618810173624e+01 3.082632702807085323e+01
-1.538472468063096166e+01 3.585023650108087168e+01
-7.950391022362599358e+01 3.235245767213636015e+01
4.606896072303029221e+00 -2.605843317739315168e+01
2.358942475613021017e+01 2.450374831838544765e+01
-9.948049664436226180e+00 -1.513717909254885585e+00
4.903638811321790469e-01 3.461238767066463140e+01
-5.499701975019380029e+01 1.162764468346729352e+01
-2.238409623233899737e+01 -2.777501538314445284e+01
7.094986160275487919e+01 -4.059109850076562509e+01
1.083403998950520375e+01 -1.034189518782884143e+01
6.721965052176386735e+01 -3.892966422106987068e+01
-6.843665897073009319e+01 1.285875664989303502e+01
3.623739574152636322e+01 5.609822680927581295e+00
-2.137874202723686068e+01 4.453029798667083483e+00
6.664887766200089914e+01 -3.597495863129280025e+01
1.684534065406119652e+01 -1.560374940468339133e+01
-8.473859152324731525e+00 -3.674523459143735948e+01
-2.614377446866670596e+01 9.769016573408055848e+00
-1.133359529894601714e+01 2.037789259890664439e+01
1.481621146262016708e+01 1.375257554350599776e+01
1.582283040145731157e+01 1.539241197259517513e+01
-6.250970736539935402e+00 -2.769774403579961941e+01
2.965177469261758247e+01 7.743027344465663653e+00
4.795587543485018500e+01 -2.833935051264721849e+01
1.922262415826253124e+00 -2.571177591178336641e+01
-6.244742445062296099e+01 3.186287857318383843e+01
-7.534488436708537051e+01 5.182623362552441648e+01
-5.037668010181793932e+01 3.083291620925102094e+01
-7.387822072351283964e+01 4.364641633214515792e+01
1.061783737114686321e+00 3.994642890526331769e+01
-3.243225926995384611e+01 -2.532095704353344967e+00
-1.148650385991044764e+01 -1.815892793638472824e+01
1.790383839388623111e+00 5.024667618000943747e+01
-6.857420722904453214e+01 9.639547082714878812e+00
-8.779782072273665250e+00 4.893596806660721654e+01
-5.537323213511790954e+01 2.365735456096769695e+01
7.195896163069232898e+01 -4.045270442359325358e+01
-6.923452223826453178e+01 2.731113600400114549e+01
5.248787213202466262e+01 3.879723096299791063e+00
5.659688664252625756e+01 -5.399314752833770825e+01
4.025453709137780578e+01 1.538935592521574858e+00
4.298736445754780533e+01 -3.663578770927276196e+01
-7.272368171644779977e+01 2.641775786810847038e+01
-8.820261768175750206e+01 1.221198378477694924e+01
-5.747416606400663852e+01 2.693589353839954370e+01
1.677809742525113279e+01 1.663960058924284269e+01
-2.559117716357409833e+01 -2.728927809642546265e+01
1.520916319328403432e+01 1.403872306620948507e+01
3.743439966674491526e+00 -2.149680072240052553e+01
6.621114786148742049e+00 -3.659299797445925151e-01
6.772607994938451270e+01 -3.918712563770069579e+01
5.557331291714569232e+01 -4.210914355718645652e+01
5.884068731803706953e+01 -3.609711568462499542e+01
-1.349729606863822440e+01 3.538899569128556521e+01
6.794157114980168899e+01 -4.486223422280983186e+01
4.018607216916890224e+01 6.073456420439022452e+00
-1.181746500042045689e+01 3.632135780484338028e+01
-1.235411016149080865e+01 -3.578371159334079721e+01
-5.087320851609440808e+00 -2.681153610734103054e+01
-6.900216522556466714e+01 1.283824409737010619e+01
-2.727363026250272782e+01 -2.670911228746489030e+01
-1.459829550912666818e+01 1.130025559494114695e+01
-1.468659797153850555e+01 -1.662336894026398681e+01
7.592147983318724869e+01 -4.549033230971132724e+01
5.172295846627906712e+01 -4.234962740260569802e+01
-1.023768157627258191e+01 2.726992525223696617e+01
1.686526664116870933e+01 -1.513974925819607442e+01
4.006947756969145757e+01 4.546548287590611359e+00
-7.584745392866494740e+01 2.406170179532951536e+01
-1.512793730225689437e+01 -3.546135956447419346e+01
-7.324368608618645737e+01 1.889525623043036973e+01
-3.825756438668763693e+00 5.031052591662969320e+01
5.358478223110064675e+01 -5.061750953970602040e+01
2.114618227914908832e+00 -2.884856164026758663e+01
5.993686261399891890e+01 -4.102987732842930768e+01
-1.303137156957669873e+01 3.871678839004359673e+01
-6.325506243568650433e+00 4.032989252478527931e+01
2.818078153642299810e+01 5.797512581301059065e+00
-1.974858307502413979e+01 -5.058256086628141190e+01
-2.335735535225245130e+01 -2.671066579046557621e+01
-8.739024423362739924e+01 9.938433213725581084e+00
-1.812072599600817924e+01 -2.867283476487800087e+01
-1.440214621753657664e-01 4.486644529108456680e+01
-1.003812716606964983e+01 1.100365810838408720e+01
-1.667981122550166262e+01 2.421080490507672422e+01
5.496273094968351813e+01 -4.115244389947793024e+01
-2.271145522082681723e+01 -3.894342581017568250e+01
7.471591651519720756e+01 -5.278250949583385676e+01
-7.236269313645361523e-01 -3.309035292151654062e+01
-1.344791599235794877e+01 3.097145607237036202e+01
-1.963873009201418895e+01 2.357242422346155664e+01
-7.014496335220546541e+01 1.717880139683008167e+01
-7.316426453910870542e+00 3.444819298512420147e+01
7.108385161990088363e+01 -3.142929044854047760e+01
-2.117312013758709455e+01 1.544649022752207124e+01
-8.870458250582801440e+01 1.891294652568907608e+01
-8.157688875768650760e+00 5.035065584817171214e+01
-7.868273019612205132e+01 1.700462913518050678e+00
4.214678856197036083e+01 5.802487031692991515e+00
-9.171331050772094429e+00 -2.189488660428784428e+01
-6.702139400104276490e+01 3.590139844928416579e+01
-1.415083360557290781e+01 4.001302662534745735e+01
-1.257423195787501946e+01 -3.677772629856528397e+01
6.638994068765488588e-02 -4.440472855416326325e+01
-7.558434505229286060e+01 2.616871839206247685e+01
-1.146084916190734582e+01 -3.457190519247619420e+01
4.565630890755515203e+00 -1.777392749145784712e-01
-6.741629162863785041e+01 1.500473722795529241e+01
-1.710881410879945363e+01 7.559723403233771677e+00
4.168634905523553158e+01 5.793859975670390128e+00
-6.851448187390487021e+01 3.324441504803463232e+01
6.524330279447438841e+01 -4.955237025152581509e+01
4.430039337032762603e+01 -3.560723547873372752e+01
7.480715535753552103e+01 -5.668756886261077454e+01
-1.970913367834686625e+01 2.447858001190850175e+01
-1.871438993235264192e+01 2.856797325569475987e+01
-1.303170162805053423e+01 -4.823515925448659658e+01
2.987693586782134503e+01 8.735767981897279100e+00
-2.420372690241743996e+01 4.340038651801042313e+00
6.497294447117671901e-01 -3.535340662678313350e+01
-7.160663331009642718e+01 4.379831786592823306e+01
3.702978284496165884e+01 3.029815899647035682e+00
-5.799118718740402301e+01 1.611691931300658354e+01
-2.421026182762632928e+01 -3.382757462097010404e+01
-5.513450805339270744e+01 1.004287867951485325e+01
-6.618685326834055616e+01 1.168426817766601111e+01
4.311979478493417872e+01 -4.371241259432409976e+01
-3.396917779706530638e+01 6.639137859957540577e+00
-6.286199264724827174e+01 1.968985958876110232e+01
-7.149342963416883379e+01 1.097892683586052698e+01
-1.961599218035139813e+01 8.534308624232370022e+00
-1.862052708570886139e+01 2.538466150573610136e+01
-2.212163039069629988e+01 -3.304022606068566859e+01
-2.031232198019589674e+01 -4.150699685530844363e+01
-3.604138985880631640e+00 -2.508399322375582585e+01
2.025103511610719220e+00 -4.083474231613251959e+01
2.347736686975298070e+01 2.501280445877165448e+01
-7.021151205988317656e+01 1.960192404785563625e+01
-7.752571523985982083e+01 4.677957550088905947e+01
-6.453743630375714702e+01 3.179833746682062312e+01
-2.926255054172420156e+00 -3.375334903107160756e+01
5.235500262545017591e+01 -4.263674175813748235e+01
4.963523421243608880e+01 3.610090521489618620e+00
-1.430983114929773059e+01 -1.770480322639138038e+01
7.546790869801466783e+01 -5.525767308283245427e+01
-6.098975627356400508e+01 2.038774822710671231e+01
-1.846482558656908424e+01 1.367530086789042088e+01
-8.361481844582054634e+01 2.886582711407013235e+01
7.567955449427093129e+01 -5.676392470720744399e+01
-2.506828921140277089e+01 9.486982603352158705e+00
3.036547900486384677e+01 7.389802295724757109e+00
-1.271988876746868513e+01 -4.009070333918184303e+01
-7.188508789212417582e+01 4.440773928928565795e+01
6.153647072283227715e+01 -4.513718676754528047e+01
2.935029690523131407e+01 8.773693803133287616e+00
3.856095132099532208e+01 4.240852219250069055e+00
-1.325337095781901020e+01 -3.982577139510559050e+01
-6.076974440603397198e+01 2.019067397384170448e+01
-6.636710317790239344e+01 1.409637252062681334e+01
4.604468902833712463e+01 -3.727597486646300950e+01
3.385072766301039593e+01 -6.467845653766427505e-01
3.561268964084178634e+01 2.800046477501091147e+00
-2.341252339291664430e+00 -2.035700919488642313e+01
4.770654866653363513e+01 2.225386043963803928e+01
-7.118574991019104914e+01 1.936755122748744995e+01
-7.764884178162509443e+01 1.864736500915274675e+01
-5.957648407451728190e+01 1.716233645011578446e+01
7.673529536440561571e+01 -5.315198505032272891e+01
-1.434933691972036307e+01 3.711088622519194757e+01
3.642818823101719516e+01 2.648911323027216991e+00
-2.328075403927381615e+01 -2.942468143173553763e+00
-2.419129952867053390e+01 1.315955186264429777e+01
3.730939495793264626e+01 3.462868190192735174e+00
5.202018751517165640e+01 -4.958961307641381921e+01
5.383463848708684907e+01 1.828361167799415199e+01
-1.286918907681661572e+01 -3.772033884055935005e+01
-2.673075233365606707e+01 -4.027145822136861675e-01
-7.482761103195200292e+01 2.338492342809391289e+01
-2.032101857175494786e+01 7.687438290470460345e+00
3.128782721462308558e+01 8.684105837693259389e+00
-6.910967392971969048e+01 1.496543573767977797e+01
6.601555167570587912e+01 -5.327225327243059638e+01
-1.469798839630157161e+01 1.173043010696353861e+01
5.639464979498170294e+01 -4.692851329832145524e+01
1.325309659009275620e+01 -9.876935760931738528e+00
7.141815029398253500e+01 -3.404438072622640732e+01
-5.809274984319552715e+01 1.930692084001937658e+01
3.982901067135769413e+00 5.516691061029737853e+01
-2.568810241963542396e+01 1.517875793454716415e+01
5.704701287823777278e+01 8.596013472975482017e+00
-5.892779914437184630e+01 3.843125992981600092e+01
-3.104720933345261003e+00 -5.542711158449057507e+01
7.271146269465117484e+01 -5.363989676046342936e+01
-8.430882538061737819e+01 1.797641333218249926e+00
1.692025061337140812e+01 -6.160252825725301307e+00
1.599984286001599365e+01 7.862268219775437217e+00
-4.808887573630708623e+00 -3.685656981680973132e+01
8.817624905875760533e+01 -3.969348100032043902e+01
7.677172408765180478e+01 -3.519106221173769455e+01
3.942652857574635306e+01 -3.552699101931570347e+00
-4.129026766266284731e+00 6.608386877202123344e+01
-1.423128505999256177e+01 3.326346316005449211e+01
5.742805667608406850e+01 1.062743474563659341e+01
-1.439879095053109292e+00 -5.530055156867234700e+01
-7.576410148761766550e+01 5.218142766611631345e+01
-8.524845206336317460e+01 3.887195548688691993e+00
-1.631558344125572901e+01 1.310564023180620197e+01
-2.630188844037167684e+01 8.974140252110284877e+00
7.717051892320880313e+01 -3.702697032582136671e+01
-6.788288651951748243e+00 3.412222777763899728e+01
-4.137657470199558318e+00 6.847392946226375443e+01
5.594836705992907611e+01 1.589942512363839988e+01
-3.341541162052038327e+00 -5.688676096742378263e+01
4.472612078839853922e+01 8.991836642267932334e+00
-6.759801360590515173e+01 4.308449630952326004e+01
-6.294084067522723558e+01 1.579821635535720681e+01
4.734825837021174877e+00 5.621210985467157428e+01
7.895069700879297159e+01 -5.913693690505526490e+01
5.014721768514583289e+01 9.713606552324160148e+00
1.947211469853623456e+01 -7.899557255557019708e+00
7.044493225749668852e+01 -2.594712270113677022e+01
7.886565884312513219e+01 -4.220637439461375351e+01
4.323223536900834318e+01 2.688465571690758438e+01
-8.491147474157314434e+01 2.383018112100422137e+00
1.634492480512004775e+01 -2.713046438322264819e+01
5.490487518574806103e+01 7.711111586185015021e+00
9.189877788611518383e+00 7.435194586510132986e+00
7.018846374246439268e+01 -3.184318013795536118e+01
-2.066919499139705962e+00 6.769340257098160407e+01
-7.549338327452230146e+01 2.008202388110498759e+01
1.827288784500371932e+01 5.849026968196027632e+00
-4.860718375297257587e+00 7.056610345943062157e+01
-6.971585036052752571e+01 4.545009498388490243e+01
5.654478050814443435e+01 2.471766361734164974e+01
-6.766246859800510549e+01 3.875977221556694730e+01
-8.454655571512676104e+00 5.609149822946202590e+01
2.732895033329324708e+00 5.371732455564415432e+01
-2.032913024044360739e+01 -3.449509704887580597e+01
-3.045399492456246904e+01 -1.736860339063779568e+00
5.347994011897300481e+01 -2.701046509673170704e+01
4.327041297441655132e+01 -3.925677553061122182e+01
5.386739753468605230e+00 5.427989655550246795e+01
-7.911052042454446109e+01 -3.211162872094092680e-01
6.155392730627954023e+01 -2.762478463503150650e+01
-8.156511401682409712e+01 9.977297641478641843e-01
-8.276630172944122421e+01 1.067589405584891349e+00
-2.831408200967678823e+01 1.563418420348404680e+01
-1.351554217429604599e+01 2.534651178364060797e+01
-8.216360557809116472e+01 -2.454226119213042956e-01
1.678398443621570735e+01 1.715756673821188016e+01
-8.327541859079319408e+01 2.255995053886964641e+00
-7.094912538636323518e+01 3.174013179869447754e+01
4.335568893327002371e+01 -1.963769258909998927e-01
-1.017526990825883360e+01 -2.308954935255960805e+01
5.397546729701248580e+01 1.509327004581531106e+01
-6.453839051241247660e+01 3.055957298057939653e+01
6.015447975420745941e+00 4.815848122221825633e+01
-8.308009767700347936e+00 -4.448625499615209122e+01
4.736868635659558180e+01 -6.218873114565547366e-01
-5.857360907068504474e+01 3.968436452386642088e+01
-7.919468742081372170e+01 6.556396646955595653e-01
-2.262193708991533825e+01 -2.358692061719146338e+01
-3.818801779507527527e+00 -5.448812224612694877e+01
9.404971926519026582e+00 2.795636283394920429e+00
7.801445104109832585e+01 -3.714373844492907040e+01
-5.133014215781136258e+00 -5.407208042224019096e+01
7.549355557120608751e+01 -3.739095239603779675e+01
-8.926985316255149883e+01 -1.515667685051507174e+00
-8.265073433793220659e+01 2.609889728238592888e+00
-1.011326472774335405e+00 -5.515481100548797855e+01
-5.722812167709758313e+01 3.908676333313016471e+01
6.070371751744590227e+01 -2.758276315786891431e+01
2.510673441880966639e+00 5.717700846897105293e+01
8.860696658550928362e+00 5.623904980594710423e+01
5.114236731239475375e+01 1.092790584870485304e+01
