-1.104940000218574880e+01 -1.540708791074912476e+01
6.330962071146423176e-02 1.822937381105603905e+01
-1.046442024439335050e+01 -1.908200919542085217e+01
-6.989544812791269379e+00 -1.780616274714320468e+01
1.939659357297404441e+01 1.683657810961145529e+01
2.210213175923983187e+01 2.949569892180771191e+01
1.088188088045294677e+01 -2.384125978078221308e+01
-3.626763275502592165e+01 9.804531565782466984e+00
2.146018372881573555e+01 3.340517846037597138e+01
-6.243110986440122190e+00 -2.189097461287882496e+01
2.129474179273163870e+01 1.988764171408477210e+01
-1.267797308115377852e+01 -1.809853554088865479e+01
4.886998146987412639e+00 1.747452488495955336e+01
1.960681280840574914e+01 7.324364781534931979e+00
2.683272390031122256e+01 2.167803571992651257e+01
-4.669968072181523988e-01 -2.290128061405434323e+01
-1.604426645799482642e+01 -7.612241675831680210e-01
-7.728845332202629592e+00 1.142909780803030850e+00
-7.083610910216173728e-01 9.017246337473917350e+00
-3.722047619184327516e+01 -6.665410596120164399e+00
-1.799150224360339667e+00 1.783970103703589771e+01
6.869501756208866716e-01 -1.648786227338436916e+01
-2.524342927049664898e+00 2.011929333540849285e+01
-1.143172292506726073e+01 -1.714816665801013329e+01
-1.727766553016254036e+00 1.953575290411687959e+01
3.575830129378564237e+01 -1.841669171929670279e+00
1.585832713689134366e+00 -2.555651188267274776e+01
6.637671025484475074e+00 1.615061543753789408e+01
-1.632792466720126257e+01 -8.747168245055659597e+00
4.755763521266580085e+00 -2.480968935229249794e+01
-3.167784203837554102e+01 -1.407182174961266741e+00
1.710901644613199934e+01 2.338988686530300853e+01
2.730175011018266673e+01 -1.810516814538845498e+00
-3.169536202170842287e+01 3.479430505831205167e+00
1.728128897424898369e+01 2.043519238075600697e+01
8.737794495755730750e+00 1.476614711895006415e+01
-2.734614050050829359e+00 2.407589542659411830e+00
-2.083981803501336927e+01 -1.805737119858793482e+00
-3.280078144783100669e+01 -2.816007437202955987e+00
-2.554096314872489515e+01 1.397742131031134427e+00
1.666162289264078211e+01 -7.070959551104376573e+00
-3.503579695305682407e+01 -6.719465834959814643e+00
2.310174533315325718e+01 6.167685803012725732e-01
-6.045156400144667153e+00 -1.932628485905991056e+01
-1.395743861657540830e+00 -2.093460536225650870e+01
1.350440671046097130e+01 -2.300303279428839787e+01
1.242751304798353829e+01 -2.412770939225021394e+01
3.020401635338986424e+01 2.335462661365820836e+01
-1.253680741949821353e+01 -2.116950224662538815e+01
2.638173226054019338e+01 3.591808531184980779e+00
-8.768533704975766341e+00 -2.060683643336374971e+01
1.633656718406867014e+01 -2.791575494708407135e+01
-6.536102161069769600e+00 -5.089264813704051704e+00
2.870558990498556451e+00 1.944561680805458437e+01
2.757987285374996844e+01 4.299398646648212363e+00
2.774338247845492944e+01 2.449927401827898255e+00
2.872132649891849354e+01 1.997586728079560947e+00
-2.973739398644142895e+01 -3.609852007890345660e-01
1.360028440876620159e+01 -2.148897278690857782e+00
-4.004128871806000234e+01 -8.001241122051753862e+00
1.556215581027575112e+01 -2.605366394730825164e+01
2.083226491398402658e+01 2.984500193013855096e+01
-8.833228723850101716e+00 -1.860498804410700657e+01
2.561025582874567874e+01 2.011364492794678327e+01
2.463036530182969841e+01 -4.846869809393059558e-01
6.918960992958807843e+00 2.070693201052309718e+01
2.833638005961526929e+00 -2.307944605643321268e+01
2.028512749342753452e+01 1.772138198410963383e+01
-4.054301635749499866e+01 -9.169202711402789419e+00
1.789337125099971360e+01 3.046345163113386434e+01
1.004055503944099570e+01 -2.730042740634586806e+01
-9.278153953969213719e-01 -2.586689258398923741e+01
7.003342758451374550e+00 1.467262970618017803e+01
1.443600972383789482e+01 -1.996480983199639425e+01
-4.177904362271735295e+01 -2.537611646996198456e+00
9.103422220341579774e+00 -2.473599468047686045e+01
1.691140659632672438e+01 2.236180280486697214e+01
-7.273230131547352428e+00 -2.018094033263046327e+01
2.697483027065526073e+01 -7.870872993344016355e-02
7.839015443937734418e+00 1.377431836081475680e+01
7.610993779487549737e+00 -2.627547708664990367e+01
1.212665057565775051e+01 -2.760509762619559382e+01
6.607963903820825990e+00 1.256288097211886168e+01
2.758352597422936370e+01 1.682460925274452634e+01
1.658543009945342916e+01 -1.246736715468136936e+01
-2.816484341647471634e+00 -5.246083804211933987e-01
-2.716888316304094175e+01 6.174092927839064160e+00
-3.972439861033684849e+01 -1.983153742969143263e+00
-2.851812347403643244e+01 1.206659981817559846e+01
-2.805811991115185222e+01 -1.043772134332203372e+01
-4.110705071211354067e+01 -1.985507320768780781e+00
8.081671305107023251e-01 -2.411987999219390222e+00
2.471746316558173362e+01 1.657049738087264501e+01
3.649422709598514558e+00 8.841767123718778265e+00
-3.292720220473241000e+01 2.445369672178288489e+00
-3.515171608405324122e+01 8.883655995498898506e+00
2.899032986977391602e+01 1.700644526643530341e+01
1.589344422238989196e+00 3.871670163376587759e+00
2.975794207485852638e+01 3.891881648651541958e+00
-3.110478403924408397e+01 5.834892404958177181e+00
-2.990506175158731850e+01 8.810459613724940908e+00
1.429200539522836699e+01 -2.720229631288526662e+01
2.556815725985614662e+01 1.562860578314414006e+01
-2.889110487941507444e+01 -5.510921298927783596e+00
-2.511481254952666831e+01 -1.014034860666689353e+00
-9.187696393976862552e+00 8.441368101031821780e+00
1.361644865122779047e+00 -2.182547795019542036e+01
2.275776764291272514e+01 1.715356529776529193e+00
1.388809771821273387e+01 -2.509139053718741508e+01
-3.099415277764498988e+00 -1.711096732575940527e+00
-4.446537631603956875e+00 -2.070830173274041641e+01
1.514221067689251399e+01 -2.399699849606106383e+01
2.222080150909829399e+01 -7.989915031812826030e+00
2.115111200478055054e+01 1.064561277884290647e+01
2.051265957924994510e+01 2.675252717618348441e+01
-5.110718122021430609e+00 -1.770104341208757814e+00
3.630696964703025387e+00 1.275784074199183316e+01
3.846431406964753830e+00 -1.866766863866067183e+01
-9.072525705596516943e+00 -1.218318045800142713e+01
-3.409238589104818029e+00 -3.449376840178985493e+00
-2.234080715285436014e+01 1.616341941937392779e+00
1.641252625514735897e+01 1.944214777075648115e+01
-3.894296122678838401e+01 -9.648113675710332515e+00
2.301256699807848083e+00 -2.020253872364082781e+01
2.171127779592179152e+01 -1.196823222621810734e+00
-3.541244924635858382e+01 7.255396500884458533e+00
1.325728371243737058e+01 1.066442613704354159e+01
-8.471405141236612479e+00 -1.639978026372272524e+01
4.671445139945755720e+00 -2.646454668766974194e+01
-2.502926503298147054e+01 -7.435327823251505208e+00
2.669591427403692929e+00 -8.264266026117081054e+00
1.823738474872136806e+01 -9.341861416801032547e+00
-3.585363730258685422e+01 1.698650102041947552e+00
1.986813822625592607e+01 7.804078549954279964e+00
-3.688841626392935780e+01 1.325484474995225703e+00
1.199015711005914220e+01 7.564639806484823481e+00
2.242925388617765492e+01 1.812477037448261541e+01
2.720401725675198179e+01 3.029606129947274695e+01
1.214555583664469651e+01 8.937941366118188569e+00
6.053248470043114615e+00 -2.333035948742909582e+01
-9.016417038044565402e+00 1.608630773529652114e+00
1.374040049889321047e+01 1.130564124023820405e+01
-3.626377371503430425e+01 -5.888395496656196881e-01
-9.233207019373221414e+00 -2.048823547230464559e+00
9.750849148170294356e+00 -6.623010699046082195e+00
2.072730634518749326e+01 1.564378764414651002e+01
-1.943915046760367193e+00 -1.756145122309029105e+01
-5.267457291387398932e+00 3.064728645707121224e+00
-2.588772766557690286e+00 5.794386250022679263e+00
6.023562014434972189e-01 -1.278018104885652484e+00
1.385879268765101635e+01 -2.849511048230589871e+00
3.033972203701602766e+01 -6.103778472872296135e+00
-3.716000042504936829e+01 1.063835918881839326e+01
1.774749397209566926e+00 -7.904615310527230321e+00
2.412953444143318293e+01 2.166686336686904824e+01
-2.820987391889402573e+01 5.658232875689018115e+00
2.814574293664652771e+01 1.921885038857098138e+01
-1.964767658041249376e+01 8.404848762456092359e+00
5.488168096557065390e+00 1.885255689769633491e+01
3.015420926723442463e+01 -5.506374354738836630e+00
-8.611876939746474946e+00 -1.386270810235669337e+01
-1.939416246250167397e+00 1.165520851670962621e+01
-2.014825921872329317e+01 8.543671445450231161e+00
2.433173866058547574e+01 -3.382970659261204105e+00
3.520130671601811922e+00 3.463119251305441626e+00
5.573646687027018487e+00 1.491131630699436705e+01
4.932783851165829070e+00 1.023883640691456698e+01
2.350760671045230410e+01 -2.292430129685186113e+00
-6.680555557736770567e+00 -1.305266593389996510e+00
2.632929866709180544e+01 2.964597240212589924e+01
-8.142327166571121211e+00 -2.217601420686580838e+01
3.611051028873482949e+01 -1.260294239040304687e+00
-1.662404374739906743e+01 -8.197689099515056199e+00
2.627196516126224424e+01 2.566236831392023277e+01
-2.867820120117079341e+01 1.072223047475698365e+01
4.804371099948728130e+00 -2.175838047902064787e+01
-3.560176423582823446e+01 4.373815236166922915e+00
1.303843216636079827e+00 -2.360504672076803701e+01
1.523912752353193234e+01 -9.443281288299168352e+00
2.346165213409014427e+01 1.983580114236024272e+01
-9.861012671900454052e+00 -2.197205545653832814e+01
2.794611780794178557e+01 2.745315112925730006e+01
3.078301518710148699e+01 4.865995807226228820e+00
1.661490216457477587e+01 -1.073679785570201695e+01
1.013524980702796796e+01 -9.503997676368111769e+00
-3.379364451642255318e+01 -7.324820708802379343e+00
-3.279130469556413630e+01 6.393846184490353579e+00
1.580948804326868817e+01 2.871791933845145195e+00
-3.378860992577619271e+01 -6.190361552175589921e+00
6.840849804033328763e-01 9.794446038148313605e+00
2.927653644454021986e+01 2.418547455145860781e+01
8.362014448598980465e+00 1.725929755901297113e+01
-9.905470783570960336e+00 -1.709649280721549403e+01
-2.752652940155738648e+01 1.026405913992019592e+01
-2.150134032548788454e+01 2.273842931300901427e+00
1.388796531377102639e+01 -2.891509728980775407e+01
-2.364213341334228602e+01 -1.388007388856332369e+01
-8.519839904908619310e-01 1.317332698561344273e+01
1.271718986822355113e+01 -9.815152983051888214e+00
-2.303636595283159494e+01 -1.388443241658195859e+01
-3.287672905855220762e+01 4.143221379567527118e-02
5.492633713440811860e+00 -5.359914691843837176e+00
3.006233552705911194e+01 -1.999143951601729530e-01
2.687085595154759687e+01 2.390057126198833970e+01
-2.908559964147639931e+01 6.802689404145928265e+00
-2.221211211315254008e+00 1.041485242215279250e+01
-3.356784650459717056e+01 -1.377098780882615614e+00
2.464184703289160083e+01 2.462688427630119037e+01
-5.474331830950119659e+00 -1.718967895120765377e+01
9.660704723060947741e-01 2.761345257210411575e+00
-2.407606549653149131e+01 -7.809851166318948046e+00
-1.271948553420712180e+01 -1.469919772166646332e+01
1.171223848539529211e+00 -4.513837797582970879e+00
-2.226107155069923493e+01 -1.483400037614071909e+00
-1.722714395363266959e+01 -6.932368181373824711e-01
-1.009342180735406025e+01 7.117942926607290222e-01
2.077102078045575695e+01 2.116226485589042383e+01
-5.306578076940551725e+00 8.069022667920393133e+00
-3.086767902779054751e+01 2.526488897861498550e+00
-8.494498449951178642e+00 8.178627480516931669e+00
-1.379781540486542113e-01 -1.990678561339954555e+01
3.132189915869830088e+00 -2.494033756975643357e+01
-3.587358352206712198e+01 -1.026304288169250256e+01
7.069043902635325782e-01 4.577915371950771473e-01
-7.982859637064889657e-01 -6.267788338680322369e+00
2.203328830257031967e+01 3.099064111338366345e+01
1.875664357959734740e+00 7.369587273757804979e+00
1.905209314577082369e-01 5.684838984115820892e+00
-3.245728606730570220e+01 -5.057901987596981286e+00
-6.571452417280478464e+00 2.215991070055077117e+00
2.223007095853864001e+01 2.649787440584657716e+01
-3.876124905954128952e+00 9.022235585110825795e+00
-3.208137133143490871e+01 -8.049860624894309424e+00
1.616356928720706421e+01 6.986258612954813207e-01
-4.119189438507285672e+01 1.725396877772174542e-01
2.896004406618814642e+01 -3.075880704947426381e+00
2.525100976139967202e+01 2.976994410573668759e+01
9.935133393576682792e+00 -8.732406187562901323e+00
1.108716231132037677e+01 -2.561664780273409647e+01
1.558170851992620953e+00 2.071785718349603655e+01
1.600161867232993274e+01 3.032749837116530500e+01
3.033237098270146959e+01 2.480613725419664917e+01
1.499164030808604409e+01 -4.340573130583258887e+00
2.810271811257086583e+00 -2.646533538536300512e+01
2.026197286175294465e+01 -4.363323616154826112e+00
2.573531332674397731e+01 -1.546463419700921493e+00
1.668694977576818417e+01 -8.657798543584668494e+00
2.555230080670209603e+01 1.829984416346897547e+01
-3.716235747058058081e+01 -1.069299936215983315e+01
-2.568121774810099112e+01 -1.354360167396776404e+01
-3.754987476081479514e+01 -9.468404892480332791e+00
-2.497434301642104160e+01 7.331122236043610130e-01
-1.058864198558558556e+01 -6.409087050849464617e-01
1.114289923131300819e+00 1.970279592421589854e+01
-2.744034451220820614e+01 -1.388511798341192538e+00
1.264067517850642730e+01 -2.587198989353408152e+01
