-8.101160096158460888e+00 5.144241093850314250e+00
-8.535795688838296869e+00 6.320105962688122858e+00
2.083004805245970914e+01 5.855706413407010480e+00
-1.516122285705619532e+01 -1.506140925713015832e+01
1.124617467261904658e+01 1.259541000040184766e+00
-1.048100679077121100e+01 5.138982996840741890e+00
6.321866202548957148e+00 -3.081924661441512114e+00
1.649614012609095326e+01 3.788198466291920141e+00
-6.555540366049831924e+00 9.952025895899142327e+00
-8.225180314147122473e+00 -1.669710440189107414e+00
1.148799880793687445e+00 -7.561644734064810747e-01
3.520445644538385821e+00 -6.935341573766628187e+00
3.080374667968466706e+00 -5.972285599750247975e+00
-9.353925380503881115e+00 4.843823543723551062e+00
-5.141502364787188029e+00 1.061431672660554781e+01
1.515820591046172439e+01 8.892650222290638951e+00
-5.360552111751878179e+00 1.188621357762735720e+01
1.135034702326180600e+01 6.303514293500571242e+00
1.335641566205927688e+01 -8.043637319059573798e+00
-1.344628653828695519e+01 -1.065693623662112799e+01
-1.187276320414476061e+01 -7.550878725508303191e+00
4.524848851544935435e+00 1.115020423905602875e+01
1.394944355828662808e+01 -4.510583412252786140e+00
-2.077495405270386897e+00 1.481584591611736990e+01
1.590599517381121331e+01 6.124312033870740635e+00
-4.531447982154952037e+00 1.594595329023053454e+00
5.587061296836691504e+00 -4.555641587502361034e+00
1.039288839723760915e+01 -8.321830933231147753e+00
1.138294298765310586e+01 -8.422263422476268246e+00
-1.032581367274969431e+01 -8.782925490419497550e+00
5.876772160761920993e+00 7.430748144341737138e+00
-1.208807513735892769e+01 -1.572204001632724513e+01
-9.180195102639576277e+00 7.459548592199087835e+00
1.341240171482487753e+01 -5.836730499795255156e+00
5.189505543939968213e+00 -1.041316862029743273e+00
-1.166727244963187538e+01 -1.632899918488643465e+01
-5.230780980026318971e+00 1.503051826480630737e+01
-7.164651415700709514e+00 1.138827329815033274e+01
7.690580095317667286e+00 -2.065729310872001623e+00
-1.829140967272789453e+01 -1.012169463867854802e+01
1.057097701946950608e+01 5.964581517792404419e+00
-8.022680809648319311e+00 8.177773590631250755e+00
-2.704405870832291114e+00 1.613079782236432536e+01
8.087129759898795456e+00 -1.348219533007959603e+00
1.458991468689518811e+01 1.463009715742020767e+00
-1.902267819327251530e+00 7.513031325643914293e+00
-5.556821749427823143e+00 -1.434892337069613077e+01
-1.225855006170383454e+01 -3.959338918041619859e+00
-1.784328950025206240e+01 -1.027607527648154218e+01
-1.837076049664346122e+00 3.623074036648918028e+00
1.277733436802017231e+01 1.392107525469394647e+00
-1.202456879604616269e+01 -1.046229112491318070e+01
-1.473489059055652284e+01 -1.422806964428349019e+01
1.106762633491099379e+01 -7.252174192401886543e+00
-9.626376330408291437e+00 -1.065332520288406393e+01
-7.275131833882484855e+00 -1.238635913870176886e+01
-4.041093119407395129e+00 1.689809025342769644e+01
1.335986081138375781e+01 9.637888761708224283e-01
-8.220964489081278970e+00 -7.042373345879885171e+00
-3.336677880838213373e+00 -2.203410805092832270e+00
1.340795738715357999e+01 -3.644605478494468809e+00
-3.230687857571000077e+00 1.459738025552578655e+01
1.640287021082021823e+01 -6.048511272744916401e-01
-2.084965388450884305e+00 1.595092748171250019e+00
6.807783392376526521e+00 6.336946578089102999e+00
1.592351820400900131e+01 -5.023977424785599943e+00
1.059739564332845596e+01 -3.216831978267626901e+00
-9.985439666947781845e+00 6.547282130221163676e+00
-4.101397833379002655e+00 1.123860862076698552e+01
-5.699726986141667062e+00 -8.010199134168349389e+00
2.046235692540627760e+00 1.250857512409762862e+01
1.621734507233856348e+01 -2.629839902178744637e+00
-5.115544693147620059e+00 1.323414961511460852e+01
2.320524293071774213e+00 7.138790858289751462e+00
-9.901811722137423999e+00 1.015908479190654568e+01
-1.769619914952372586e+00 2.813017164455296815e+00
1.569165496340466248e+01 2.553424698112681135e+00
-9.201293789798862477e+00 -1.491613137632704067e+01
8.338033277823102551e+00 -1.278122756327552123e-01
1.446164761766969775e+01 -6.069561573609049354e+00
-7.252417904294967244e+00 7.103384357191919740e+00
1.856555748334007205e+01 4.478298078475793531e+00
-5.905380857498033542e+00 -1.319723534091510331e+01
-3.874371842206530747e+00 1.270917774205500983e+01
-1.130807610723104517e+01 -1.183138623972905812e+01
3.462776304721579379e+00 1.287967081844117168e+01
-6.848106335579768889e+00 6.058880042026469681e+00
1.871774433043838570e+01 6.450390227173276259e+00
-1.298948648986110932e+01 -6.475497731416178127e+00
-1.333069673146174949e+01 -1.248310715206710775e+01
9.631223792738749623e+00 5.041660731904575421e+00
1.675197405681306506e+01 5.809920974033741636e+00
-4.845447581023545780e+00 -1.273734033248871533e+01
-2.829448761381821331e+00 1.741217669083585307e+01
8.326898634426885826e-01 9.411341146601683860e+00
-1.163870707908284174e+01 -9.351266808131621033e+00
5.098229907445297471e-01 6.116449997853395715e+00
1.262773560473065260e+01 -9.469428419892498283e+00
-8.121819513333210949e+00 -1.078518365130529055e+01
1.891324048672613856e+01 3.303097662754515440e+00
4.196619735906929272e+00 3.650190761295782349e-02
-4.754764416736454891e+00 -8.219340338847354488e+00
-2.179736278626009049e+00 5.322610439050914799e+00
-8.045767953119810301e+00 -5.466739619971218822e+00
-8.000035993525575151e+00 -2.382652678686122627e+00
-7.503893926293953243e+00 8.086315950482692028e-01
-5.752115345607163865e-01 -1.580968932660141268e+00
-1.388641996705844406e+01 -9.758043266698733120e+00
-2.850716791997058408e+00 -1.836875450921076292e+00
-1.512658014646403792e+01 -5.439312167366761486e+00
2.044282604742012310e+01 5.187198522676526480e+00
8.820756619579935842e-01 7.257969774154481302e-01
-1.202674482999797689e+01 -6.026865636093542200e+00
-4.018989174035876299e-01 6.423882846130961610e-01
3.178619129267723498e-01 -2.209094816525581706e+00
-1.637580425913221305e+01 -1.090573491336185086e+01
1.726312732718844112e+00 8.107053320211671021e+00
-4.024494474558000690e+00 1.554599332911417164e+01
5.418332980619090300e+00 -5.901831623508346780e+00
1.675893293707371967e+01 6.814862339264819546e+00
5.569476937865668553e+00 9.756047340661751832e+00
1.576173529700786879e+01 -7.058617795338816059e+00
3.317115848214911900e+00 1.195710450574776296e+01
-1.566913765161360317e+01 -5.095044398628568949e+00
-8.537329405683461658e+00 -7.750121654930033799e+00
-7.685963657835962692e+00 1.572868907739260802e+00
5.968307869315752079e+00 -5.922889792312148849e+00
-9.605609540934292312e+00 -1.336648596721257221e+01
