1.909532415738128153e+00 9.611638793737316888e+00
3.072655493813750915e+00 9.374909825652675721e+00
6.621678647779201121e-01 -1.774001360657832649e+01
-1.600578801456331846e+01 2.205001190783884568e-01
2.578553010252448097e+00 -1.020145913193007736e+01
2.217725705669055358e+00 -4.995967251148248245e+00
1.108773920782876177e+00 -1.451925884354835539e+01
6.592308236198324067e+00 8.800068539653992161e+00
-3.890473297725514534e+00 8.335899244410903464e+00
1.859412110838562615e+00 5.597327956979212399e-02
-1.219158551023123094e+00 -7.815902624280868238e+00
-1.613444893947592496e+00 -6.922258752333617871e+00
2.448291336604662138e+00 7.619422379018637059e+00
7.262818556998453801e+00 7.330696160087448732e+00
-3.548346966269730896e+00 -1.454792530873810463e+01
8.132703300002193103e+00 7.911177529969255495e+00
8.567571461175324643e+00 -8.074464685679609843e+00
1.135439934254860361e+01 -4.414008697604240972e+00
-8.646863815475194670e+00 1.690921164925396791e+00
1.038480651276269384e+01 -5.807097684382526159e-01
6.539275138609464300e+00 -7.286637981029776334e+00
1.094622574797626768e+01 8.878637349082785235e+00
-9.360695351856909152e-01 -1.482978595139230826e+01
-1.168593951615913701e-01 5.190955776537824917e+00
9.315306182787392864e-01 -5.855904664551673910e+00
6.790624597985186917e+00 -1.077580856978668322e+01
-9.347231141014265887e+00 2.946497671076830915e+00
-3.932184633888153868e+00 4.140606002946167208e-01
-9.552642182693183770e+00 -1.623298827594926053e+00
3.516506846164598965e+00 8.199531446764948939e+00
7.182893406543121806e+00 -6.512495504785953848e+00
9.846447184466244895e-01 -3.485741958186183709e+00
-9.862152467423406677e+00 -2.138130552172135879e+00
1.054677872873341471e+01 6.956959006363201858e+00
6.607986256269862579e+00 5.815341556022694647e+00
3.037989041258365219e+00 -4.856246521674710159e+00
-1.136684646975857937e+01 8.214757830312246156e+00
-3.135478989518523107e+00 -3.203987082129007735e+00
4.460423185615392860e+00 8.934873532997308132e+00
1.218481216474800100e+01 7.204099471949274580e+00
5.361490949001141537e+00 3.783500040139210263e+00
-1.750696448574117525e+01 3.214622025755806689e+00
-7.852906888788493411e+00 6.332093119028029626e+00
-1.137039079903429162e+01 7.901477331405926563e+00
3.454767826597936686e+00 -1.144252848375618470e+01
-1.172996529829058687e+01 2.574331118686767006e+00
-1.531549443330693983e+01 6.488197835226492405e-01
7.137524786759191997e+00 -1.015732252983794304e+01
-1.311661925294840003e+01 2.690229712801373019e+00
-1.531359638676929436e+01 2.924879141189513643e+00
1.261590786240762618e+01 8.492949398341462341e+00
3.361188260805876737e+00 -1.150371861768646831e+01
-6.756106585632660533e+00 3.424180982188001821e+00
-1.175440479423539575e+00 2.753059613048811194e+00
6.169737568516119097e+00 -8.282203787577103071e+00
1.180675929105372468e+01 9.453843252802112573e+00
1.061448833256346758e+00 -1.167960726179538078e+01
1.417094842867621995e+00 3.054006010206917754e+00
-3.469625026128315248e+00 -9.357219340874824987e-01
5.123865341001581086e+00 -6.177258104053994003e+00
2.116524433168065933e+00 8.621803750670474997e+00
8.452677971878612695e+00 6.869854996600104791e+00
-1.365599360460008427e+01 -3.027522624800072393e+00
1.194486236397308332e+01 1.367108215365317347e+00
9.241915485491094984e+00 8.277540909743505537e+00
7.032629571657260215e+00 1.804574269272644915e-01
6.263864243712509605e+00 1.103930223366818275e+01
7.245771048856696206e-01 3.043332092409052336e+00
1.787752875030378830e+00 -1.366490134511962751e+01
-1.172588895218971849e+01 -7.693637672025236407e-01
4.006465012608900977e+00 -3.748100395728139134e+00
7.865447512215411052e+00 -6.119370573681201186e+00
3.926850101158564588e+00 1.021955863175629098e+01
-1.657682662861408573e+01 3.613983016037158880e+00
8.637627218927885764e+00 9.359958623383056064e+00
-1.167622593765239714e+01 4.139290119105706545e+00
1.037428070862855733e+01 1.568897930772148452e+00
2.931564001684653142e+00 1.071294619819327387e+01
-2.796940573493247872e-01 -1.697604360458032247e+01
-7.994550419935866792e+00 3.810195976108376459e-01
-2.600007281239556711e+00 -3.526984714549429523e+00
-4.372683199486855909e-01 -1.544512127747769092e+01
-1.669637257294085586e+01 4.641839164557500119e+00
1.333101583157467651e+01 7.762762247302335439e+00
8.387609211422482502e+00 2.392579259672259262e+00
-1.063418277819708990e+01 2.740868726673176603e+00
5.746067371283191783e+00 1.778498969831090015e+00
8.903146751800660397e+00 -9.363938341386994324e+00
-1.403327804976294679e+01 3.404629163792615820e+00
1.910231028369550499e+00 -1.557735188550837790e+01
9.300057803525647593e-01 -2.360121830230598405e+00
-1.402689359930136703e+01 -3.688431886196187115e+00
3.833970691636517714e+00 4.714061654885393970e+00
-5.293905282625478215e+00 4.233051332189817550e+00
-4.256620913492227487e+00 7.881924483046077512e+00
-1.394082910144871512e+00 8.090059730603680777e+00
4.929768103010544467e-01 6.265008909801438319e-01
-1.058999544907839407e+01 1.139220528603969829e+00
-7.579372985887941283e+00 -1.850628058506480711e+00
-7.578288225698059044e+00 1.176466575092465217e+00
2.021001023976165989e+00 1.625080530438178128e+00
3.189230860717021110e-01 -1.545124286072463438e-01
-1.137027456851614104e+01 6.433587208112745870e+00
7.570977920727584021e+00 1.147518524769487680e+00
1.129448003641036280e+01 7.832155004759816741e+00
7.548945418532984064e-01 -7.047954858630435915e+00
-1.258138073367284226e+00 -1.562225342077899093e+01
9.597160137626422838e+00 -1.568118887782063764e+00
8.366869626542186467e+00 -4.473067670349439418e+00
1.104530322179979862e+01 5.864615416178237117e-01
-7.366505479356692199e+00 -2.317549926956405493e+00
-6.612309382237993027e+00 4.127505746416011867e+00
-7.844873598062492848e-01 8.061945530977061125e+00
4.947231105157750553e-01 -6.832419815638751892e+00
-8.495777246688952289e+00 3.945440952902479204e+00
