-1.224297439944028021e+01 -7.889391303384774012e+00
2.762629851967773931e+01 1.532670236949123144e+01
-2.259575807005943560e+01 -2.456283312108991623e+01
1.947809120831659868e+01 3.408661215052924831e+01
1.314501736496937845e+01 4.168594356268523882e+01
-1.163224012851268263e+01 -2.168620944952872520e+01
5.288397467900845328e+01 4.724776329737711222e+01
-1.922609066865540228e+01 2.476011376164923661e+01
2.338211225033540330e+01 -3.249972769227519365e+01
4.214446263791431591e+01 -1.309699320891883190e+01
-1.287703324379807590e+01 -4.343064352081378132e+01
5.076393232862093186e+01 2.299362611195430617e+01
-1.352623459629498370e+01 6.660734719628562672e+00
8.683585385160128567e+00 3.238995824919817323e+01
-3.383154140627814854e+01 3.826264158671141757e+01
-2.153243209401590619e+01 -3.305195122259139584e+00
-1.288541856480680314e+00 -2.598350054625661443e+01
-1.232652565845698511e+01 4.696454467541273203e+01
-2.081413441940485498e+01 -1.346210077701663543e+01
-1.934620254746004875e+01 -5.068617651018970349e+01
-2.163749103787193562e+01 3.304817993403707987e+01
5.077639707562418181e+01 -6.042242628202119548e+00
-2.390682541292274976e+00 1.596208965870058449e+01
-2.330716830098778303e+01 -3.995582025226786982e+01
3.816865179791448526e+01 1.581897746293509321e+00
1.271101917015749816e+00 -6.409486393138780613e+01
9.579143276757054792e+00 -4.668248491677352519e+01
5.094507814340497731e+01 1.051057091570712565e+01
-4.363588507079556678e+01 -2.931286847629765546e+01
3.934453215078805499e+01 -2.077420088746425719e+01
-3.003968174664758095e+01 -7.951683947698699129e+00
-1.443125808952243005e+01 -3.210543759863794833e+01
9.655067394656235535e+00 -3.511159088241736015e+01
-3.189274940379821288e+01 -1.646065980493918346e+01
4.471030301323838785e+01 3.281400415255468772e+01
-3.791026552599031874e+01 2.879618990947701818e+01
1.966100490666055123e+01 4.637944408151246090e-01
5.961449945492072544e+01 2.234752083930878896e+01
-5.731448626637381949e+01 8.418693473053684428e+00
-2.912089657742613369e+01 -4.876269462049705794e+01
2.681083799080942853e+00 -1.393623923532510922e+01
1.862846873017152660e+01 1.709969680266256375e+01
-4.635750245399231773e+01 6.132796642199623838e-01
-3.989320097052002012e+01 9.804626418768437546e+00
-1.152807682274219481e+01 3.009224223626145189e+01
8.335199666894730797e+00 1.782051385942305899e+01
-2.228279532441567312e+01 4.655632071721117171e+01
5.644143256659298657e+01 3.114448399478665763e+01
2.260058781338155498e+01 -2.188184088929218873e+01
1.894887899639531881e+01 -4.147188850698182705e+01
-4.448254518156283410e+01 3.718825545029255863e+01
-3.200451067470383038e+01 6.506287131705263072e+00
