-2.698868593375523801e+02 4.147449656050727640e+02
5.153217115756012134e+01 2.062401169443539004e+02
4.256248535917495133e+02 -3.225524976941483146e+02
5.415594353407666404e+02 2.972775089401114457e+01
-4.494276488930344726e+02 -2.006299976645780703e+02
-5.421487481326128091e+02 1.592629377314162014e+02
1.210130443915606975e+02 -4.856121017366788806e+02
-2.441172491102119579e+02 -4.905986856523264237e+02
-2.180631278151878689e+02 6.411052786028838568e+01
3.689449057550394855e+02 3.337827681234464876e+02
-6.212192082233510604e+01 -1.984821508822386988e+02
2.108765474778265343e+02 -5.693401722791180219e+01
6.621459639643151718e+01 5.469403836992933066e+02
