1.171007316246904217e+01 -1.517292389460254043e+01
7.763064518050828866e+00 -1.878680063776707598e+01
3.045229049123028986e+01 -4.684423182372630379e+01
2.659923458872836477e+01 4.200334421809650820e+01
-2.102488709827607138e+01 8.098215683710710877e+00
-2.191044950177335693e+01 2.117391482819957460e+01
5.903830310764193179e-01 -2.876929664838529632e+01
-8.669897300555204467e+00 1.119619542557985881e+01
-1.558037241082530322e+01 3.190478689153573910e+01
-1.747661123882803125e+01 3.675063567116799135e+01
-5.404722173504135085e+00 -2.663495517728737383e+01
2.294571101171627703e+01 -3.081286710767372128e+01
-1.075984051557711041e+01 -2.913291345912900709e+01
-4.154019053203392531e+01 2.572447657234161511e+01
3.280501263159782610e+01 3.070774878997981361e+01
-3.654988800772315471e+01 -2.084219465262825821e+01
-4.477600765362453927e+01 1.749390920490366597e+01
-1.608410505245223732e+01 -3.551376920873512688e+01
3.611563981921354127e+01 -3.528263763198836500e+01
4.262134349879889150e+00 -3.144750471505522782e+00
-2.287498266391537172e+01 2.640854107774068993e+01
-5.187232178451212405e+01 2.902026634882041023e+01
2.325624696623073362e+01 2.164840928778704310e+01
4.603076884815606462e+01 2.169031536307861785e+01
1.201012308885150581e+01 -2.228465978378523005e+01
-3.898092089088181922e+01 1.894746102478811522e+01
-1.855015270492176427e+01 1.508252547161661639e+01
4.773484424581124586e+01 2.571157714701345753e+01
-9.089199508337530986e+00 -2.030749666657967367e+01
4.855007405136689869e+01 5.939713993459085906e+00
6.032348531406896974e+00 -2.419394129126076720e+01
-1.720453869703445449e+01 -4.113459725722907478e+01
-1.729374912934260067e+01 -1.411667428297365134e+01
2.917499817053145605e+01 2.684290802898525641e+01
3.101837780428288482e+01 3.987797936991794501e+01
-4.951514857712025020e+01 2.494551327403549124e+01
2.365016044921419081e+01 2.737777063863914506e+01
-1.250814733643061771e+01 -4.568755262570238074e+01
1.725143798929802585e+01 1.733528650158290318e+01
7.056148221983364888e-01 5.374409803099287508e+00
-4.994257499653829058e+01 1.702076795134828657e+01
-7.178102120776338246e+00 -4.283289046924083010e+01
-4.583458118792236746e+01 6.003147209450188981e+00
2.746112946473411043e+01 -1.136327938641811208e+01
-3.264277666256678145e+01 1.702939268323430611e+01
-6.649725035934940465e+00 -3.219267767509558098e+01
1.336940247784225555e+01 2.543251409842618926e+01
-2.847585839457195078e+01 -1.935007612401200561e+01
-2.214986771812400690e+01 -5.249443305397464066e+00
7.564835449596562178e+00 -3.350510916439964859e+01
-4.472967561456685281e+00 2.338802279460777900e+00
-3.772404440843114770e+01 2.742188143219930208e+00
3.504328314829753310e+01 1.646951536290483986e+01
-2.713153922944932361e+01 1.202173347131286008e+01
-4.055744641468794498e+01 1.425266688144880511e+01
2.241910761993793688e+00 -1.917164312962859896e+01
3.190786068654989194e+01 5.387874181292287901e+00
-1.768253998782774783e+00 -3.586931369068851438e+01
2.310149752645786236e+01 3.418694267258729980e+01
-2.627412425296052589e+01 -2.579376352958516705e+01
4.828094463935964420e+00 -1.398268077404191345e+01
3.282004392197511322e+01 -4.164938303320167279e+01
4.565589561756483050e+01 1.608702864589127657e+01
-1.028266076754035474e+01 2.320751046336989276e+01
3.410419495586825178e+01 -3.122393352339373251e+01
3.009141558123534210e+01 1.588884835683831653e+00
-1.802572655003261204e+01 -4.680115182354156644e+01
-1.920245948812059567e+01 -2.332439892305454521e+01
-1.391033857607846258e+01 -5.795910716766913495e+00
-4.436977007681968388e+01 3.122447449712814560e+01
-4.211872426882160170e+01 -2.607498626342973580e+00
-1.578077436565845204e+01 9.835231848309874181e+00
1.083942139133531413e+01 3.003310339558860065e+01
1.542421636991867473e+01 1.089890705827539996e+01
1.741729735922056577e+01 4.285425747515931860e+00
1.744192170159372779e+01 -4.899851687855845128e+00
-2.650614987663022948e+00 1.337442662029594587e+01
3.562131957762286305e+01 2.684092291025102028e+01
5.261932229790149762e+01 1.637577583868086251e+01
-6.212519576547829381e+00 1.664009737389915600e+01
4.343644332983316758e+01 7.451870234728840359e+00
-1.150189660683715509e+01 -3.895567949114869322e+01
-2.413706766377489998e+01 3.079749310689237163e+01
3.089313933536910994e+01 -3.515523124773655894e+01
-3.924473009036005777e+01 -1.570746400463364800e+01
-3.204227894699025825e+01 -2.385380323251278156e+01
5.495780942011366221e+01 1.977128156104265244e+01
2.091997795376996194e+01 1.412574903965782980e+01
1.311614136634360506e+01 -5.461191753674643046e+00
2.841244399473340110e+01 1.672900520535388580e+01
