5.063559673102719927e+00 -3.562459369114787111e-01
6.173794349450420604e+00 -7.907046300721226606e-01
1.229459672443866891e+00 1.094752682162151736e+01
-4.568908562849141042e+00 -1.501957287951894138e+01
-1.155551389849117205e+00 5.350000979842516102e+00
-4.498964739326334339e+00 4.848148058008971084e+00
-1.112389715343366836e+00 1.301938054067644757e+01
9.066956875035458552e+00 -4.715610087162391273e-01
1.394374176751824512e+00 -7.467600076640615647e+00
-1.003059408853568479e+00 9.777875607738931718e-01
-7.388068127674949359e+00 1.788392627462860540e+00
-6.526039832204219238e+00 1.333876795319398845e+00
9.489681221371940367e+00 -1.770385745481267925e+00
4.193493449456830113e+00 1.344788726630834219e+01
1.039911909778709642e+01 -2.630420531408439899e+00
-8.393581637439373466e+00 1.113117460239921996e+01
-6.116714720206778644e+00 -1.127851646279862763e+01
1.087326294480215338e+01 6.871678146093978867e+00
-7.092972320257222130e+00 9.085939804248869933e+00
1.250214126459797193e+01 -2.904312195941620267e+00
4.960494921786831601e-01 1.430397948812686693e+01
7.202656983065423013e-01 -3.856260730195419484e+00
-5.439679312516594756e+00 3.696120484448864207e+00
-1.039027066217567885e+01 9.289385103326702975e+00
-4.709768630888734542e+00 -9.277084017364186863e+00
-1.000565935322620881e+01 -8.143606598963215149e+00
5.246189733027081914e+00 7.682522093009813702e-01
-6.340740716993098935e+00 9.826656557585334184e+00
-2.573140105263026278e+00 4.055159605007025547e+00
-1.059447990453121591e+01 -8.315718069242791444e+00
1.324901863615432340e+01 -5.601818568854153302e-01
8.386246549668962658e+00 -2.769573966003016974e+00
-4.234425958962876990e+00 5.762911133686674958e+00
-9.984315462068927616e+00 -1.087880531119963479e+01
-1.076507409717339847e+01 4.312852978161088480e+00
7.281075250963502832e+00 -8.272056570855337854e-02
1.382698723861355994e+01 -2.398650820223288349e+00
6.969113353242966546e+00 -5.245820333836456406e+00
-7.922545206564631570e+00 -4.856346966640909812e+00
-5.096413218715294846e+00 -1.134801253105180230e+01
-3.870386946052098764e+00 -1.442738207799384043e+01
-9.726973744041650605e+00 9.611895117876031236e+00
-3.728898478827764151e+00 -1.108850868976425907e+01
-2.273664624088469033e+00 -1.247632911217405294e+01
1.467575462836283506e+01 -1.680590650023559229e+00
-3.385957711167177031e+00 -7.631423991064243850e+00
-1.958610861599889841e+00 -2.952008780986699055e+00
-7.983317194094031954e+00 8.596929816520228584e+00
1.339870013355692890e+01 -3.615341642370921260e+00
-3.963919118214824788e+00 1.134923337070535432e+01
3.988253811281498168e-02 -1.577293362571844604e+00
1.838709534965520476e+00 3.561530420917996320e+00
-5.457585153589859850e+00 8.010104131906738090e+00
1.059796421962917634e+01 -1.676760510047532016e+00
-5.762380372992202737e+00 -5.268312934586350416e+00
1.250979103978209039e+01 5.011083427017220870e+00
6.645240717627696192e+00 5.811887570384142165e+00
9.342806788517474814e+00 1.370982516598706180e+00
-6.528401044289174893e-01 -2.130526510825659692e+00
-2.048114815888549156e+00 1.313747963965528420e+01
-7.065526349403325135e+00 -8.037618664380509870e+00
-2.951137980114802328e+00 6.920872092324220404e+00
-6.708142834855450154e+00 1.052584958445764585e+01
6.609824862413147706e+00 1.221382511252647518e+00
-1.139450022103601690e+00 -1.296680434938926751e+01
1.106724774376169051e+01 -4.522009533057381736e-01
-5.735008356794965678e+00 -1.318371012408112719e+01
1.073497582177290077e+01 4.841782984122462885e+00
6.240762736627359253e+00 4.088298773178955514e-01
1.359548493547167114e+00 1.221419263692269297e+01
-9.250388833850491821e+00 -6.654802047173036250e+00
-1.033172071242318601e+01 4.836283925435439279e+00
4.743021022585101609e-01 1.354513113904370236e+01
-1.181462314653530382e-01 -1.263537629268078710e+01
1.498044427939455403e+01 -2.914107453683581372e+00
8.572421227056505444e+00 4.120314806732038981e+00
4.650840579505342909e+00 -3.722004071245650803e+00
-9.572675556712153977e+00 1.155218611469252465e+01
-2.295621688129233728e+00 -1.101713650544774659e+01
-1.097019710384329327e+00 1.160117266761484522e+01
-1.432086663962483852e+00 3.767012309681296856e+00
-5.620637523922709988e+00 -4.455189480988035911e+00
6.307289897235653697e+00 -3.054614985620634826e+00
-2.123717453397390820e+00 -6.966813476960427742e+00
7.202392623887839962e-01 -7.688388034866778575e+00
2.204870651690474137e+00 -1.017230537337012519e+00
-2.014709382681571626e+00 -2.759576308001074896e-01
-6.744788581021043505e+00 -1.084567900300733179e+01
-1.066488786905374830e+01 -5.960542585570252960e+00
3.839269993439627937e-01 -8.527929557503813318e-02
-2.764239961273724511e+00 1.710114384460470205e-01
-9.072622308223923682e+00 -1.136230953505232399e+01
7.596665326354189673e+00 5.189404785793727548e+00
1.293179061886573145e+01 -1.720941885772118374e+00
-6.767720160602582524e+00 3.954837232555366011e+00
1.340718348151312300e+00 1.385235657983878710e+01
1.023233477819240278e+01 7.987376491934685241e+00
1.153428333539110184e+01 5.816530395535369991e+00
-1.085473505808195860e+01 -5.546287838602196985e+00
-2.935101549202466131e+00 -8.399952759354615495e+00
2.568421312512621846e+00 -1.573091408602448560e+00
-6.601889011569460841e+00 3.586024538001351569e+00
-5.533160646674699201e+00 -7.908170468974245360e+00
