1.142295497069887489e+01 -7.264010408351932568e+00
-1.455735828767231865e+01 -1.474770019936208598e+01
-1.164663100707153554e+01 -5.744480631451605035e+00
1.576542785800892155e+01 -6.084524336447957538e+00
-5.166855681382577004e+00 -7.485655569631009421e+00
-3.856339259319194301e+00 -1.049705314944683820e+01
1.662341210115704371e+01 -1.979242309589128501e+00
7.323183181056690749e+00 -1.495461466069684597e+01
-2.444464287861860896e+01 1.017491269000031950e+00
-1.355334083263928457e+00 1.138644041668904983e+01
2.757692030906597225e+01 7.481793782885995725e+00
-2.024967358536943607e+01 -2.748094109690542020e+00
2.372653059498269101e+01 -6.412641657996111633e+00
-1.924307665388791122e+01 -2.119004948673526201e+01
4.159858727674085266e+00 -1.164581887128651516e+00
-9.629243918102403654e+00 -7.967625288940880068e+00
-2.760143385212070299e+01 -2.507435859709537418e+00
-7.576620688179398044e+00 1.815381463240544235e+01
1.009029935033246339e+01 -9.038815167357581171e-01
-1.306447385653465076e+01 -1.081463366452837782e+01
2.037188499587915658e+01 3.175372286601869654e-01
-1.155943668250071887e+01 1.401072128930160332e+01
1.225976065102724455e+01 -3.459443906216654430e+00
2.444102865163194238e+01 -1.062357260005207493e+01
-1.129187493369143924e+00 1.468089571450981623e+01
-2.501171685491012298e+01 -4.256052749813085789e+00
2.340464341175385155e+00 1.451522035401912980e+01
5.229995194560179250e+00 1.744329979056152524e+01
-1.715890614733903474e+00 2.967231500694084811e+00
2.118948067702337568e+01 -9.252253924895342152e+00
-2.310070318908488218e+01 -1.078480927667000522e+01
-9.043741719620490116e+00 5.035813068655357938e+00
-1.752360500706359048e+01 -5.275419633145030041e+00
8.463907134873510429e+00 2.116816663646557473e+01
2.732669488819464121e+01 -7.558601301949161022e-02
-2.178213556244878646e+01 -1.631230581884376463e+01
-5.253366973820151886e-02 2.364543475843384712e+01
-2.006810460160907184e+01 5.544939453022017517e-01
8.524353312124700821e+00 -4.540345043979509221e+00
1.952100004465852834e+01 -4.964490456342871560e+00
3.049895840016860760e+01 2.971981080656326046e+00
7.614137673804799888e+00 -7.843677363145463488e+00
-2.522462926295187557e+01 -2.446062357535570797e+01
-5.808413137758813072e+00 2.095101647588250415e+01
-1.168257225778194375e+01 -1.752654655100744641e-01
-2.257144557931851026e+01 -2.147619682329251845e+01
9.768349316442929364e+00 1.339936406625815835e+01
2.715484218730762223e+01 -8.639714227481196218e+00
1.636482809342759381e+01 3.174076906504468720e+00
-2.614971072181549161e+01 -1.683594727114497402e+01
-1.082569523800682987e+01 -1.384363588592181138e+01
1.125490320260216848e+01 2.283234315784935120e+01
6.384100320583928401e+00 9.634805283725249581e+00
8.569162626212460054e+00 5.329473860768092486e+00
-2.890611903895399237e+00 -1.782518278586096905e+00
-4.091024342327004071e+00 9.927523794752170616e+00
-5.890968264843206015e+00 -2.074681237511496246e+00
-8.023117873586123494e+00 1.338390274768234889e+01
-2.063676859151971144e+01 -2.418101730668951177e+01
2.446481329038728703e+01 9.752805088693412117e+00
2.674900739577131858e+01 3.866450241727136472e+00
-1.019158599207419336e+01 2.129824004994028996e+01
5.881153646544234448e+00 3.995904189789445837e+00
2.303869175102298161e+00 2.042754026224639929e+01
