-1.505984432747719559e+01 -6.167644410945555933e+01
5.634208243314263065e+00 8.251381161620063853e-01
7.202076446004674892e+00 2.903281905141239960e+01
-3.544801785146719908e+01 -1.756706223144974288e+01
1.271670325461540862e+01 3.216185822979230835e+01
-1.615334622096986195e+01 -9.009227424090726188e+00
1.516540107362976819e+01 2.605666451020824326e+01
-1.696524205516901063e+01 -6.554779093919297850e+01
5.669932805367709250e+01 2.211911326884340667e+01
-9.263276082841157333e+00 -1.061081914147055016e+01
4.281967322062702586e+00 -1.968562040339224950e+01
-2.001821141643766921e+01 4.387712464381605315e+01
-3.867624787497445027e+01 -1.238723691258477722e+01
1.280285271363181288e+01 -1.047800082559982826e+01
-1.152436411028630303e+01 -5.259172354817911810e+01
-1.299725855685490394e+01 -5.201844660236385920e+01
2.598627043334553832e+01 3.023289724144455093e+01
-2.747332177198089909e+01 8.007281048991368166e+00
-1.634909324997806479e+01 -1.168277104906998787e+01
-2.349413992289715924e+00 -6.452800544661559456e+01
4.143047340977331316e+01 2.028353269348840371e+01
5.374847893217254757e+00 -6.679027249372354902e+01
5.407070368745838351e+01 1.720218191097658789e+01
-4.822340782455398767e+01 4.576042179689478218e+01
4.294087244459851860e+01 2.904107587348541486e+01
6.342039814016659172e+00 -7.436928273065787209e+01
2.228402481157320381e+01 1.602713780582555714e+01
1.943550164160835081e+01 2.608340644737937808e+01
-2.821149120953139899e+01 1.970021713159711529e+00
-1.066511177381334896e+01 -5.530339698681033411e+01
4.484796630587213428e+01 2.112461217905780586e+01
-1.107107121272252215e+01 -5.451156686141529661e+01
1.963782370502049091e+01 -2.227010110263167775e+01
-3.300885798145812089e+01 8.266769169898960712e+00
4.807141485900640276e+00 -6.415406650868010274e+01
4.897612488444506340e+01 2.625975876519046182e+01
7.717013206195999508e+00 3.285687010020942722e+01
4.701969626200382635e+01 1.512953316111386748e+01
-2.623848823638508776e+01 -2.302867827288709535e+01
7.150152796543014944e+00 -7.401997077950093740e+01
3.607277300074037463e+00 1.001200788511335382e+01
-3.971361467706798010e+01 -1.568874569750045112e+01
5.077491710466861718e+01 1.166582407134101373e+01
-5.610412355287007102e+00 -6.902151582419671172e+01
-1.437760032594039927e+01 6.119681025796767670e+01
5.796575394602796472e+00 -1.585561411426440870e+01
-1.768049032408290699e+01 -6.440054299235966084e+01
2.843268008789113921e+01 -9.243789678872795790e+00
3.042304850344667599e+01 2.773788521246903827e+01
-2.289733041222900667e+01 3.356310656514389734e+01
-2.463357542788265775e+01 -2.295349946573522004e+01
-3.077930201856086967e+01 5.573279586974424049e+00
6.985162717488000439e+00 3.377099853401859253e+00
-3.339892385810288289e+01 -3.262844213173562657e+00
-1.066504432872774544e+01 4.302610807151211958e+01
2.644277792787863390e+01 2.506946011233396732e+01
3.884157059386502020e+00 -1.991510124846395868e+01
-4.106728574765768691e+00 6.092529092638709187e+01
-8.252827938759304871e+00 -5.493786198162870704e+01
2.940235418475228002e+01 3.221098337209156171e+01
4.677341479620705655e+01 2.392076580656578599e+01
-2.736236935404903292e+01 -5.662462590297703002e+01
-3.683754060045129819e+01 -1.684003191507539299e+01
2.580893328561415245e+01 2.309063615478133968e+01
-3.837865664008324273e+01 -1.835959594223382396e+01
6.365055605363238556e+00 -1.483709279486960675e+01
6.698446066154557066e+00 3.857906595735670408e+00
-5.505743227040476917e+00 -5.400804189662201793e+01
-3.420146818695016577e+01 4.564751619644994918e+01
6.337784618054222996e+00 2.406060742047836598e+00
9.221238085527534878e+00 3.076159571677927573e+01
5.692457684673917129e+01 2.306662187701657274e+01
-3.779129530053009489e+01 -1.843385154308479557e+01
-1.150954316582461084e-01 -5.276258884241382674e+01
2.659698215773729757e+01 -2.311289547014185786e+01
-2.056230651361719097e+01 5.156813454186325885e+01
1.748985332872444687e+01 -2.681819773877236912e+00
-4.479099925924136727e+01 4.605210648919191385e+01
-3.775351945248474284e+00 -2.184737683173907641e+01
3.541491614376143104e+01 2.300433556635891819e+01
-4.996247980330640992e+00 -4.837062369374955040e+01
2.722633884576877250e+01 -3.027097719597968961e+01
-2.292122865417800526e+00 -5.626650097928401806e+01
-2.293965818900043629e+01 -2.062548601279816651e+01
-2.544256621931880247e+01 5.074665035927658607e+01
5.616794984120014433e+00 -7.455642237137232087e+01
6.002135657502232213e+00 2.843136482677746102e+01
1.210073429505931131e+01 1.054593754496442770e+01
3.078919924123788476e+01 -3.075922068088168260e+01
-1.946978034072555985e+01 -9.882092618540754714e+00
-2.330087353510754511e+01 -2.285615804337588486e+01
-1.919015647298910920e+01 5.445938482030524597e+01
1.093577610959138369e+01 -7.458441137628157946e+01
1.088948643244747494e+01 5.960643418921677039e+00
3.842952626396785831e+01 2.356457689871801975e+01
3.019835405678439955e+01 2.551486204217408726e+01
-2.851121246407345211e+01 5.774489032152857249e+01
-2.026037636505321160e+01 5.370474721463701684e+01
3.006357887667587292e+01 3.125099016500215043e+01
-3.320801148468424202e+01 -1.699151778528489487e+01
-1.922572949607691584e+01 5.283396731484218378e+01
-1.910068569819801709e+01 -2.333977596169553692e+01
-4.761016446348317999e+01 4.354340367786948462e+01
3.767870208807925447e+00 -5.880659777224906293e+01
-3.183189264584047606e+01 3.079999293365480728e+00
-1.017922694208619561e+01 -6.109911360113306245e+01
2.510719423050148791e+01 -3.263819012672195186e+01
4.271771192941848483e+01 2.450930140576832983e+01
-3.274859227555765528e+01 5.142164356270460246e+01
5.151674767070325345e+01 1.891987009267619868e+01
2.875417755961534283e+01 -3.056003538968766264e+01
-3.989370490704323480e+00 -5.194084952534339550e+01
2.929394989646512570e+01 -3.285630638995299790e+01
-1.959520554826296745e+01 -2.393048122283300216e+01
-2.091024911971250688e+01 5.519571409488640512e+01
-1.724120789268181042e+01 -1.097522721336642171e+01
2.709725918379277232e+01 -3.147001136691934420e+01
5.145900825361063369e+01 1.979633327496635786e+01
2.976106450372052237e+01 -3.058559249715653294e+01
5.245786088176135564e+01 2.015383473494962630e+01
-2.056125947818477684e+01 3.809686705700389808e+01
9.384028465538268193e+00 3.210669215065450288e+01
-7.538261488295390222e+00 -6.316807139613285216e+01
-2.271948351500685703e+01 5.303424396471359614e+01
-2.593245594026677736e+01 4.245906711354415108e+01
2.843890150702672415e+01 -3.225963507853332146e+01
2.756274636324821969e+01 -1.173940167795402800e+01
-1.514818276029020794e+01 5.551910224141680317e+01
2.786232860086568763e+01 -3.419865882708216276e+01
1.686208830430813421e+01 2.646582566122436830e+01
2.751727204688688744e+01 -3.292439592917978786e+01
-3.224676073955878763e+01 -1.174794161044541818e+00
5.680998922763463099e+01 1.494498537666516214e+01
1.695694112194798819e+01 3.177657101080925983e+01
7.313476116964504392e+00 2.754777066590867918e+01
2.773164409879485603e+01 3.270920095835229802e+01
3.150564762764873805e+01 -8.685390377593776634e+00
-1.793650999440664862e+01 4.235714823862949174e+01
-1.713221803343584781e+01 5.480547096601579682e+01
4.049614649718416359e+01 1.009690046693736676e+01
2.201792591586208303e+01 -1.863028242794016265e+01
-2.115940409489340723e+01 -2.225597480983189058e+01
-4.104013843161573583e+00 -7.098989651238788667e+01
-3.339420340855431846e+01 4.184649065843867533e+01
-2.464373163317094395e+01 4.705134330531809894e+01
5.793338872014727770e+01 1.629077044987000988e+01
5.684150886325478069e+01 1.597034880927584055e+01
-2.302575001826090428e+01 -3.051164020357299833e+01
-1.610735105303604442e+01 -7.380437585965565006e+01
4.872624665514999975e+01 2.522724090089071680e+01
-2.696374706360407103e+01 5.547143337093985593e+01
-7.375184613786776033e+00 -6.892896287497769947e+01
3.987721584605738911e+01 3.007594716973430593e+01
1.510001353436013005e+01 2.203742512269498732e+01
2.373280478843759056e+01 1.483622183077736523e+01
1.356573660682036442e+00 8.232384106022086812e+00
2.329209464620444692e+01 -3.845791590255145564e+01
1.750994593027207813e+01 3.097906988400221451e+01
-3.321614223052184656e+01 3.210255147109434937e+00
2.142974621641940303e+01 -3.791688489000000573e+01
-2.445865849529493374e+01 -1.522795022743563464e+01
4.082364063164509105e+01 2.545096697682897613e+01
2.330029679356172068e+01 -3.552169144864831196e+01
-8.124592044773482513e+00 6.559648794312438724e+01
6.558490316001125109e+01 1.418710618484607622e+01
6.447717581021647959e+01 1.446548217631002053e+01
4.166503896685078701e+01 2.519006653291070208e+01
-1.873290825297117479e+01 4.493443500537680713e+00
-1.055804940112454204e+01 5.971446453476311689e+01
-8.601716804469115019e+00 -5.169836392028871330e+01
-9.696645417925289223e+00 -7.141485964359303829e+00
1.836957767338869374e+01 -2.334190340593950452e+01
-3.221698427895151440e+01 -2.097154744345696287e+01
2.461463283787542977e+01 -3.943689383708705520e+01
5.823352686208516360e+01 2.053284706787357550e+01
2.349260266085230242e+01 -4.007771012414986700e+01
1.879983867797780661e+01 2.175833598004942360e+01
5.151651519826371484e+00 1.207396805530586192e+01
2.399735982161271153e+01 -4.062095122649974144e+01
-2.749603980330723019e+01 5.040641303217974922e+01
1.923848267793760414e+01 -1.784823122298612930e+01
-8.071048609850446809e+00 6.202981891086342614e+01
-1.737335439756587618e+01 1.879844477536149583e+00
-2.167147823378159899e+01 3.541708743309177976e+01
-2.620498449800226837e+01 -1.901171689046565660e+01
-4.406991970990268848e-01 -4.989104295625901386e+01
2.475605827334097242e+01 -1.628929766960439451e+01
-1.124272196776588473e+01 6.685515390679293546e+01
2.157934645206006152e+01 -4.280495190990401966e+01
6.122772691425474534e+01 1.681431750281381809e+01
6.915734977246517090e+00 -6.579261172165406890e+01
-2.349999731569005235e+01 -5.782624660504298930e+01
3.104484270732299933e+01 3.256344557721337907e+01
5.514719573634702954e+01 2.270473038547273958e+01
-3.539779296738121417e+01 4.306157424041981585e+01
2.166604407987985326e+01 -3.844534676101506676e+01
-3.763011624421980628e+01 -1.993504559274188992e+01
-1.933911144489597334e+01 -5.706408327832187410e+01
1.327495103957465616e+01 2.967537919490231246e+01
-1.617170619203608695e+01 -6.182444779213317076e+01
2.412575770853492330e+01 -3.023942948014142829e+01
-2.581980164620165041e+01 -1.700708183345003022e+01
-7.026110859216945670e+00 6.580978083594219186e+01
3.806272530098502216e+01 2.722347044463402455e+01
1.427795869622365288e+01 1.119927504947590258e+01
-1.005522917339874134e+01 6.485590107243261571e+01
-1.035362984396425645e+01 -5.143792330127119072e+01
2.171843171939605455e+01 -4.079731973617269603e+01
-3.278017715215076322e+01 -2.209433639334129040e+01
-9.405882092564443298e+00 6.658625506151916795e+01
1.050695133371465850e+01 5.501495866625853104e+00
-2.386231003536747863e+01 -5.637889245349078493e+01
8.795385623997024283e+00 -6.541427438897839863e+01
5.338425302151585328e+01 2.261902926951875514e+01
2.403863968311534194e+01 1.466931400909118999e+01
-2.100365362931835733e+01 -1.420534789404686649e+01
-2.134394448142122513e+01 6.855421871019591151e+01
2.034072407681751571e+01 3.300076437162866227e+01
-3.041470049773319317e+01 3.769214911550049152e+01
2.080705407820978081e+01 -1.764792492130249713e+01
-1.771006576181424208e+01 -6.039771031236430332e+01
1.456207790162061810e+00 1.051503994547718507e-01
-2.217639088112842316e+01 -2.217572662905306302e+01
1.979512413521688075e+01 -6.300362260073883114e+00
-2.042212624282468170e+01 6.845076340568077455e+01
4.928078603903442456e+01 1.552838572548525597e+01
3.850710452397685835e+00 -5.717692172672146000e+01
-4.282896090385272458e+01 3.855572333271670260e+01
1.932790881877645361e+01 2.882001621546179138e+01
-1.960522988253011079e+01 -5.374954445801037650e+01
2.351396191488493059e+01 -3.292329586328258273e+01
-1.961483190128109300e+01 6.866225520814964511e+01
-2.184825019499881904e+01 -2.424514335128283449e+01
-1.423551620221650182e+01 7.039688250293868066e+01
-1.937712593063132260e+01 -6.412481176291316842e+01
1.103025730676269411e+01 2.607514342248208195e+01
-3.217317085973580504e+01 -3.402803124169179849e+00
4.888109621226510626e+01 1.229083606240198279e+01
2.464940343442845005e+01 -2.772872683461033816e+01
5.677524422259028825e+01 1.350819014691353459e+01
-1.961655982444906599e+01 -6.358278557793277486e+01
5.690489537995134128e+01 1.234785851791309774e+01
-1.706763663423366850e+01 -1.833618202367391348e+01
-4.076172209630481547e+00 -7.504096267639624784e+01
-4.362948394326147650e+01 4.236956704639896998e+01
-2.625982797528548573e+01 1.034782199530871516e+01
4.973096192962535156e+01 1.349453222875036040e+01
-2.149278394160860728e+01 -2.512028761821033385e+01
-2.603838955219313789e+01 -5.776659710958180938e+01
-4.874913245996137334e+01 4.754164260169113021e+01
2.592593049917443793e+01 -6.098759589224285627e+00
4.862824400741723707e+01 1.353855643116438223e+01
-1.950606417610486787e+01 5.107725564539867946e+01
2.724674061625930932e+01 3.006179303733194885e+01
-2.539840944680779700e+01 -2.321938996446214265e+00
-3.554929571821242007e+01 4.043228032836330499e+01
-2.043879843561231624e+01 6.566221355142681659e+01
-4.570597237043846661e+01 4.030422939098929902e+01
-2.812364978093585544e-01 8.418833740963053813e+00
-2.024080862266164615e+01 6.753627027823554840e+01
-1.875655868245243951e+01 9.917873422097117642e-01
-1.768815887505189366e+01 -5.842836201492815462e+01
-1.361244277498549238e+01 -6.051941429054905797e+01
-2.273044849277614787e+01 -2.493557974304450298e+01
-2.160181919938039385e+01 -5.768454233340552406e+01
5.560193881262213011e+01 1.623128848961600923e+01
7.549261219096425002e+00 -6.570799445550755991e+01
-2.865060196702194872e+01 -6.860014619810814729e+00
-3.609050394190269628e+01 -3.373062087468992942e+00
-3.317002179537167450e+01 5.018711087242157021e+01
-1.870104098837161644e+01 4.029674565431220934e+00
-4.614066560559466268e+01 4.716615223824740610e+01
-2.652316025100959251e+01 -5.886174177476018343e+01
-2.300932574596425795e+01 -8.701047608259949939e+00
-1.363150467266498644e+01 4.266112183969257643e+01
-1.598586274210319047e+01 6.535453726847276812e+01
-1.446298786658129565e+01 6.877228660150926487e+01
6.006483450931411738e+01 1.733792880582315021e+01
2.607199339623052836e+01 -4.026170755038118898e+01
-3.506601399749019521e+01 4.596373941003948715e+01
5.564632019337241786e+01 1.346493809478189085e+01
-4.041079438520546319e+01 4.300521112840289817e+01
-1.906042338198879094e+01 -5.934790943391035256e+01
-1.062685581437216875e+01 6.640706294268186127e+01
-2.135411906537603244e+01 -5.361268679621125699e+01
-4.335744425343556863e+00 -2.274756660699740607e+01
6.182881539265304838e+01 1.585066031029948697e+01
-3.973241609962743226e+00 -5.084209975967668527e+01
5.534047382088465383e+01 1.134270386900585414e+01
-2.322331440303925376e+01 -5.971754671320955055e+01
1.125571327804872546e+01 1.098205966684155932e+01
-1.395015777484098329e+01 6.889858730110358920e+01
-2.243296419536145336e+01 -1.417804184450128169e+01
9.076659488416854771e+00 3.382766076947949330e+01
-2.058970241093278020e+01 -5.461213567429335569e+01
-1.323751808642021643e+01 6.545541529574744288e+01
-2.865956617100823678e+01 4.935291047011165233e+01
-1.988851535672887749e+01 7.018003500464186573e+01
1.655663546782394846e+01 3.357924651036972108e+01
-2.351727477764691798e+01 4.418760131313410966e+01
-4.017160270823094237e+01 1.150565435494600663e+00
-2.841860841231530799e+01 5.551162754862701121e+01
3.477771571998822253e+01 2.670211279882545696e+01
-2.504367338935316312e+01 -6.159997420482626040e+01
5.993863739602619489e+01 2.081817211969612558e+01
-2.451275626887818504e+01 -6.133581294037746545e+01
4.175375982051394708e+00 -1.581067755782260109e+00
5.208546461523451399e+01 2.821913879328529973e+01
2.881816952073615212e+01 -3.612920435909767036e+01
3.350444749610896622e+01 3.118145574416433519e+01
-2.030366981857766362e+01 -6.747361824259382956e+01
-3.295174491080331336e+01 3.227928003120781852e+01
5.733005803168087056e+01 1.820388918011839152e+01
2.966140681283939884e+01 -3.726565437288344640e+01
-2.648497132266644982e+01 -2.956423432988764688e+01
4.215756142930509753e+01 2.619033946873732077e+01
-2.497946085559796003e+01 -1.200903711702426380e+00
-9.873286134038780304e+00 6.181644947329289863e+01
-8.914804413293319074e-01 -5.049021775181174831e+01
-3.006758693632864965e+00 -7.264006755131491389e+01
3.975980062175421637e+01 2.080364196658703335e+01
4.566156529601322234e+01 2.621910947739226927e+01
2.292990776512188233e+01 2.675681647066067370e+01
5.918800214913328972e+01 1.992525617146884187e+01
5.050073963292571477e+01 2.649514113281544780e+01
2.946405538114726852e+01 -1.831255029236868737e+01
-1.214191557771987107e+01 -2.043542507127271435e+01
-2.249456257850552987e+01 4.092977068534089113e+01
-7.013533147897126341e+00 6.310271124539603704e+01
-2.611160792907178951e+00 -7.562303903367323699e+01
-1.963274543562732077e+01 -6.150688840679497105e+01
-2.247903250410616138e+01 3.846341531368354794e+01
5.981399489130866698e+01 1.509238663064147090e+01
-2.678012105293532841e+01 -3.004340786408023689e+01
1.090952501710899636e+00 -5.245969336672511218e+01
-2.833725058735060998e+01 -2.930047701188359111e-01
6.160521769986422669e+01 1.885181439929370129e+01
2.935089931485441639e+01 2.576490167687315136e+01
1.401477098888937256e+01 -2.079242580558295117e+01
-2.434324274093512486e+01 -5.233272264150817676e+01
2.336616824555244065e+01 -3.442911502392709266e+00
-2.663251441313563816e+01 6.688812464053146556e-01
-2.002617801672484532e+01 -1.610953453915021427e+01
3.529039912338276963e+01 3.290265034235321195e+01
2.401933065532902134e+01 3.647916460785990012e+01
-2.423461865663724168e+01 2.445284742276992440e-01
1.404468375719750250e+00 -5.489062436158044278e+01
6.296826958735850610e+01 1.727381661386114686e+01
-4.884127639148493216e+01 4.243623844240262599e+01
-2.702029350106221273e+01 3.745176722478447573e+01
3.076177914729580465e+01 -3.836417345076007734e+01
-5.203829102499045511e+00 -4.899716546384254912e+01
-9.191789996987184352e+00 6.294883611020293301e+01
-3.812402047740733479e+01 4.493610568111115100e+01
3.428707569957543200e+01 2.866819752851566250e+01
2.994039791726973831e+01 -2.709623038664260974e+01
-3.625175848098142239e+01 5.466446490414819692e+01
-1.371740477924396728e+01 -6.694797494561439244e+00
-1.596999345483687982e+01 -5.551683729776289766e+01
-1.098260349828430726e+01 4.958566294456795731e+01
4.588195214282101375e+01 1.462737404013433817e+01
-9.668679038800343406e+00 -2.693966840255076889e+01
1.135055777931876442e+01 2.873212655805777160e+01
3.782786325104374470e+01 2.161980988927831859e+01
-2.943958907500582711e+01 3.834878913085835705e+01
-5.381542763544854502e+00 -2.406238681434369653e+01
-2.372872685959302075e+01 5.781894648052006858e+01
-1.562942687239915074e+01 -5.698199100812737328e+01
4.521767209842492008e+01 1.793063145530037872e+01
1.243769274415725157e+00 3.974811116943903766e+00
-1.943550473473614204e+01 6.536359866301125976e+01
-3.324742444275322839e+01 3.171462962453639278e+01
-3.287428580771336328e+01 -5.723759133883870476e+00
-3.108876710075438865e+01 3.250331023710271694e+01
-9.158970362574665458e+00 -2.578275749322949295e+01
-1.052237587370471239e+01 -9.858503247360278721e+00
1.919713685121803337e+01 3.165376571158605756e+01
-7.224242214749634350e+00 -2.671409894122663076e+01
2.312183880879934605e+01 3.291540917185096760e+01
3.471087145121556716e+01 1.522987935098488066e+01
-1.498061171592533292e+01 4.934034262330341392e+01
3.136605324336291645e+01 -1.040666669490054730e+01
-3.400843182292528866e+01 5.819741364642769810e+01
2.219457937867663322e+00 4.525370222835969791e+00
2.233415092851080175e+01 2.972333472907186902e+01
-2.716510287142436653e+01 6.048791751445951803e+01
-3.697775129593224364e+01 5.011417949477327483e+01
-2.627499300898259804e+01 6.048556625613843352e+01
5.534608937389704941e+00 -1.603366344798508436e+01
2.185360627526528177e+01 -1.670679382433529625e+01
-1.085196586673128394e+01 -4.971716910031789638e+01
-2.631273431065864443e+01 6.338126775245221722e+01
-2.640502171537157494e+01 6.270394859923331410e+01
-2.517670977444019798e+01 6.199518509216443363e+01
4.106679352936927074e+01 1.276300621558984894e+01
3.877303179898373742e+01 1.366066374944328565e+01
-3.374892553553159047e+01 4.647820170174603582e+00
-1.187586921427195286e+01 -2.771259349270507855e+01
1.396091888023709870e+00 3.584692909857926102e-01
1.403299508986648547e+01 -1.181456966183287349e+01
-1.376210754781322620e+01 -5.340899064209223468e+01
-3.802211655425601577e+01 4.534457108820927829e+01
8.420261498683947465e-01 -6.878147534493636783e+01
-1.939425944260723256e+01 -1.312517361490661649e+01
-8.240396268419399206e+00 -2.521555172017814073e+01
-7.252896064858235015e+00 -2.512117023350752376e+01
4.409512738903286788e+01 2.162904470431767123e+01
2.429035427914721268e+01 -3.607569967268315025e+00
4.335071860430333857e+01 1.382851186035617275e+01
-3.113769895206342753e+01 7.216889287265269459e+00
3.958771235894892015e+01 7.523639912635970539e+00
-1.538039246645305624e+01 -5.273483146657334686e+01
-1.037736205823511426e+01 -2.683105152842314212e+01
-1.679668170689792106e+01 -5.434360031467779351e+01
1.068459435421974746e+00 3.045182527443163867e+00
-1.250991098568063364e+01 -7.514305623740314388e+01
-1.139755311456371878e+01 -6.608418286049221990e+01
-2.581000800134060302e+00 -6.610404640316677671e+01
4.233415275010561629e+01 1.386842852730702091e+01
-1.210383722807242890e+01 -6.459304661983695439e+01
-3.996807598549953155e+00 -6.356378532809515747e+01
-2.404614848819591089e+01 5.890470643292810138e+01
3.737262019994611961e+01 1.429596609605864721e+01
-1.473502003544955485e+01 -5.073248893698757200e+01
-2.739442911252008983e+01 3.057499969310387922e+00
-2.404250405762233100e+01 5.713451375639785823e+01
-4.635120626991745496e+01 4.085180044613620964e+01
1.920059796474325964e+01 -1.332468470383193626e+01
-2.414103302504848891e-01 -6.629027671084692486e+01
-1.518512681594345182e+01 -5.047546046652253438e+01
1.443331563088731961e+01 1.125071433201872395e+01
2.047465769011520109e+01 2.995987905221940650e+01
2.974892152226411923e+01 -1.327610057115053976e+01
2.374928043195766492e+01 -3.497307696307984060e+01
-3.480735429650117396e+01 4.910197256481006178e+01
-2.766804427551370793e+01 -7.330759267824596748e+00
-3.129920548611958342e+00 6.175712046228742480e+01
-3.046174856483256477e+01 2.073777799150122281e+00
-3.841879771522133780e+01 -9.127255773876154166e+00
-1.935517630020989088e+01 -4.273742209536610104e-01
-4.766462533909245991e+01 4.468836857244377114e+01
2.442997533138999344e+01 -1.666993375008246048e+01
-2.937771138309252805e+01 3.973974773607682920e+01
1.753733962115608946e+01 -3.542812294930589445e+01
-4.968737890653027733e+01 4.609124454974794816e+01
7.174026890390040379e+00 3.060358060276902137e+01
8.751384656155792863e-01 -4.974320734461042548e+01
-4.619559218976775128e+01 4.250990854287371690e+01
5.029630435397864829e+01 2.781066579994772070e+01
-2.752805157525711977e+01 -2.553367719025992955e+01
-2.684318235105974182e+01 -3.585768066175584856e+00
-1.828145048834912956e+01 -6.263402837982582838e+01
5.849238683841709019e+01 1.052083275021323772e+01
-3.487386932476835710e+01 7.880844990349957779e-01
6.618417548571655118e+01 1.891890497574730290e+01
2.401464462531572863e+01 -2.561565197936505811e+01
-1.013389156412671888e+01 -7.323640299035846901e+00
2.355210106664033631e+01 2.424021506868070119e+01
-1.173699335795236109e+01 -6.348311614999999364e+01
-2.313368827618111823e+01 3.626647440173984904e+01
-3.499842732408106372e+01 4.153771389270173131e+01
1.884606998475610240e+01 -8.076166149166082775e+00
-2.110523944495652948e+00 6.055688109749618775e+01
-1.676776466508192698e+01 -5.777209679096815620e+01
5.163904072732604789e+01 2.686862778975037713e+01
-1.701144042533777068e+01 -2.380541480920554065e+01
-6.211454150830114429e+00 1.662436119056351203e+01
-2.686205625911355455e+01 -2.522671265316525080e+01
6.505682184774818211e+01 1.279082352087552366e+01
1.824799868642928402e+01 -3.574110395194301759e+01
-2.294935238144248046e+00 6.107447466691399285e+01
1.977572674180204260e+01 -3.667619420557488041e+01
3.676111032909078702e+00 -2.078877992113617523e+01
-2.532624303916773556e+01 -2.641162876083300759e+01
1.292232671530516086e+01 2.785032343412230915e+01
-1.498011592807564440e+01 -1.948520103605162390e+01
1.939283578974333722e+01 -3.418522655996160609e+01
1.939894206726352976e+01 -3.523381645168059606e+01
-3.423797506167876037e+01 -1.095878853522018481e+01
-3.049054305455905833e+01 3.265401097176764011e+01
-2.315792920242653707e+01 -6.436840917974529930e+01
-6.234054883757437437e+00 1.664888712064608711e+01
5.367559207613477668e+01 1.932504510571126133e+01
2.826489931575317627e+01 -2.861881954488118396e+01
-2.769829667445288734e+01 5.196918267755403775e+00
-1.351534765723617504e+01 -7.246514113506646204e+00
-2.566218727561713564e+01 -2.025707771675365265e+01
-2.201705623284413438e+00 -4.666998169802007368e+01
-2.397078098218471354e+01 -2.136110877294660426e+01
-2.240126792111303278e+00 -6.116607744704345606e+01
3.206928275369907766e+01 3.118452025626143964e+01
2.682848763159424621e+01 -6.261378506179214654e+00
-1.592421535097713203e+01 -1.491428196158826580e+01
-2.627957024038264677e+01 4.743558658953170948e+01
2.697422224850799566e+01 -2.850540164877751081e+01
-1.641333486272147368e+01 -7.212736565671272615e+01
-1.169028874793720973e+00 -6.315551715624412310e+01
4.823968089807916471e+01 2.746557826220037057e+01
3.022552863722070526e+01 -1.013694272585704859e+01
-3.379490162092572803e+01 4.792669885267709873e+01
-2.673613177335905178e+01 4.778708768462871603e+01
-2.091074482137050339e+01 -4.157650118876587975e+00
2.045861308939371170e+01 2.814277531515449482e+01
-2.749064235907271225e+01 5.867652299368689484e+00
1.960635105056541816e-01 -6.797976368785960233e+01
-4.177634641153471051e+01 4.294020282769174202e+01
4.100748410791472764e+01 2.721975621182914296e+01
2.964950191551569247e+01 -1.129150682496527125e+01
-1.557129797149178607e+01 -1.557616790162451004e+01
1.665422728259953900e+01 3.010607438370337618e+01
1.733427312981069335e+01 -3.437447912279189666e+00
1.556952431612496213e+01 -7.350309080124084460e+01
-2.198490832488955604e+01 4.733297283186027471e+01
-7.476628058020490464e+00 -6.855178955230984172e+01
-2.119943499146034327e+01 4.796123544380363768e+01
-1.790414011668305250e+01 -1.143472108304148360e+00
-4.336474324438889028e+01 4.046360895088147203e+01
4.775024528632592968e+00 3.024458632251858958e+01
-1.096774062448624498e+01 -7.054783111460655221e+01
2.548918170458540189e+01 -2.517299082418095324e+01
4.623218905095092168e+01 2.844722971804836220e+01
4.708597700485914572e+01 2.828342875854162486e+01
-8.800956050071970793e-01 -5.868366076474350024e+01
-3.359285491294625814e+01 5.570711699540150619e+01
-3.160707038496614274e+01 4.198353181004360124e+01
-2.423254158810460268e+01 5.234141248812415625e+01
8.514955415835352426e+00 2.947009913292730587e+01
3.884213451662024852e+01 3.040918139337377113e+01
-3.130352575812302263e+01 -4.140849654591970186e+00
3.709188173140963585e+01 2.720757875264370895e+01
1.902947016317250473e+01 3.297478881439987219e+01
2.506364166233007396e+01 3.555297533230515228e+01
-2.116522562690242282e+01 4.572659953335398342e+01
1.006673100218858430e+01 2.849549502670909717e+01
2.906780686597002017e+01 -6.858553492719143385e+00
-1.080569652130764524e+01 -5.795265266858981335e+01
1.552661408351605488e+01 3.068920008363241436e+01
3.939199069298611988e+01 2.694980242077060950e+01
-1.272734863759158408e+01 -5.502042201746080607e+00
-2.603384312897639496e+00 -6.859962475991915198e+01
2.734220409394006168e+01 -4.060790671397865026e+01
2.736027411836530021e+01 -7.648251719189060438e+00
3.553854153601900379e+01 2.589016721506396834e+01
1.817719512299115436e+01 -9.364648014396777853e+00
-1.538079271034168904e+01 -1.119694756286848047e+01
1.880176081939303501e+01 -4.456504868619880710e+00
1.951569974444669597e+01 -4.937708710534959522e+00
-3.347234969501172230e+01 -5.882746419768841939e+00
-1.565638123422925077e+01 5.419475084922297015e+01
-3.766999568585132607e+01 4.895087619844717608e+01
-1.474622427311144435e+01 5.269215535057983857e+01
1.959830207203598107e+01 -2.306729386021004657e+01
-1.463543571011600086e+01 5.426617768170618206e+01
-2.849596371446070364e+00 -7.372530686416915557e+01
-2.087182803361150807e+00 -7.281922018656223372e+01
-2.840368692760692682e+01 -1.137809233570046707e+01
1.052479553346565488e+01 3.444744245862018062e+01
4.005052758993367945e+01 2.387233404767485823e+01
-2.196962036466383950e+01 -2.090563753944986658e+01
-2.324722562442373519e+00 -5.442458246551696277e+01
2.397310859819317200e-02 -7.365223090466936640e+01
-2.007625415899910237e+01 -2.083001804353812858e+01
1.739245186512300378e+01 -1.872054126072276503e+01
-2.003723992252758990e+01 -2.011246962552703721e+01
-3.153667023270056902e+01 -5.086608931998233274e+00
3.835777405190385458e+00 -2.581049126344383549e+00
-1.299776360178420553e+01 5.505960984304174133e+01
-1.512721869974262745e+01 -7.264371518369281944e+01
1.747644874128226178e+01 2.594288970482143242e+01
1.657064585687120584e+01 -1.018888796958910170e+01
-9.467852747626846366e+00 -7.016642986653587855e+01
-2.204715729693527138e+01 -1.881569421456783786e+01
-7.381810658407892412e+00 -6.113841822071338328e+01
1.000884200174087546e+01 2.976765319839931223e+01
3.426889508855020949e+01 1.584768999691039149e+01
-4.252659641738140550e+01 3.892880476888658592e+01
-2.851578614183118532e+01 3.783293056400213317e+01
-3.860503868288014218e+01 -1.280592691738949718e+01
-3.557397134954147333e+01 5.495437603297660445e+01
4.123587642445528445e+00 1.047332230548682652e+01
4.061237036297820424e+01 1.426852110622669834e+01
6.035839901049430978e+01 1.273673687302111190e+01
3.713553714654186155e+00 7.129214595951332889e+00
-2.868218052441209664e+01 6.091439231616164562e+01
-1.471145883526195242e+00 -6.739440000126651853e+01
-3.321552839727986139e+01 -1.308405635252778687e+01
8.951131665666116177e+00 -7.436600631478239620e+01
-7.019201465274696794e+00 -5.597008914935172186e+01
3.470216885588955336e+01 3.039723717443208528e+01
2.963336976217113161e+01 -5.284372091686575956e+00
3.370596309575816019e+00 8.354309603898554926e+00
-2.533631438460017904e+01 5.442669306560858900e+01
1.553750575225935115e+01 -7.351038879495490619e+01
3.041329584888285709e+01 -1.125827773206519744e+01
2.768043109204416652e+01 -2.288444501269303544e+01
-9.239812059819778156e+00 -6.055970106826766397e+01
1.999777143192142859e+01 -4.432023859645457087e+00
-7.736977734742415791e+00 -5.711001378907841541e+01
-1.372555691313815274e+01 -1.232621212725639204e+01
4.403885167199403838e+01 1.697408548217866198e+01
1.129374436089650757e+01 -7.465496880954047754e+01
3.520244092400527336e+01 1.269714826743789615e+01
-2.085885997885197085e+01 -1.266993260761833007e+01
-3.298620713697030027e+01 4.565448281289154409e+01
3.216250074740327136e+01 -3.234760897643556632e+01
-3.876815616899008177e+01 -1.668070846753620984e+01
4.967091911547965033e+00 -6.353436758255202932e+01
-9.803935656736538107e+00 -5.893325798597137322e+01
-1.631017331879974819e+01 -6.726016453672910700e+01
-3.682962275730857016e+01 4.182663402475384373e+01
-1.345380595292506243e+01 -2.000526472271458189e+01
-1.832281194871281471e+01 -2.529911847676497416e+01
-1.751382546630633996e+01 -1.263680695070970117e+01
2.183601489495509895e+01 -2.425220207525872596e+01
3.218061530800856218e+01 -8.806060216967875220e+00
-2.216948109368497200e+01 -6.378633474728474795e+01
-3.425506708856364213e+01 -1.009134501399029560e+01
-2.395899407420984772e+01 5.457883160625060981e+01
-1.015726910304308106e+01 -2.450411111471492021e+01
1.742705686561652811e+01 -1.909548189108209115e+01
-2.192171482926231363e+01 4.254468949538215838e+01
4.019245707499876374e+01 1.213086158580133755e+01
-1.311477090711209392e+01 4.275278804586271519e+01
-2.972500684221336442e+01 5.829700018999687927e+00
-1.062238795508746847e+01 -6.604499075967763133e+01
1.486233297496207051e+01 2.494430190428413141e+01
-1.279464087097923297e+01 -6.691115235258308758e+01
-2.233652687620584842e+01 -9.826300130185611437e+00
2.393265205417755226e+01 2.632051825640216691e+01
1.004486015070004079e+01 4.680020504203019627e+00
-2.984543846951122958e+01 4.080358123716446528e+01
-3.422515658108203951e+01 3.064380066940849900e+01
-4.364663915661048321e+01 4.575240034851411508e+01
4.274601491005244469e+01 1.629049993673677577e+01
4.406065246457505857e+00 2.925838674167839315e+01
-1.654636860818774124e+01 1.800651664388490003e+00
-1.605993464931163217e+01 4.953194062186811664e+01
-2.255245711797715202e+01 3.914264463595005594e+01
-8.782695246634354191e+00 -6.839502933926570449e+01
-2.876148923240840460e+01 4.761012366519548067e+01
4.059824797768078142e+00 -5.779732191275395792e+01
-1.922594116503653439e+01 6.378089046538505613e+01
-2.283637235940888743e+01 3.504490129173711921e+01
-3.098327975987977112e+01 8.386368551576920183e+00
-1.149389285290426699e+01 -1.008092285803769883e+01
-1.288036750789174789e+01 -6.013653638379721400e+01
-5.985796819196786522e+00 -7.337762324017634796e+01
1.853006623619823046e+01 -1.447994219049046727e+01
-3.188844642267783058e+01 9.524216697952729405e+00
1.608952773725818730e+01 2.345493977493600468e+01
-4.182510724988634188e+00 -7.236631629995034132e+01
-3.759476681530481201e+00 -5.924991588368136064e+01
2.850869865708274276e+01 2.491484970640262375e+01
1.588076744823066200e+01 -1.367848628180368564e+01
2.090086301159594129e+01 -2.135670506174654903e+01
-2.685476925133125548e+01 5.267420743468527888e+01
-3.643137823052333601e+01 1.522532347675610020e-01
-3.153651558353551110e+01 5.224070095259143187e+01
1.554363006688654680e+00 -5.348202112122385898e+01
-1.529372363026652337e+01 -9.450228863032082316e+00
4.119744440108253514e+01 2.354207318525496362e+01
-3.990461959043332030e+01 1.092724017607978881e+00
-2.910369221028452458e+01 7.200834361401230233e+00
4.030395246133871012e+01 8.692294829136205436e+00
2.799257566881904680e+01 3.123630751058555788e+01
-3.509616056148501428e+01 -3.551790447285427366e+00
2.528112570155959204e+01 2.951832001691364837e+01
-2.290794118660684831e+01 5.117279829386704648e+01
3.659197654784107101e+01 2.340693720835187008e+01
-1.483062615862862543e+01 -6.379247330049453524e+01
2.070456764919400428e+01 3.214796655905024636e+01
5.143588140325016411e+01 2.311537374680170132e+01
-1.166651957810133844e+01 6.039002674184569486e+01
-2.022869619226207405e+01 -1.485462688310053014e+00
-2.568185078002144195e+01 -4.536924860226223544e+00
2.474520976068190592e+01 -2.438862056644715004e+00
2.035992136062190028e+01 2.579703860083178668e+01
1.734531912084131733e+01 -1.508292333727479928e+01
-3.400288496902589230e+01 4.420337902295833032e+01
-3.709094289656331700e+00 -6.575432854836772378e+01
-1.071684416457234690e+01 -4.885350033427222627e+01
4.682293401437965130e+00 -6.586322244605747755e+01
2.928546207678743230e+01 3.038175900504291249e+01
-3.913519211570073253e+01 -1.124043333372066122e+01
-1.638881543296128740e+01 4.235445970473460164e+01
-3.294333554058542290e+01 1.709175473708019810e+00
-1.056120653688543065e+01 4.246744154969143636e+01
-1.814857104085229977e+01 4.780230531092880142e+01
-2.317654492407267952e+00 -5.500425278814280006e+01
-2.205383428199531792e+01 4.438081009419821044e+01
-1.794907544976788216e+01 5.215079729138451370e+01
1.833301019936537557e+01 2.766366854212953186e+01
-3.105122449376289495e+01 3.235602331578462110e+00
-1.439849229254106788e+01 -5.951236379136688903e+00
-2.336729037793443808e+01 -1.278792024876428179e+01
4.419009391416675925e+00 7.705156328607573712e+00
-4.766629852378066090e+01 4.747319329778122210e+01
-2.987841706138999243e+01 -4.106884543661932341e+00
-3.399363091349057342e+00 -6.035590454820094664e+01
-6.403993875173485506e+00 -6.088723927797405366e+01
-3.513544462270202473e+01 -9.048413601849578214e+00
-1.624853637808537243e+01 4.693031148550026899e+01
-2.432586084905040469e+00 -4.843008298800712197e+01
1.634354458231844021e+01 -2.044176187617855689e+01
-3.085293546743370285e+01 5.160681213623026053e+01
-2.959445392496237659e+01 5.553538909188945638e+01
-1.657157185055429238e+01 4.367898171566210408e+01
1.160249775499820402e+01 3.387848049090001723e+01
1.625996829827699841e+01 -2.125870540624112692e+01
2.102040820776165830e+01 -3.359325718076851075e+01
8.189886779427002494e+00 3.189687620595676520e+01
1.697500181100969741e+01 2.761304749928257607e+01
5.149203395160744101e-01 -6.695002928786979624e+01
1.778733777339770228e+01 -9.666063997562655885e+00
-1.196621854717140465e+01 -6.995142900926897767e+01
5.440022756094827372e+01 1.608887476610849276e+01
1.854935077110222252e+01 3.454243303625332828e+01
3.183872726154915611e+01 -3.321670437111069418e+01
-3.384637609766232202e+01 -2.074578008017847708e+01
-2.835125706153394987e+01 -1.149301483873723306e+01
-1.363628753626732681e+01 -7.476768380931414981e+01
2.240309563986104635e+01 -1.722983185629814429e+01
6.264444028141806342e+01 1.354322132355205355e+01
3.303617346868523441e+01 2.452112657553578501e+01
-4.192732680344418128e+01 4.650660941079091515e+01
-1.472236749271695722e+01 6.409012800855722958e+01
1.509953897117233268e+01 3.270922246362977859e+01
-1.455598393366305743e+01 -7.326405005836015505e+01
3.627608482695635672e+01 2.254593708304536648e+01
-3.469167655182363319e+01 -2.229282524263498644e+01
2.569058135191086123e+01 -2.240919692464019874e+01
5.488979500400726153e+01 1.505383916352931806e+01
2.526093787904571286e+01 -3.107235911048736199e+01
1.495384432809374253e+01 -9.008080128069371639e+00
-5.900667477119610815e+00 -7.617313389609557817e+01
-1.307093010684260825e+01 6.432380485272369697e+01
-1.156030247199109695e+01 -2.406324328974833549e+01
2.427502985846510697e+01 1.278758632337114420e+01
6.312236258648318454e+01 1.502720370322439436e+01
-2.905749777904017961e+01 5.342787330373089105e+01
2.888094806906292078e+01 -1.014734626262549178e+01
-4.166546306098624797e+01 4.004689524744433271e+01
-3.979535569140315943e+01 4.538955633887893271e+01
5.272121937591893470e+01 1.586725944203426408e+01
-2.119633882597204178e+01 -6.121792015656965447e+01
-1.231213164738331045e+01 6.219616326319126642e+01
-1.130006386901703763e+01 6.306942456139782394e+01
-1.588662917223352677e-01 5.567410850692628976e+00
-1.333474957734431499e+01 6.320250543230979900e+01
1.663423019735414243e+01 -2.400863897549066550e+01
-1.725814290790984984e+01 -1.419500710117479025e+00
2.669954737380153631e+01 -3.514172533087659644e+01
-2.696194599203261433e+01 4.173831006136394706e+01
4.849343854566345868e+01 1.680762794025266160e+01
-2.863432984420367688e+01 -2.061344326398374704e+01
-2.947015754592697689e+01 4.383492433741113103e+01
-1.288817185424908729e+01 6.079382309444230259e+01
-2.740949635538686735e+01 9.067480744204075904e+00
-3.364410534208781911e+01 -1.968036779989351004e+01
2.027507261415629713e+01 4.617302247497658385e+00
-1.513781448761449688e+01 -7.406825621310456143e+01
-3.448894299440306810e+01 -1.861209099874028183e+01
-1.285990714996767892e+01 -7.252587101264303726e+01
-2.903503785727629349e+01 4.426561566980542040e+01
-2.102205556464123504e+01 -6.025115196801505846e+01
5.565252089612140907e+01 1.796118193744522173e+01
5.814161304682323816e+01 1.261578318503931229e+01
