-1.113419294984843759e+02 2.776979206965926892e+02
-1.511160265931698632e+02 4.503747470359566023e+02
1.422878376217294658e+02 -3.524773223977937846e+02
2.983108453741936046e+02 1.319794078455765884e+02
-2.954669065137313169e+02 -3.232497166862331710e+02
-1.500093779201213238e+02 -1.938482729528880668e+02
3.754226808216706104e+02 -2.558047019166857865e+02
-3.587715366306152731e+01 1.402058029933618855e+02
-3.458787473668259054e+02 3.455701038230559448e+02
-1.492913771294778655e+02 -5.015928109333551106e+02
3.559842603838492323e+02 2.849242188677772560e+02
3.059358822579862291e+01 -1.757870472014956249e+02
-5.050432569632419586e+02 -3.138858604018053029e+02
-3.494605087681150053e+02 -1.558344156020590106e+02
-3.700408596230188891e+02 6.242436241910228745e+01
-9.376480366408293321e+01 -3.174232640257437765e+02
1.196602780967135082e+01 3.771545699005280312e+02
2.766899352062862931e+02 -1.434101081332928231e+02
-2.346771998888988264e+02 1.628066921081167493e+02
2.517354908580916799e+02 4.649813157206254459e+02
1.680121518441612594e+01 -5.040117548148846822e+02
1.411902713319256293e+02 2.563323619035558067e+02
4.198024119422409512e+02 3.457550174446561186e+01
5.260914295161809378e+02 2.058584868376494796e+02
-1.731388696318592224e+02 -3.893236514127534775e+01
1.182310229480347772e+02 8.137214831114795288e+01
