2.419808552090291798e+01 -5.623079587115489630e+01
-1.257768381646808464e+01 1.093398492567702895e+01
4.353802909280187805e+01 -1.193484788641387517e+00
-2.641259393830548419e+01 -5.640953896956952462e+01
4.585726637179591592e+01 5.288115174419417919e+00
-2.317316192046699896e+01 -3.460218815829091454e+01
4.200867955138119214e+01 7.118239778203848900e+00
2.596308850228297871e+01 -6.020916136225539361e+01
2.543930414146156593e+01 5.166719597605501235e+01
-1.753868141504899469e+01 -2.632187600332870758e+01
-3.878053127724390148e+00 -2.465620819613665660e+01
-2.696523526805270876e+01 4.195360942572251162e+01
-3.323032500779715548e+01 -5.496692657234459034e+01
5.499391049767266004e-01 -1.780269479009161415e+01
5.373674765577574952e+00 1.960192027478323240e+01
1.985835133322554213e+01 -4.707932460124964535e+01
1.816277325168174883e+01 -4.770203755362353348e+01
3.811794448460887708e+01 1.953363628923278839e+01
-4.369813324297077628e+01 -3.435284253776263341e+01
-1.995004277551068128e+01 -3.466140798490053498e+01
3.538577928564433961e+01 -4.725241833170624517e+01
3.172325361865178550e+01 3.658489780567005312e+01
4.331638721059531605e+01 -4.867879556519294226e+01
-3.873731100634220326e+01 4.083769995758787985e+01
1.988111182720037462e+01 4.675718059045794917e+01
-5.582048647801157415e+01 4.467165945997358989e+01
3.562347106948461573e+01 3.927494337728516882e+01
5.074469580193262175e+01 -5.375267375470518516e+01
2.315248133144428522e+01 -4.536532075770897876e+01
2.288031144808589090e+01 3.979814504821337806e+00
4.886984726316445204e+01 1.559766630489053973e+01
-4.044818174120488408e+01 -3.935989045062670044e+01
2.253437274461795425e+01 -4.813361970474006313e+01
3.269731150843962553e+01 3.917429646924412623e+01
2.693097451601858694e+01 4.196097455583701930e+01
2.193817067951535194e+01 -4.740206542005314816e+01
-6.058025753636496091e+00 -7.622186282031453430e+00
-4.775709927660570031e+01 -3.801618273806086989e+01
4.492082517253176377e+01 -5.198852024885438539e+01
3.251245150005672713e+01 4.552488956426937250e+01
4.716440130876532066e+01 -3.419724771705778266e-01
2.088729972873458962e+01 4.083412707400049868e+01
-1.774261505306736453e+01 -5.199022123196352396e+01
5.055758484268002206e+01 -5.291441860416450282e+01
-5.929977125366821866e+00 2.016572614684106313e+01
-3.065815617282779826e+01 -5.709034137005532727e+01
1.611625439827539452e+01 4.221522956108253055e+01
3.913328764995420528e+01 -5.351550365781763929e+01
-1.918902016026083146e+01 6.026072686542003964e+01
-1.001384839754124378e+01 4.848509051938521885e+00
2.465808791814877665e+01 -6.051659232815251954e+01
9.537533425688959454e+00 -8.560237809557279531e-01
4.099635208855836055e+01 2.659070930681384581e+01
-3.262419727553261595e+01 3.196147507558288581e+01
-1.632759313484454111e+01 -5.087044497734631676e+01
-4.425435791406855657e+01 -3.805740347324513806e+01
-2.673459534808372595e+01 4.695241602594858676e+01
-5.234378189018419114e+00 1.370514119969022815e+01
-4.073691938369160681e+01 -4.622316307526097034e+01
-1.683519161326638169e+01 4.131518513955350613e+01
4.304400908909298806e+01 2.096995762055014367e+01
-1.647396998458426864e+01 -5.235269656757418488e+01
-4.133435987369793452e+00 -2.494484049871647358e+01
2.510554063946114578e+00 5.737114014338975920e+01
2.422001921917822287e+01 -4.606369867904494697e+01
3.805239592404658566e+01 2.325667962386000198e+01
3.125880961295496618e+01 4.235468583742458293e+01
1.168310528255712022e+01 -6.501863977112014936e+01
-2.777464146161298331e+01 -5.698179435969264972e+01
3.521067164345679856e+01 1.646778845419445503e+01
-2.698983448858024659e+01 -5.921778239146804168e+01
4.618441009175241874e+01 3.143876654266798631e+00
-9.273574011009719342e+00 4.112288286783474689e+00
-5.241537420417745174e+00 1.431748108502127081e+01
2.483622461958623617e+01 -4.309182084130237200e+01
-4.188747146676304567e+01 4.494750583708177061e+01
-6.988256628418445082e+00 1.313353329543105730e+01
4.507072403166162644e+01 1.503940961293223966e+00
2.618358027903894580e+01 5.205948116587804719e+01
-2.760469053849607235e+01 -5.883613407820099894e+01
-2.600037205362234971e+01 -6.003973816229355975e+01
2.683407538898609701e+01 -4.067106946531274048e+01
-1.510420187084517174e+01 -2.886201306047868620e+00
-2.657209505669780114e+01 5.082769577851117049e+01
9.633301043214112624e+00 -1.642224014348004957e+01
-5.218284706095019487e+01 4.433262802457941376e+01
-3.096539522165425495e+00 -3.312110551620600063e+01
3.395756312459307225e+01 3.159876376722597513e+01
1.909644587316604358e+01 -3.922445914778130316e+01
-2.132426590568689306e+01 -4.348728364038331407e+00
3.235861084467469340e+01 -4.000094928896569257e+01
-1.721752188063034339e+01 -4.848578798639191945e+01
-3.153956771718945618e+01 4.926804335282687930e+01
5.076655663727925827e+01 -5.450416574243745771e+01
4.252961103518437369e+01 -1.977494294790166807e+00
5.203258105894327024e+00 1.968554294649082692e+01
-2.343085221655897499e+01 -7.452831150146018935e+00
-1.767910025991048073e+01 -3.547256222074891951e+01
-1.632445895721970075e+01 -4.964428176859910025e+01
-2.481218935525198432e+01 5.344175239441120340e+01
5.347048331108566543e+01 -5.017424990356672510e+01
-1.716935129694245177e+01 -2.584571432665588020e+01
-9.732081433612402854e-01 1.096301375422762625e+01
3.558914268312591389e+01 3.407798425262641473e+01
4.338990857063098616e+01 2.728280172343121279e+01
-3.321736241747489515e+01 5.570096240710117286e+01
-2.612202493502950063e+01 5.275897703715357068e+01
3.903046388884234830e+01 2.381741380790488805e+01
-2.508024513382253673e+01 -5.448985195763006573e+01
-1.973483088005961861e+01 -4.892863596133160797e+01
-2.501975119226087330e+01 5.195208849913595373e+01
-1.337668801421721376e+01 -4.957817963669524630e+01
3.472492618403860831e+01 4.361089905004605249e+00
3.156502978016938954e+01 -5.263786518455849972e+01
-5.566732678455521466e+01 4.234907661978829907e+01
3.706943334591127837e+01 -3.848043958942410825e+01
-4.379076036105990966e+01 -4.112862955116877828e+01
2.928012621148922534e+01 -5.198689646244835671e+01
-2.550899737213176621e+01 -3.395387945826853215e+00
3.840416165623928890e+01 3.815070672336393898e+01
4.428103332370913847e+01 1.612268762037472314e+01
-3.936304459654172661e+01 5.050157732520225551e+01
2.387452453598639579e+01 4.411498280379652925e+01
-2.243380956337391652e+01 -5.831475281769542107e+00
-3.103259444370221054e+00 1.377879302237335502e+01
2.363683307805298739e+01 -4.132874115035782836e+01
-1.487469574342765810e+01 -4.935122096303162920e+01
-2.420873706009438209e+01 -5.106183000511895109e+00
-1.264518151689378200e+01 -4.955517382505347257e+01
-2.604812935953917119e+01 5.426533006361780309e+01
-2.096132741430914592e+01 -3.508751221020728650e+01
-2.235858358873601048e+01 -3.918260228481674101e+00
-1.855092362270324102e+01 -4.976355957566789101e+01
2.455180056404549660e+01 4.467115064748863063e+01
-2.249154362622558878e+01 -6.952420899498611639e+00
2.562993387981700266e+01 4.433925412991899861e+01
-3.169354242899864005e+01 3.570506337390637697e+01
2.608531990199931272e+01 4.268963967112144076e+01
4.647641404314204294e+01 1.182173240523506808e+00
2.705162242412036733e+01 -5.247097995006398463e+01
4.972987074084759485e+01 1.599936327098139799e+01
-2.918205548597519083e+01 5.187363209265436836e+01
-3.491605898409422792e+01 4.088857690758096908e+01
-2.353679444063841686e+01 -4.147833801284612321e+00
6.427203768345399304e+00 -2.097706019908985642e+00
-1.872001219454719134e+01 5.336444186153160985e+01
-4.767413396911729961e+01 4.895980778981076043e+01
-2.248588008270628791e+01 -1.200250107265285360e+00
4.120944833258594286e+01 9.247015983414520690e+00
-2.321970530311973491e+01 -2.837043985018722125e+00
5.272967739424567313e+00 -9.038375992986429353e+00
-2.096734935164259639e+01 7.125779548676367536e-01
-4.173667011627978951e+01 -4.415951696348319189e+01
1.860382043630084681e+01 4.999854216879896285e+01
4.761530197880608029e+01 1.004421638705175468e+01
1.583627609834227634e+01 -1.464143007085177528e+00
-1.938877656364583757e+01 -4.981389713438177580e+01
4.188083782403828792e+01 -6.959099282725658142e-01
3.710698919271160889e+01 2.196628853837071205e+01
8.498418744838980743e+00 2.376480916977282920e+00
-2.501612376909362467e+01 4.100053405283897945e+01
-2.189993960757306724e+01 5.368762098295444929e+01
2.802179797727558963e+01 4.076438232092223046e+01
3.052710687134685585e+01 -5.620627552776848290e+01
-2.656255864407902845e+00 -7.150083482377853628e+00
-1.518979929635496084e+01 -4.646868781816078098e+01
4.209904515733554575e+01 -5.412004935901399705e+01
-4.215596949677345151e+01 4.117760429086179386e+01
-3.141394770758793697e+01 4.617403336576861506e+01
1.985385556366016502e+01 5.176757934422688834e+01
4.589760968115458439e+01 -3.421155258839888802e+00
1.883620083185146044e+01 5.092888382583250007e+01
-1.271302566670206069e+01 -3.375070256433902927e+01
3.359600803566161886e+01 -6.346639081635779434e+01
3.153517598629906260e+01 4.543641318040199195e+01
-3.644076436638616201e+01 5.580166532190300899e+01
3.759417276946866338e+01 -5.501779232853977675e+01
4.132559737727380167e+01 3.487980729085801812e+01
3.912652356923091190e+01 5.276649446056871362e+00
2.116927653540865251e+01 3.899715886016728472e+00
2.103840400494656748e+01 5.417668650031268385e+01
-1.006539739510293252e+01 2.009131350037435837e+01
-3.085924235468344889e+01 -4.272171043461663764e+00
-3.123631684903952177e+01 -4.568371827944216079e+01
4.737520832014477179e+01 1.094119241770300732e+01
-4.483104562759777423e+01 -4.243160902288188652e+01
1.199335564400118948e+01 5.931656146969717014e+01
-3.172201720551872128e+01 -2.481965543733974044e+00
-2.118038828315244615e+01 -4.168710513804754214e+01
3.806050815892143646e+01 3.639965101194070485e+01
-2.692109370592264028e+01 -1.904699701105415643e+00
4.511665153434193343e+01 -5.386751542283934668e+01
-1.220199466237856178e+01 6.309912058847632466e+01
1.077122802872813168e+01 5.882777236722706959e+01
1.256765986185976480e+01 5.778944354040250886e+01
3.843913803157193598e+01 3.703241130822997462e+01
-3.331010977866406364e+01 -3.305120172932546296e+01
-1.865733461925508507e+01 5.845257818311855402e+01
2.032984116739105218e+01 -4.452174168941531462e+01
-2.219221017521122974e+01 -2.782559189344055994e+01
-7.641256389376112068e+00 -9.271068445629586208e+00
-2.023275620195249402e+01 -5.678515334991401176e+01
-3.018392284609197418e+01 -5.830408107132225126e+00
2.301804669940062098e+01 5.339576923826897570e+01
-3.134992218988094592e+01 -5.787659885783284608e+00
2.903501183152868137e+01 2.350695763338820043e+01
-2.124773716186821204e+00 1.785539468325710999e+01
-1.140002134206170581e+01 -5.426588458705879248e+01
-3.130280202809812096e+01 -6.436873411349308682e+00
-3.428783946864382415e+01 4.938639010010768260e+01
-3.173713901519003677e+00 -4.464621147451805605e+00
-1.324814320542487600e+01 5.834593470823786276e+01
-4.093771961230406653e+00 7.626195188479088394e+00
-3.091328197525609767e+01 -3.473729841931220363e+01
-3.402002026595119588e+01 3.365783037015216195e+01
-1.311852029480207804e+01 -5.311379780625464520e+01
2.508284716995943597e+01 -3.805093903070661554e+01
6.419536115403929877e-01 -4.125622661720965034e+00
-1.551142462844482495e+01 6.483700546047644764e+01
-2.246537399402576440e+01 3.907800363018971268e+01
-3.424200975328996321e+01 -6.600732215370674894e+00
1.594206558338250801e+01 5.586473303306752314e+01
4.525150588164198950e+01 -4.830164661746978538e+01
1.473526375214383854e+01 -5.858330216246098132e+01
3.889579731518221450e+01 2.517422323829460495e+01
-5.374075483663813202e+01 3.867015425187766908e+01
2.638419453491233924e+01 5.046026764902993023e+01
-4.360850755404651835e+01 4.281659499039410832e+01
4.361451506274897127e+01 6.311776943237092929e+00
-3.160767623932666481e+01 -2.945746616340305657e+00
-2.877187502523189622e+01 -5.961076177205145399e+01
1.878307549095645967e+01 -6.078868291334119078e+01
4.328731865887911567e+01 4.319690523111210823e+00
2.378056782870459074e+01 -5.735964337278538494e+01
-1.973556933472738351e+01 -3.207082174360442295e+00
-2.010387243186386641e+01 -4.299126234535923885e+01
-1.085657650540895069e+01 6.276091788527449467e+01
3.854512224488773597e+01 3.225332733819001163e+01
7.229816563900113735e+00 1.714061051142885006e+01
-1.447272923382324450e+01 6.286674791439706667e+01
1.891646957245245986e+01 -4.569790101795921800e+01
-3.318313856269961093e+01 -5.244843753447148593e+00
-2.069522016085931071e+01 -5.807388350787391573e+01
6.419772163147614563e+00 5.786094308464090119e+01
2.845959973039263602e+01 -4.372119876351609236e+01
-1.365324186609104018e+01 6.396797592435817847e+01
-1.439149313734883862e+00 1.070078067273218636e+01
1.792977628620244346e+01 -4.245403253992562753e+01
1.331362273777333094e+01 -5.801172710897003526e+01
2.235663513498136723e+01 -5.824230668111034248e+01
4.642664469203797495e+01 -4.694294789794406597e+01
2.668210507300660339e+01 4.789499401607860563e+01
-2.926857266805451729e+01 -1.937241544267310545e+00
2.088852066559206122e+01 3.900057072813731374e+00
-1.988472124224286475e+01 -3.949013320221519052e+01
-2.607412358050897438e+01 6.743693326656475051e+01
4.427216868098898317e+01 1.337008763241640175e+01
-2.139414927580889625e+01 5.693722449207763958e+01
-4.024048958916978336e+01 3.600897445907246208e+01
-2.942446030606713947e+00 -6.024929550167971826e+00
2.206503888777208644e+01 -5.737267592283004802e+01
-1.480813845369046788e+01 1.301029804523348510e+01
-1.489309354626190718e+01 -4.742268421943588663e+01
7.194857781677557185e+00 -1.283625473924479721e+01
-2.519310099954946480e+01 6.731748704275298678e+01
2.071631586450313733e+01 4.259171999778632056e+01
-2.123586537077567016e+01 5.613181968852379811e+01
3.578251191883793325e+01 -3.753976370504390303e+01
-5.174733330874339998e+01 3.745773587974178298e+01
4.148212288622982413e+01 1.224653885466064196e+01
1.432550529118751292e+01 -5.340837625656250509e+01
-2.805173130420715566e+01 -3.047533745297005936e+00
1.059595539717476598e+01 -1.259971699280634683e+00
-1.272093479710753883e+01 -4.758554351908097857e+01
-2.448281485907548927e+01 6.762246894706349565e+01
-1.248234123093102887e+01 -4.682894002742916939e+01
-1.881446076446477633e+01 6.884949011652656736e+01
2.347659208053305235e+01 -6.174452076767988018e+01
3.614601968304161517e+01 3.762488834137978966e+00
-4.000532940587059727e+01 -4.543788138729541970e+01
1.739788470933265430e+01 4.101459093726832350e+01
-2.121859212496396196e+01 -8.281500846938437022e+00
1.698917232302796521e+01 4.980848318165814703e+01
2.326185552953781155e+01 -6.122122624659133550e+01
1.585173489216206377e+01 4.945160793916163300e+01
-1.429711790555930762e+01 -4.128599986626104368e+01
4.287064936400228987e+01 -5.868981064765547018e+01
-4.964695474429030497e+01 3.652706522924116683e+01
-1.439792322248923995e+01 1.393041903410336424e+01
3.761039657392460356e+01 -2.073459600849524076e+00
1.809759486743333667e+01 4.220309309210902171e+01
-1.201342962996172581e+01 -4.579015288287673968e+01
-1.348656684091959335e+01 1.210164612851998100e+01
1.655442497665629986e+01 -6.295158455345647042e+01
-5.587458879423837743e+01 4.650894807910609074e+01
9.261908800211497095e+00 -6.445366318531381644e+00
1.859505860568743074e+01 4.135701130255038294e+01
-2.547298811779704053e+01 5.041085430563901326e+01
3.884353849093634636e+01 2.055296547139738905e+01
-3.636661491051512485e+01 -3.685726023645912619e+01
-4.533850116514382478e+01 4.055462820930615919e+01
1.120196983488043863e+01 -6.505475381792197709e+01
-2.544137142355904757e+01 6.454480475802971284e+01
-5.512683959066222172e+01 3.851837383048489016e+01
-1.116223966357014774e+01 2.135577958628125472e+01
-2.509430351772890333e+01 6.647170757917986350e+01
-3.141036476208087080e+01 -3.611917128283027978e+01
2.000314852915656871e+01 -6.196026813703281277e+01
2.339779991508895662e+01 -5.453721712967097801e+01
-1.325983510987506087e+01 -4.596604022449184868e+01
1.653146273712822278e+01 -5.706889016353216704e+01
1.997968871899924181e+01 4.923354754082986062e+01
4.570087961891073292e+01 -4.795064221693334616e+01
-2.430717929964875879e+01 -3.784065704343634451e+01
-4.276378941366981934e+01 -4.794581597062734346e+01
-3.972667876549932942e+01 4.924701584893296058e+01
-3.312627928153715828e+01 -3.336781299165931358e+01
-5.319642195021403097e+01 4.556295220803234969e+01
1.696912252775934959e+01 -6.387963947627293493e+01
-2.803562083017885342e+01 -4.152825555540161417e+01
2.008588815851010878e+01 5.038476319061420838e+01
-2.043765657080965070e+01 4.131716663688391833e+01
-2.020186552970101701e+01 6.408650308736818602e+01
-1.893046649812733762e+01 6.727161356806425374e+01
1.583693874168279869e+01 5.481972678826054590e+01
-2.945644054757918084e+01 -7.325268837642514796e+00
-4.285638507488849314e+01 4.544005309982200203e+01
1.728257943839626520e+01 4.875797908062339303e+01
-4.918091355752898863e+01 4.239302352607136726e+01
2.057357614532642387e+01 -5.697420322185909924e+01
-1.501763614126228852e+01 6.430103225030488545e+01
9.657200205167436380e+00 -1.026910769041853477e+01
2.108875982865581378e+01 5.579336892435450324e+01
1.293669866519484835e+01 -5.448172178096208995e+01
-2.016031636525060833e+01 5.324378830726833201e+01
-2.959469472109583776e+00 -3.430088225068593744e+01
1.679521317974717931e+01 5.641204222890505093e+01
2.229648151320978045e+01 -4.064917669589887339e+01
1.540027835432731074e+01 4.759285316046052117e+01
1.930338396855042404e+01 5.409116323349463329e+01
1.624483908508155139e+01 -5.949543201990893948e+01
4.354584113954269142e+00 2.061512977970047089e+01
-1.856166127064185289e+01 6.743041777147450944e+01
-2.105151919987414644e+01 -4.021093684905691390e+01
4.827974743341828656e+01 9.086714548715056905e-01
1.416111951912388456e+01 -5.451287671860952599e+01
-1.770251697036674443e+01 6.371665364055419190e+01
-3.508184252489721189e+01 4.796570674989914096e+01
-4.857436751149212029e+01 4.127692382698068485e+01
-2.463860070638407151e+01 6.897874927118412813e+01
2.193892152135544293e+01 -4.087595453900470233e+01
4.927638120387517517e+01 8.662578518259630656e+00
-3.114929586700782949e+01 4.195286589451720261e+01
-3.406629719382729604e+01 -4.107805289632436541e+01
-3.468336842164554668e+01 5.449766251999629674e+01
3.501097787518553162e+01 2.885394574331848716e+01
1.425740228808524712e+01 -6.102708844525356113e+01
2.267796632701745807e+01 5.588225186536443090e+01
1.468241767786373764e+01 -6.075479833223146642e+01
-1.447027846658299310e+01 7.582696098087509995e+00
3.403973254298366413e+01 4.871371633982668214e+01
-2.392745086211701988e+01 1.646973541245434713e+00
3.542891352569988328e+01 2.546160469935088955e+01
2.587548712466452727e+01 -6.434622562419265535e+01
-2.597923105869542582e+01 2.900153976822036839e+01
2.186943015846106064e+01 5.057876232800608562e+01
-2.475871952327183223e+01 2.912006826669156556e+00
-3.754668784264563186e+00 -5.038604906221877400e+01
1.261554079613231671e+01 -8.938916176647611067e+00
4.158041880939200752e+01 1.745380297689044724e+01
3.945474043246850471e+01 3.675285120645100534e+01
-3.700661624198261279e+01 -3.618469329670323020e+01
1.259263105052292175e+01 5.675016747080624668e+01
-1.440687934138196447e+01 6.038571225456752956e+01
2.500751081003607723e+01 -3.872300464274997722e+01
4.318673586420953114e+01 -5.587680942419366659e+01
3.267655180343226817e+01 3.529451180949003941e+01
3.570769476180805668e+01 4.197711012741540060e+01
3.896648560232588210e+01 1.424705658778860418e+01
2.218092846670933582e+01 5.439056050425512012e+01
2.533602634610813453e+01 -6.308461033061815471e+01
3.261115039557058282e+01 4.708900101412506700e+01
-1.463541574431878622e+01 2.431074940356799718e+00
-1.032155519023345036e+01 -3.825735848774730385e+01
-2.983461712641983965e+01 3.883630775745334773e+01
-1.220665544363417432e+01 6.077392250902649096e+01
4.524867865956896651e+01 -5.842359549604252322e+01
2.096697586299185190e+01 -5.878859991054392253e+01
-3.026772846239065018e+01 3.633430982308168922e+01
1.757398385244605166e+01 5.354829849417181720e+01
-3.493801289378187125e+00 -5.059453977635951105e+01
-1.787426714261853622e+00 -5.089552867375783762e+01
2.740966668917685922e+01 -3.939468151175960031e+01
-3.864431546658839522e+01 -4.097509631981057510e+01
1.979528897557672096e+01 5.636599905655607756e+01
4.307121022138736066e+01 2.674425134920609182e+01
-7.512007196702752410e+00 -6.602307532842607678e-03
1.685662950275524707e+01 -5.561051609684159303e+01
-7.905080427659738618e+00 1.266381844290957481e+01
1.167865004627032199e+01 -9.241678921386482060e+00
-3.922154784848236631e+01 -3.693549586685191599e+01
-2.820584706201535141e+01 -5.046341085214746869e+01
3.222911144129438554e+01 2.445021438933268954e+01
3.280170166940274612e+01 7.481357369008542868e+00
-3.779944328447852087e+01 -3.470799870643460139e+01
-2.823165169845384170e+01 -5.047992453677708369e+01
2.899504858888782621e+01 -4.099876937704097202e+01
1.768748985716440103e+01 5.740170173627669925e+01
-5.705015186920303449e+01 4.160056046028986287e+01
-1.345397627658979722e+01 6.123434514307915322e+01
-3.699065147993922409e+01 3.549668754737602683e+01
-2.545732969636940268e+01 4.184086119231805512e+00
1.931384411053434746e+01 -3.963265616051405260e+01
-1.373189961103095236e+01 5.965160587149863858e+01
-4.602087886382778237e+01 4.349483474436043906e+01
3.208314273335386702e+01 2.612808168324945512e+01
-1.877162596487681867e+01 -1.464179868253300487e+00
-4.339494871113084429e+01 5.402297244246090457e+01
-2.524603036515565790e+01 -3.059722529387144974e+01
1.835102676152317258e+01 -5.232522389957928510e+01
-1.664413099407456542e+01 4.629312363801169994e+01
2.087205301632491583e+01 3.960240808236716958e+01
-1.292049774019101704e+01 5.434332201933783857e+00
-4.608530326700010171e+00 -4.041622437187662342e+01
5.386752015945585725e+00 1.866456335929655763e+00
4.160014352125342185e+01 2.849188650821737223e+00
3.350320714364459462e+01 3.372310173779147391e+01
-3.917522640669736234e+01 3.642017542266163588e+01
-2.464878941513987343e+00 -3.583894376217754996e+01
-2.966004156078704668e+01 5.632626937295698610e+01
1.945957555597305699e+01 -5.338989125003833180e+01
2.388176513206615326e+01 4.019946188704788881e+01
-4.316302254517117376e+01 3.881772742733362236e+01
-1.162277150930999525e+01 1.595928177958534988e+01
-2.444018400656317169e+01 6.421875759503903680e+01
-2.568831388097770940e+01 2.856506386698996991e+01
-3.837572497081301037e+01 -4.725035268666469790e+01
-2.680230339461736477e+01 3.074173632338824547e+01
-4.741118688754209387e+00 -3.920430104591064691e+01
-1.942806788330145196e+01 -2.855541873388326124e+01
4.580359119516265309e+01 1.365491801951741202e+01
-2.854417632453306375e+00 -3.868956818083810134e+01
4.378567224411889924e+01 1.709613921093265532e+01
2.853400252804553361e+01 2.557891136732076376e+01
-1.972041067026981409e+01 4.857853501504494176e+01
8.451968497962628390e+00 8.948642478161291658e-01
-3.954538808489207469e+01 5.787074666889981955e+01
-1.040122633430524779e+01 1.565324806344286657e+01
4.071966226093093866e+01 1.571078006787325521e+01
-3.269686695914408148e+01 5.900513194715735210e+01
-4.358795422090224747e+01 4.884996834630747742e+01
2.195986537415267392e+01 3.248423486767966750e+01
-3.166342292608586106e+01 5.894254871456751488e+01
-1.043157135172387662e+01 5.034408957411636187e+00
-1.180347952068263373e+00 -6.639675262987871918e+00
1.756538774867321351e+01 -4.379510577811274175e+01
-3.137599802056551468e+01 6.182337891031659183e+01
-3.151035795722981803e+01 6.118024481328584585e+01
-3.049010155288644341e+01 6.044374064980868155e+01
2.352924224294552147e+01 3.517200068929242462e+01
-2.126028299779832409e+01 5.087251560678188866e+01
2.263989519234130299e+01 3.263851709062285522e+01
-4.647107555883464869e+01 -4.218259594843927118e+01
-5.774095046290130817e+00 -4.310008157240471860e+01
-1.508831449804460689e+01 1.322365590416704961e+01
-7.346394015932601329e-01 -1.651958468519397272e+01
1.853990497850553609e+01 -4.919261312979534750e+01
-4.592917648494108818e+01 4.399186874691703508e+01
3.892516823248111990e+01 -4.543945475058639261e+01
-1.895087159634045904e+01 -3.786397581389942246e+01
-4.440817703944795802e+00 -3.819017297144119283e+01
-3.929649057220790720e+00 -3.741004716030693800e+01
3.308181222376461506e+01 3.854814178757612808e+01
1.126220133107217869e+01 -7.921813389168003816e+00
2.139406553328847949e+01 3.683375085017145523e+01
-4.570704197516546685e+01 -3.725274254772933347e+01
2.711985193600214217e+01 3.793753055227185200e+01
1.694914484932847287e+01 -4.993286825150634911e+01
-4.935450967602674766e+00 -4.086277619549577622e+01
4.601540510734307787e+01 9.715276559969810322e+00
1.704191357428007336e+01 -5.183191108275386938e+01
-1.261244475249685237e+01 1.536672170469891618e+01
3.745435765352885937e+01 -6.418256307186132403e+01
3.048294261881321532e+01 -5.705161943568958804e+01
3.651211669913449498e+01 -4.825404340129501435e+01
2.154188378330707820e+01 3.596003063296811320e+01
2.887054740571376854e+01 -5.648191444106036130e+01
3.308677800520236190e+01 -4.878848816294581070e+01
-2.983339987419653738e+01 5.730215120993663191e+01
-2.273444062546808642e+00 1.709588380044317546e+01
2.361036803591190392e+01 3.126047072664993820e+01
1.593540745205607756e+01 -4.831122095874056299e+01
-4.102217527607619019e+01 -3.850787773213227894e+01
-2.995515341212048455e+01 5.566086599107226363e+01
-5.551655076083356022e+01 3.920768953993940187e+01
-1.924819992773922683e+00 -1.103715854390709161e+01
3.956503284536461251e+01 -4.819521656769521911e+01
1.551435546249126674e+01 -4.844459511700158316e+01
7.272844059808018180e+00 1.710066283935079312e+01
3.916480393897626300e+01 1.126673399344567805e+01
4.448812165795990481e+00 1.682895905831565564e+00
2.110495979450529447e+01 -6.322793640501365076e+01
-2.685170754555108275e+01 -9.263117323195906305e-01
-4.154412423154499834e+01 4.847202040187894312e+01
-2.370303350065447745e+01 -3.946294442626464871e+01
9.395320889946888743e-01 5.805160310650015987e+01
-4.511650640751783925e+01 -4.011840643302075193e+01
-3.529697401640854082e+01 -5.279985931938563937e+01
-3.168764087452108313e+01 -3.753457890806938479e+01
-5.554374643493467545e+01 4.348135337059338923e+01
4.998577192704289351e-01 -4.507902655380953583e+00
-3.875890522459270926e+01 3.798328421177691183e+01
-3.035792031851003969e+01 3.668644723071206926e+00
-5.704108400309824134e+01 4.535633310196732992e+01
3.972942908890821201e+01 1.023735286928218002e+01
4.502259442485946295e+01 -9.786913619978045986e-01
2.588791546194282844e+01 -3.703961753563149983e+01
-5.475681243054059166e+01 4.088958227415682245e+01
3.391669465838688780e+01 4.684213387809246854e+01
-1.655781642537290210e+01 -5.468889668238432478e+01
-3.651431887574662483e+01 -3.882854467749027094e+01
2.177554924007383264e+01 -6.090999312540806443e+01
1.323278791739740434e+01 4.993459931401329754e+01
-4.164970838324625646e+01 -4.128982363151187229e+01
5.184053990310036220e+00 5.678246846574169382e+01
-1.735377899223942677e+01 -7.407748109006988990e+00
2.361049014964257964e+01 5.588168812693734822e+01
-2.229752345899629162e+01 -2.809124532771592087e+01
2.193780860717742343e+01 -6.579776829381306413e+01
3.641072536317646069e+01 1.377540602406661385e+01
2.785389450911175757e+01 -5.584673524315920190e+01
2.588356445083577029e+01 4.784586938302671655e+01
-3.283452113431907549e+01 3.447869081422535231e+01
-4.371980518676482319e+01 4.106156655588206661e+01
4.947429803888397259e+00 -1.341935072198532630e+01
8.027180845979557944e-01 5.662277230305313225e+01
1.943473033675572381e+01 -6.291099454049420103e+01
3.294806420198780472e+01 4.805766075991517994e+01
-1.023982557760359491e+01 -5.222007257694136939e+01
-1.879464966352309574e+01 1.627959809191595042e+01
-1.662714744432843617e+01 -5.379296923596406543e+01
1.059255071979700169e+01 5.643966277420874889e+01
-2.990223300827253183e+01 3.162963778782084567e+00
6.933199727382945987e-01 5.716276516216917969e+01
-4.419749757298272641e+01 4.517170737275948511e+01
4.386271253539347725e+01 3.285083103776735403e+00
-2.774432812512289459e+01 2.737574604845209425e+00
-4.773703277572512782e+00 -2.541585076407594812e+01
-1.027153327827579865e+01 -4.765581843031095843e+01
3.460310105260187186e+01 5.902119429201483136e+00
-1.258245538753933879e+01 -4.054013189762275715e+01
-3.051054739381214986e+01 1.398087633294619492e+00
-2.981272718505265829e+01 1.944051362389798587e+00
-3.281222409004833196e+01 -4.793614163640996395e+01
-2.709634634969669165e+01 3.116826837964287833e+01
2.019083159180831899e+01 -6.453851259912441662e+01
1.554564631197550106e+01 -4.032004805876533204e+00
-1.886518333828243854e+01 1.633162489725428301e+01
2.383729675569653139e+01 4.641815861055173542e+01
-4.204463465134538325e+01 3.172831901181866954e+01
-2.006717884964460552e+01 -6.058413533877558876e+00
-4.162025976976138253e+01 -3.618892269035583809e+01
4.552350624135515744e+01 -5.733309615812346749e+01
-2.477736832627572028e+01 -3.047822087472805563e+01
-1.404637356966827610e+01 -5.230567329052571779e+01
2.170993798309770995e+01 -3.640685988916688132e+01
-1.576028777021262428e+01 -4.821976258248567859e+01
2.889283096975112386e+01 -4.382523577363839706e+01
3.645596902906293479e+01 2.463298462443252035e+01
9.805748343567865177e+00 -5.260601084564468621e+00
-1.621476863803415824e+01 -3.758453596713158618e+01
-3.323489360784166280e+01 4.600832404796479125e+01
-1.911744213140928395e+01 -4.512400740206595096e+00
3.297353276369997133e+01 -6.516168073643548553e+01
3.470106850763389872e+01 -4.568893521208104858e+01
3.352307909718738443e+01 4.466956455007557736e+01
7.293745458757909361e+00 9.443128839841337108e-01
-4.063936502679735696e+01 4.730553689074103829e+01
-3.360202087119240844e+01 4.642190925826054126e+01
-3.018149644669086484e+01 -4.028787261973336342e+01
4.079947729957122959e+01 1.287896608545255717e+01
-4.207295128018115804e+01 -3.572795358745412386e+01
3.866949445975095756e+01 -4.641356428038312032e+01
-4.633653743590856777e+01 4.644459155133815642e+01
3.878515321732742649e+01 3.507179847994780175e+01
7.036748231991353464e+00 -2.442668170116716608e-01
-1.555408745572098894e+01 -3.780651261400735308e+01
-3.470552925635722374e+01 4.995097010912102320e+01
4.895917859309872000e+01 1.062038638580060201e+01
3.884679562515921702e+01 2.920798385800407715e+01
8.996065216575573231e+00 -1.616326906765382532e+01
-3.294119712101686748e+00 2.860851489987976848e+01
-2.940310883944717801e+01 4.459619854898978986e+01
3.732492363599190810e+01 -5.521159753045994023e+01
-2.867376127044432366e+01 4.505280686128076439e+01
-2.727655115154972876e+01 -4.538244853871152884e+01
-5.262424501585111614e+01 3.970379925982328473e+01
4.398979513890127180e+01 -3.491348061864559149e+00
3.429950850423342246e+01 -5.861953723483075862e+01
-1.703256793337415331e+01 -5.930253830591892594e+00
3.392634132252976542e+01 4.297814655810892503e+01
3.320888333909166334e+01 4.323603483403564951e+01
3.414766908254075162e+01 -4.236297022385697630e+01
-3.975901051715389656e+01 5.507278616408046901e+01
-4.067739979581612175e+01 4.048213705548423036e+01
-2.850661025948201655e+01 4.825351102117573276e+01
4.381995052991459261e+01 2.587496796196788185e-01
4.145939351064865974e+01 3.388718441211450028e+01
-3.904328191798683889e+01 -4.513584711099844782e+01
3.874993664712137331e+01 3.113815003364747369e+01
4.527047649393082196e+01 1.471077427797542114e+01
3.337387718448320584e+01 8.750003166277185329e+00
-2.771415496918014298e+01 4.329565714124787945e+01
3.118641297320761652e+01 -5.029496853459982475e+01
4.258971857486726265e+01 1.945316362745401317e+00
1.002334069024776575e+01 -2.594450570182075033e+00
2.547545573457598778e+01 -4.992069208928990065e+01
-1.695665072969679699e+01 -4.169000050963530768e+00
4.932612845423153658e+01 1.208987269084014038e+01
3.802409072627707332e+01 3.381863663271582965e+01
-2.542290781923399123e+01 -2.901087290286622888e+01
-2.347350129044373190e+01 -4.781127051170820863e+01
3.831960187362070513e+01 -4.989319501218766106e+01
-2.856880880952714463e+01 -8.282395790659885293e+00
9.262141110447409176e+00 -3.864095123333851411e+00
4.034819605055653824e+01 -5.264731279821645415e+01
3.493618364152635536e+01 2.988401405790951060e+01
3.376247570803353248e+00 -1.330235006786555552e+01
-2.070375735139893081e+01 -3.355614704863467068e+01
8.590223487586019502e+00 -1.441669644919432614e+01
-4.950802580286461030e+00 8.204975535596044978e+00
8.439110159145663204e+00 -1.356166915156238595e+01
-3.860589040317293552e+01 -4.779248291144228489e+01
-2.063361643290200220e+01 5.251628287003880047e+01
-4.453168340745607878e+01 4.719366987422228021e+01
-2.519044856088672191e+01 4.424367254677559202e+01
-7.236582511474913382e+00 -7.920172356688866877e+00
-1.952589626730064154e+01 5.206445003276645878e+01
4.317673770704652014e+01 -5.696373849888943397e+01
4.403856558935128618e+01 -5.621511899530225520e+01
-3.177966002546338586e+01 -2.605739416987027468e+01
4.896205896810243985e+01 2.399477238326470196e+00
3.607060879618087057e+01 3.598548245320137795e+01
-1.692704948057179948e+01 -4.713299267082719979e+01
3.180570240531492487e+01 -3.833722734970959323e+01
3.390392269207910658e+01 -6.177894811460241442e+01
4.668789766766241911e+01 -5.534754294234880945e+01
-1.560649158876799625e+01 -4.487795482429612548e+01
-4.254335153885844711e+00 -2.656613420230820921e+00
-1.626854334035412109e+01 -4.473678025638125177e+01
-3.842168462680219676e+01 -4.566566443127567254e+01
-1.708336550296465361e+01 7.831412069573636892e+00
-1.708471873681510900e+01 5.264204925061090279e+01
3.409126466847757797e+01 -6.450979254575905486e+01
4.057760024054934433e+01 9.104931815082579760e+00
2.189245729833866783e+00 -1.447707701445627748e+01
-3.784051735947199546e+01 5.629504309638281967e+01
3.536901824555506835e+01 -5.747236399396267359e+01
-1.927607514679747069e+01 -4.637462555671238107e+01
3.036813338886755531e+01 -4.946148978700413323e+01
4.387103107057346563e+01 1.653624086670556492e+00
2.918817643274891438e+01 2.534369613871656668e+01
-5.189672097273305695e+01 3.811647989234700162e+01
-3.839195731758383801e+01 3.589013560509474843e+01
-3.289930774090215948e+01 -5.513340731939351258e+01
-4.287858648691287300e+01 5.420429582780003130e+01
-6.857678553826523249e+00 2.036624077048551129e+01
-1.883861285012727294e+01 4.107655634586517124e+01
2.160552583105861046e+01 3.446537651756131027e+01
1.461297796822067774e+01 5.250854943212169701e+01
-7.281649092690031466e+00 1.774461711351439064e+01
-3.408128575160591112e+01 5.962394870072671438e+01
3.814565120425573497e+01 -4.830249026286816161e+01
-2.256258305360654148e+01 -3.270232678879619925e+01
-3.228691486345213235e+01 -4.969356521124446147e+01
5.184748839362547557e+01 -5.152856288295043896e+01
2.592620905065366443e+01 -4.599256868359403683e+01
3.357408006079888452e+01 2.586352019810668068e+01
1.283137120244984075e+01 -2.999963635896382375e+00
-7.663522512957866795e+00 1.935520920431733671e+01
-3.176745905080366228e+01 5.301605433870428641e+01
-3.294909092266770312e+00 2.860259387172191481e+01
6.611589364478723141e+00 2.817036285178306509e-01
-1.465799708320121653e+01 -2.032112638242980385e+00
2.975088411839937308e+01 -5.103576131641723634e+01
9.102517196376203046e+00 -1.340699817604016353e+01
2.617802395389053771e+01 -4.718585024439210684e+01
-1.854012803540722842e+01 -3.249133701873914504e+01
2.378262765049666783e+01 3.864620130007428145e+01
4.107599132607811754e+01 1.929500092483321083e+01
5.371338925359135175e+01 -4.996714151494168021e+01
5.073154802836748800e+00 -8.791609239072366577e+00
-2.063725640638017822e+01 -3.831519818409944378e+01
-4.000041669247898568e+01 4.439645757404818482e+01
-2.525274062155638788e+01 -7.884288302687298078e+00
-2.953071708260837980e+01 -5.796253352934067493e+01
4.415885524444271226e+01 -5.137704701320967615e+01
2.678720284109228800e+01 -4.967486685275190439e+01
2.788360767163381837e+01 -6.093277938302301777e+01
-4.401889344860987308e+01 3.954769725752648668e+01
-1.126411920567887393e+01 -3.944434837368381608e+01
4.135673263539283795e+01 2.023686880882976524e+01
-1.124218691160860750e+01 -5.100776380000526444e+01
-2.041027406315053483e+01 -3.648047458979741009e+01
1.265561903869882182e-02 1.624874990287512944e+01
-7.496143526698734405e+00 -5.673220433798968898e+00
7.834738070418145739e+00 2.828237642687334574e+00
2.173156333409131946e+01 -6.457318635976727705e+01
-3.321372476319369582e+01 -4.707339811302784227e+01
-3.051893344948015141e+01 5.313509295179783720e+01
-6.215223256881039049e+00 -3.893289213821164196e+01
-4.464954907564970377e+00 -2.979843721613204099e+00
-2.947036758221718244e+01 4.000223111201569992e+01
-1.659102380903265228e+01 -3.190517577048667519e+01
-6.580521779217641587e+00 1.806519949958958904e+01
2.416881249319612834e+01 3.440387446493224388e+01
-1.954278658828641113e+01 4.123856202638581436e+01
-4.347497891239919454e+01 -3.721906208029411545e+01
3.033922908137905594e+01 -5.803431662141448300e+01
4.082599265965613000e+01 7.013598270886642005e+00
3.117974983449195392e+01 -5.522282302452969560e+01
-2.721154409098657467e+01 -4.098365598792738496e+01
4.756812963709678144e+01 8.276589617381134190e+00
3.822615747652927354e+01 1.480361739671667642e+01
-3.496196541475601105e+00 9.415994176084794276e+00
-3.867593906290591832e+01 3.917492912075132949e+01
-2.491592428458795538e+01 2.719539641880783165e+01
-5.105421350984927642e+01 4.377958825394537712e+01
2.402236520257106633e+01 3.718130837058132698e+01
4.298466169413325844e+01 -3.692643069162243830e+00
-3.028166010711314016e+01 -3.432827327396493899e+01
2.258124705815165711e+01 4.362499710188161117e+01
-2.071823044937143266e+01 4.949190538872893086e+01
-2.993902916223857957e+01 3.684946528824723799e+01
3.654352151221777945e+01 -5.623842959127787822e+01
-3.608693711666006010e+01 4.654837791411111425e+01
3.629667091189951122e+01 -3.774307195459632425e+01
-5.516685604617915573e+00 -6.933417958243083490e+00
-3.452589241501743800e+01 4.397133656801646140e+01
-2.442283649891162511e+01 6.301962185447450793e+01
-3.295467195671167815e+01 3.332192871965075653e+01
-4.657502768011541860e+01 -3.672865174455921533e+01
-1.948441696411032709e+01 -2.926572193536062017e+01
2.358018456213586589e+01 -5.382285750502992272e+01
3.428486199177208249e+01 -5.226871506478488527e+01
-3.442287309173545751e+00 -1.080742821383848096e+01
3.980348210661525599e+01 3.225401137836261967e+01
-4.779245358733794546e+01 -3.616995532702457439e+01
3.901764145597216071e+01 7.243629011499846726e+00
4.180805345849501720e+01 -5.605997104742177584e+01
3.143418262005993924e+01 -4.474558750518685457e+01
4.191348620617257126e+01 2.813793834663927029e+01
-3.971557943880272834e+00 -1.348730301991029279e+01
-5.254018311284935017e+00 -9.252817906460808928e+00
-3.311139787692633263e+01 5.138753172636224775e+01
-3.477266058858667463e+01 -4.352312059061900129e+01
-3.808125373433059480e+01 5.124353016686630724e+01
2.845128451262696601e+01 -3.960990194193779956e+01
-2.266398977587047625e+01 -3.308594342942824085e+01
2.667839324245887767e+01 -5.319152889216580604e+01
3.635691763388003750e+01 3.698483746488265211e+01
-3.416195900951369424e+01 -4.123134977122301592e+01
-4.441374354194276464e+01 -3.614082001825306634e+01
2.723001584079676363e+01 3.959276848343065325e+01
4.484295466508773131e+01 1.974068905278955199e+01
3.975260141083760601e+01 2.165614552294773532e+01
-4.199125052446415651e+01 -4.748851196062905444e+01
-2.347400379476032484e+01 -3.673813074244883836e+01
3.854262312481216668e+01 2.770609512493700066e+01
3.789703754587226570e+01 1.857669705537612259e+01
-2.960638055715969230e+01 5.085472311077734275e+01
3.508504545227535232e+01 3.211346300065627446e+01
2.592816583767446303e+01 -5.780873040009844743e+01
4.376618400196635861e+01 1.410938195705657705e+01
2.841427024038821259e+01 4.600139350421082440e+01
-1.761689883308905635e+01 5.786538054491256844e+01
-3.080272394481994525e+01 -4.223316144998971566e+01
-2.364648633947032152e+01 -4.638248842243197601e+01
-2.977853152796328828e+01 -4.165327281381796354e+01
1.334026567543043740e+01 -8.849503907312772810e+00
4.849746914520535768e+01 1.651342426557474141e+01
-4.509583421377667989e+00 -1.151104977698993004e+01
-4.136167391558762318e+01 4.330628488157039868e+01
3.585676951900368437e+01 -4.908748418293119187e+01
1.670907399465808751e+01 -4.368559044568723948e+01
4.200730093843516499e+01 -5.099444989946974971e+01
4.010181658772825131e+01 2.320873432057864960e+01
-3.438409045288415911e+01 -5.461345685377582271e+01
-7.837465195082046421e+00 -3.862734452052074552e+00
-2.301761592352002239e+01 4.025272651910997013e+01
-4.395364039538645784e+01 -4.326953352138130526e+01
-1.762759092223750201e+01 4.065944151630153414e+01
-2.361082060785533443e+01 4.618513016811881755e+01
3.184301599115218906e+01 -3.885067164322352085e+01
-2.956431940042060447e+01 4.213739046249191489e+01
-2.350503169627538469e+01 5.144314256511009376e+01
4.180060386093192903e+01 1.068738455057459724e+01
3.771768884568441393e+01 2.052900867729170287e+01
-4.360557731578023066e+01 -4.033565872425251086e+01
-2.621042761933517795e+01 -3.047400037975045350e+01
-2.374845840460259794e+01 -4.266109141830751383e+01
-6.084172328018907727e+00 1.828667189975204366e+01
-5.494229066258699845e+01 4.627403252819886603e+01
-3.765607706308082214e+01 4.118077361590039231e+01
-3.923248939423038451e+01 -4.387947905382353042e+01
3.232884032171533306e+01 -4.524639082816611335e+01
4.185868440748915020e+01 -5.207512394122415600e+01
4.686498051512523233e+01 9.153244737053094937e+00
-3.890252859354925707e+00 9.146471667331791622e+00
-3.157691690028401510e+01 -4.464419167872721061e+01
3.037490483109255379e+01 -4.825856951203022049e+01
-3.248002543880217274e+01 -4.457890386512729464e+01
-2.209325616814957627e+01 4.801189646206378825e+01
2.263842361582303297e+01 -3.774299897459629705e+01
-6.681736646108678457e+00 -2.533620572520876468e+00
-3.743571031019800444e+01 5.069673642232645960e+01
-3.546643419817279863e+01 5.391672505342533128e+01
-2.315995558866902115e+01 4.162789330190292247e+01
4.369267607888142635e+01 -5.274290115175845983e+01
-7.078310390103538019e+00 -3.214468960545558307e+00
4.829920244490241998e+01 3.433735304779228503e+00
4.792996961012642032e+01 1.243648683652669540e+01
-8.240690825088407223e+00 -3.382044029479793323e+00
-2.922424363022831884e+01 5.843595710169982582e-02
4.623135838439983303e+01 1.551738072151033210e-01
4.230728951705803098e+01 9.398035880512312090e+00
-4.776285914581539949e+00 1.065955297150108017e+01
3.942400615524764618e+01 -4.712104985745647667e+01
2.793751374120958531e+01 -4.542924157579357569e+01
3.039252770821024630e+00 -1.362619088854665073e+01
3.317487192005546603e+01 -5.816059829960002503e+01
2.048741793526538402e+01 4.794610264901938734e+01
4.533576291265639924e+01 1.178387531710421854e+01
-2.601648246742815473e+01 -7.335684837950429582e+00
-4.197837979362785177e+01 3.276441745602313205e+01
-2.281680580626941435e+01 -5.737614878979202615e+01
-3.173193793397945228e+01 -2.604343630653655239e+01
3.633039290982211611e+01 -6.423014834784910931e+01
-1.387401247074494526e+00 -6.174683506729136795e+00
1.309389569323981917e+01 5.543401615896458878e+01
3.733596209106804054e+01 2.955788605913472011e+01
-2.224934164121237501e+01 -5.655391236801982302e+01
-4.958379629459438576e+01 4.508148968374177912e+01
-1.912480379051040558e+01 6.270138737714832189e+01
4.693729616179372499e+01 7.503180629285925995e+00
3.462258869868391997e+01 -6.340624717213535178e+01
3.432234507238650423e+01 3.234462469714686961e+01
-2.672151441377361891e+01 -2.444471260225822562e-01
-2.249199171014113219e+01 -5.904565007384331921e+01
-1.489582031804456008e+01 -3.918340134776366224e+00
-4.960930734629917538e+01 3.563427951741597610e+01
-2.562874031431604749e+01 4.333989404490095154e+01
1.919752572509426614e+01 4.839086535544326750e+01
-2.094438943580142976e+01 -2.901073327807341062e+00
2.393089477548945521e+00 -1.646534161210789193e+01
4.136760488307552919e+01 -6.014714269861856621e+01
-1.738627782102133068e+01 7.991379899871668968e+00
-1.741848549946343994e+01 6.266197925852731743e+01
-7.369218711594702320e+00 -3.990848203235466229e+01
1.899086045301674375e+01 3.552186549232991819e+00
1.428483309776041033e+01 5.669384780276802616e+01
-3.531995358592640599e+01 5.210782129201412260e+01
8.019801670273229988e+00 -9.368219558961395910e-01
1.115015183538471355e+01 5.806389325488450481e+01
-5.097055463490973892e+01 3.942131079481811184e+01
-4.775219790059418301e+01 4.413656366286178212e+01
2.177691475021349987e+01 4.688715062701879077e+01
-1.553877773057724276e+01 5.759984523547348800e+01
1.908433571188847111e+01 -5.835743841339669302e+01
-1.704402620123158840e+01 6.013742222975061225e+01
3.462649275739884303e+01 7.736228971177133928e+00
-1.606856230993748724e+01 6.089510216187476743e+01
-1.163038768949749979e+01 1.782351103774191614e+01
-1.795622503191934527e+01 6.161930372139956091e+01
-4.103474237481756148e+01 4.566248346674196767e+01
-9.437510951661140624e+00 -5.947483549543195913e+00
-2.669168286077442076e+01 -4.588128639282453491e+01
-2.513802664900716621e+01 -5.444150459468569125e-02
-3.651898793209763738e+01 4.092388081667147759e+01
1.927397676649387037e+01 4.350530515747190208e+01
-2.104416600101238188e+01 -5.238061685834102832e+01
-4.282911072530844621e+01 3.163040738489803161e+01
-1.653910117804312563e+01 5.823257602276898126e+01
-4.450418993184166538e+01 -3.408492183799027941e+01
-2.375304225928702095e+01 -5.652889289436453168e+01
1.622725887898536712e+01 -2.804702331238827284e+00
3.486396922462112258e+01 -6.439136386800812772e+01
-2.498437003873508644e+01 -5.640918715977156950e+01
3.634133867974886556e+01 -6.191162565852589950e+01
-1.267095432623192686e+01 6.573566161524439622e+01
-4.139104926001070339e+01 3.091524582221537543e+01
1.882403432203892990e+01 -5.722951801478996003e+01
2.175509375362272735e+01 4.901994841106716194e+01
1.555650622807688421e+01 5.058978235001952584e+01
